sLANK,cLANK,pLANK,sLASI,cLASI,pLASI,sLKNE,cLKNE,pLKNE,sLWRA,cLWRA,pLWRA,sRANK,cRANK,pRANK,sRASI,cRASI,pRASI,sRKNE,cRKNE,pRKNE,sRWRA,cRWRA,pRWRA
84.49475860595703,-4.720417499542236,223.3736724853516,96.5021743774414,-141.58047485351562,995.205810546875,105.83465576171876,-238.98114013671875,510.7892761230469,207.10028076171875,-95.3267059326172,846.9512329101562,-145.29202270507812,-58.90826416015625,147.32644653320312,-206.4674530029297,-116.85831451416016,1008.1953735351562,-175.69583129882812,-96.73947143554688,508.2835998535156,-262.6439208984375,-233.6479339599609,884.077880859375
84.99856567382812,-22.299169540405277,214.61566162109372,96.57816314697266,-139.63441467285156,995.5494384765624,104.27666473388672,-243.4848175048828,513.9574584960938,207.30035400390625,-92.05255889892578,847.0172729492188,-145.275146484375,-49.32232666015625,147.38746643066406,-206.21690368652344,-115.04313659667967,1007.6296997070312,-175.80264282226562,-88.30005645751953,508.44439697265625,-260.4625549316406,-237.9950714111328,886.244140625
85.60196685791016,-40.24116897583008,206.29090881347656,96.6850814819336,-137.7517852783203,995.7157592773438,102.7634735107422,-247.41961669921875,516.7031860351562,207.41465759277344,-88.92493438720703,846.9641723632812,-145.2649688720703,-39.73535919189453,147.44674682617188,-205.9352264404297,-113.28971862792967,1006.99462890625,-175.905029296875,-80.08389282226562,508.5634460449219,-258.2413024902344,-242.1209259033203,888.1707763671875
86.3047866821289,-58.54288482666016,198.4025421142578,96.82275390625,-135.93307495117188,995.7052001953124,101.29624938964844,-250.78663635253903,519.0266723632812,207.44337463378903,-85.94377136230469,846.7921142578125,-145.26132202148438,-30.14764976501465,147.50442504882812,-205.6226043701172,-111.59767150878906,1006.2902221679688,-176.00299072265625,-72.09087371826172,508.6408081054688,-255.98028564453125,-246.02545166015625,889.8578491210938
87.10581970214844,-77.19339752197266,190.95925903320312,96.99066925048828,-134.17974853515625,995.5186157226562,99.8780746459961,-253.5891571044922,520.9286499023438,207.38690185546875,-83.1089859008789,846.50146484375,-145.26377868652344,-20.559934616088867,147.56092834472656,-205.2795867919922,-109.96600341796876,1005.516845703125,-176.0966033935547,-64.32067108154297,508.6763916015625,-253.68002319335935,-249.7085723876953,891.3055419921875
88.00149536132812,-96.16895294189452,183.9777984619141,97.1878662109375,-132.4947967529297,995.1580200195312,98.5148696899414,-255.83413696289065,522.41162109375,207.24612426757807,-80.42036437988281,846.0928955078125,-145.27154541015625,-10.97368621826172,147.61703491210938,-204.9073028564453,-108.39303588867188,1004.675048828125,-176.1858673095703,-56.7729606628418,508.6702880859375,-251.341552734375,-253.1701202392578,892.5142822265625
88.98480987548828,-115.42741394042967,177.4838104248047,97.412841796875,-130.8832244873047,994.6267700195312,97.2157745361328,-257.5339660644531,523.4807739257812,207.0225830078125,-77.87763977050781,845.5678100585938,-145.2834014892578,-1.391413927078247,147.67408752441406,-204.50762939453125,-106.87652587890624,1003.7660522460938,-176.2705535888672,-49.44806671142578,508.6226196289063,-248.96669006347656,-256.4097900390625,893.4849853515625
90.04456329345703,-134.90370178222656,171.51084899902344,97.66360473632812,-129.3524627685547,993.9298706054688,95.99300384521484,-258.70831298828125,524.1459350585938,206.7186737060547,-75.48043823242188,844.9281616210938,-145.2976837158203,8.182961463928223,147.73411560058594,-204.083251953125,-105.4139633178711,1002.7916259765624,-176.35003662109375,-42.34762954711914,508.5335083007813,-246.5581512451172,-259.4272155761719,894.218994140625
91.1651382446289,-154.507080078125,166.0975799560547,97.93775939941406,-127.91227722167967,993.0742797851562,94.86109924316406,-259.3857421875,524.4224853515625,206.3377990722656,-73.22834014892578,844.1766357421875,-145.31227111816406,17.743736267089844,147.79998779296875,-203.6376495361328,-104.0029067993164,1001.7542114257812,-176.4229736328125,-35.47508239746094,508.403076171875,-244.1197967529297,-262.2218322753906,894.7186279296875
92.32679748535156,-174.12045288085938,161.283447265625,98.23263549804688,-126.57450103759766,992.0693359375,93.83580017089844,-259.605224609375,524.3330078125,205.8845367431641,-71.12088775634766,843.3169555664062,-145.3248291015625,27.28316879272461,147.87535095214844,-203.1748809814453,-102.6413803100586,1000.6570434570312,-176.48704528808594,-28.83592414855957,508.2315979003906,-241.65663146972656,-264.7929382324219,894.98681640625
93.50672912597656,-193.60125732421875,157.10299682617188,98.5455093383789,-125.35259246826172,990.9266967773438,92.93238830566406,-259.41656494140625,523.9071655273438,205.36476135253903,-69.15762329101562,842.3536376953125,-145.3328094482422,36.79145812988281,147.96473693847656,-202.6993865966797,-101.32823944091795,999.5040283203124,-176.53875732421875,-22.43785858154297,508.0193481445313,-239.1749420166016,-267.13970947265625,895.0279541015625
94.68045043945312,-212.7837829589844,153.57992553710938,98.87386322021484,-124.26119232177734,989.6607055664062,92.16387176513672,-258.8802490234375,523.181884765625,204.78570556640625,-67.33810424804688,841.2920532226562,-145.33383178710938,46.25693893432617,148.0735626220703,-202.215576171875,-100.0634994506836,998.2999267578124,-176.57315063476562,-16.290674209594727,507.7668151855469,-236.68231201171875,-269.2611389160156,894.8475341796875
95.82328033447266,-231.4835357666016,150.72116088867188,99.2156219482422,-123.3157196044922,988.2880249023438,91.53922271728516,-258.0658569335937,522.2001953125,204.1560516357422,-65.6619644165039,840.1387939453125,-145.3258056640625,55.66643905639648,148.20835876464844,-201.72760009765625,-98.8487548828125,997.0501098632812,-176.58363342285156,-10.405999183654783,507.47467041015625,-234.1875457763672,-271.1561279296875,894.4525756835938
96.91146850585938,-249.5031890869141,148.5121307373047,99.56941986083984,-122.53192138671876,986.82763671875,91.06185913085938,-257.04931640625,521.0093383789062,203.4859313964844,-64.12897491455078,838.901123046875,-145.30734252929688,65.00575256347656,148.37722778320312,-201.2389373779297,-97.68761444091795,995.7608032226562,-176.56178283691406,-4.797001361846924,507.1440124511719,-231.70071411132807,-272.82342529296875,893.8517456054688
97.92277526855467,-266.6387939453125,146.91403198242188,99.93482971191406,-121.9255142211914,985.3004150390624,90.72865295410156,-255.90933227539065,519.6585693359375,202.78692626953125,-62.73909759521485,837.5872802734375,-145.2777862548828,74.2602310180664,148.59017944335938,-200.7520294189453,-96.58624267578124,994.4387817382812,-176.4971160888672,0.5219395160675049,506.7765197753906,-229.2329559326172,-274.2616577148437,893.0552368164062
98.83631134033205,-282.6859436035156,145.86326599121094,100.31249237060548,-121.51177978515624,983.728759765625,90.52957916259766,-254.7229156494141,518.1964721679688,202.07199096679688,-61.49259567260742,836.2062377929688,-145.23739624023438,83.41522216796875,148.85955810546875,-200.26788330078125,-95.55387115478516,993.091552734375,-176.37716674804688,5.535623550415039,506.3748779296875,-226.7963714599609,-275.46942138671875,892.074951171875
99.63259887695312,-297.4479675292969,145.27401733398438,100.7042007446289,-121.30510711669922,982.1360473632812,90.44815063476562,-253.5609436035156,516.6680297851562,201.35533142089844,-60.39005661010742,834.7677001953125,-145.18719482421875,92.45622253417967,149.19981384277344,-199.7855987548828,-94.6032257080078,991.7269287109376,-176.1875762939453,10.228476524353027,505.9432373046875,-224.40386962890625,-276.44537353515625,890.9244384765625
100.29438018798828,-310.7455444335937,145.0433349609375,101.11286163330078,-121.31851196289062,980.5460815429688,90.46255493164062,-252.4843292236328,515.112548828125,200.65231323242188,-59.43247604370117,833.2821044921875,-145.12875366210938,101.36898803710938,149.6271514892578,-199.30218505859372,-93.750732421875,990.3530883789062,-175.91250610351562,14.584860801696776,505.4873962402344,-222.0689697265625,-277.1881103515625,889.6187744140625
100.80784606933594,-322.42645263671875,145.0585479736328,101.5424346923828,-121.5631103515625,978.9826049804688,90.5475616455078,-251.5411376953125,513.56201171875,199.9792022705078,-58.62133407592773,831.7601318359375,-145.06390380859375,110.13968658447266,150.1588134765625,-198.81246948242188,-93.01641845703124,988.978271484375,-175.53518676757812,18.589080810546875,505.0151977539063,-219.80551147460935,-277.6965026855469,888.1741943359375
101.16387176513672,-332.37432861328125,145.20565795898438,101.997802734375,-122.0474853515625,977.4686279296876,90.67684936523438,-250.7651214599609,512.0404663085938,199.3529052734375,-57.95865631103516,830.2130737304688,-144.99447631835938,118.75515747070312,150.8125,-198.30938720703125,-92.42337036132812,987.6109008789062,-175.0386962890625,22.225069046020508,504.5361633300781,-217.62744140625,-277.9696044921875,886.6080322265625
101.35906982421876,-340.514892578125,145.37783813476562,102.4845962524414,-122.7770767211914,976.0263061523438,90.82557678222656,-250.1754608154297,510.5644836425781,198.79075622558597,-57.44709396362305,828.65234375,-144.9220428466797,127.20330047607422,151.60560607910156,-197.78468322753903,-91.99675750732422,986.2590942382812,-174.4069061279297,25.475849151611328,504.0611572265625,-215.5485382080078,-278.0068054199219,884.9384765625
101.39659881591795,-346.8204345703125,145.48309326171875,103.00897979736328,-123.75357818603516,974.676513671875,90.9728012084961,-249.77772521972656,509.1444091796875,198.31007385253903,-57.08999252319336,827.0896606445312,-144.84799194335938,135.47315979003906,152.5545654296875,-197.22950744628903,-91.76264190673828,984.9307250976562,-173.6256866455078,28.32286262512207,503.6011047363281,-213.58221435546875,-277.8079528808594,883.1841430664062
101.28660583496094,-351.3118591308594,145.45040893554688,103.57746124267578,-124.974365234375,973.4384155273438,91.10350036621094,-249.5658416748047,507.7861328125,197.9278717041016,-56.89146423339844,825.5367431640625,-144.77342224121094,143.55458068847656,153.67445373535156,-196.63504028320312,-91.74669647216795,983.6331787109376,-172.684326171875,30.745271682739254,503.16595458984375,-211.7411193847656,-277.3734130859375,881.36376953125
101.0463409423828,-354.0578308105469,145.2337188720703,104.19661712646484,-126.43209075927734,972.3297119140624,91.20995330810548,-249.5248107910156,506.4931335449219,197.66046142578125,-56.85641479492188,824.0053100585938,-144.69940185546875,151.43719482421875,154.97850036621094,-195.99298095703125,-91.97289276123048,982.3732299804688,-171.57705688476562,32.71934509277344,502.7628173828125,-210.0370178222656,-276.7041015625,879.4957885742188
100.69977569580078,-355.17138671875,144.8131866455078,104.87278747558594,-128.1143798828125,971.3662719726562,91.2926025390625,-249.6339569091797,505.2686462402344,197.52301025390625,-56.99058532714844,822.507080078125,-144.6271514892578,159.10891723632812,156.47805786132812,-195.29592895507807,-92.46216583251952,981.15673828125,-170.30445861816406,34.21799087524414,502.3948059082031,-208.48043823242188,-275.8016662597656,877.5982666015625
100.27655029296876,-354.8032531738281,144.193359375,105.61174774169922,-130.00392150878906,970.5623168945312,91.3602294921875,-249.8704376220703,504.1177368164063,197.5292053222656,-57.30057907104492,821.0538330078125,-144.5582275390625,166.55410766601562,158.18263244628906,-194.5377960205078,-93.23098754882812,979.98876953125,-168.87477111816406,35.21052551269531,502.0596618652344,-207.0805206298828,-274.6684265136719,875.6884155273438
99.81024932861328,-353.13232421875,143.39846801757812,106.41832733154295,-132.07867431640625,969.93017578125,91.42962646484376,-250.2122344970703,503.048828125,197.6908416748047,-57.79383087158203,819.6571044921875,-144.49468994140625,173.75167846679688,160.10035705566406,-193.71409606933597,-94.29002380371094,978.8734130859376,-167.30467224121094,35.66277313232422,501.7491149902344,-205.84469604492188,-273.30743408203125,873.7824096679688
99.33607482910156,-350.35308837890625,142.4655303955078,107.29610443115234,-134.3123016357422,969.48046875,91.52474975585938,-250.6402740478516,502.0747680664063,198.0174865722656,-58.47861099243164,818.3286743164062,-144.43910217285156,180.6732635498047,162.23870849609375,-192.8222198486328,-95.64278411865234,977.8140258789062,-165.61968994140625,35.537540435791016,501.448974609375,-204.77859497070312,-271.7225036621094,871.8950805664062
98.88801574707033,-346.66162109375,141.43666076660156,108.2470703125,-136.67491149902344,969.2218017578124,91.6753158569336,-251.13946533203125,501.2125244140625,198.5161895751953,-59.36397933959961,817.0802612304688,-144.39443969726562,187.2817230224609,164.6051483154297,-191.8616180419922,-97.28450775146484,976.8132934570312,-163.8538818359375,34.79555130004883,501.1393737792969,-203.88589477539065,-269.9181823730469,870.0401611328125
98.49595642089844,-342.2407531738281,140.35289001464844,109.27139282226562,-139.1338653564453,969.1605224609376,91.91497802734376,-251.69805908203125,500.4820556640625,199.1913146972656,-60.45968246459961,815.923583984375,-144.36380004882812,193.5293426513672,167.20770263671875,-190.8339691162109,-99.20120239257812,975.8734130859376,-162.04888916015625,33.3968620300293,500.79583740234375,-203.1681671142578,-267.8998107910156,868.2298583984375
98.18324279785156,-337.2474670410156,139.25123596191406,110.36722564697266,-141.65481567382812,969.300537109375,92.27896118164062,-252.305419921875,499.9035339355469,200.0442657470703,-61.776065826416016,814.87060546875,-144.3498992919922,199.35665893554688,170.05508422851562,-189.7430877685547,-101.36908721923828,974.9962768554688,-160.25228881835938,31.302940368652344,500.3906555175781,-202.62486267089844,-265.6734619140625,866.4749145507812
97.96509552001952,-331.8042297363281,138.16416931152344,111.53048706054688,-144.20277404785156,969.6430053710938,92.80111694335938,-252.94842529296875,499.4941711425781,201.07357788085935,-63.32387924194336,813.9332885742188,-144.35435485839844,204.6919403076172,173.15670776367188,-188.5949249267578,-103.75444793701172,974.1837768554688,-158.5152587890625,28.479291915893555,499.8944091796875,-202.2532958984375,-263.24609375,864.7847290039062
97.84761810302734,-325.9962158203125,137.11952209472656,112.75487518310548,-146.7432098388672,970.1857299804688,93.51048278808594,-253.60671997070312,499.2642517089844,202.2747802734375,-65.11407470703125,813.123779296875,-144.3771209716797,209.4514923095703,176.5224151611328,-187.39730834960935,-106.3140869140625,973.437744140625,-156.88963317871094,24.89854049682617,499.2782287597656,-202.04879760742188,-260.6253967285156,863.1676025390625
97.82765197753906,-319.8736877441406,136.14010620117188,114.03189849853516,-149.2430419921875,970.9232788085938,94.4276123046875,-254.24786376953125,499.2138671875,203.640625,-67.15756225585938,812.4541015625,-144.416259765625,213.54119873046875,180.16184997558597,-186.1595916748047,-108.99658203125,972.7603759765624,-155.42459106445312,20.54350852966309,498.5158386230469,-202.00469970703125,-257.820068359375,861.6303100585938
97.89373779296876,-313.458251953125,135.24325561523438,115.35110473632812,-151.6715087890625,971.8463134765624,95.56112670898438,-254.8231964111328,499.3309326171875,205.1610870361328,-69.46492767333984,811.9362182617188,-144.4678192138672,216.8591461181641,184.083251953125,-184.8920440673828,-111.74424743652344,972.154052734375,-154.16278076171875,15.409859657287598,497.5862426757813,-202.11264038085935,-254.8396453857422,860.1788330078125
98.0280532836914,-306.75079345703125,134.44061279296875,116.70049285888672,-154.00070190429688,972.9420166015624,96.90523529052734,-255.2659912109375,499.5908508300781,206.82369995117188,-72.04610443115234,811.5816650390625,-144.52587890625,219.29986572265625,188.29150390625,-183.6051025390625,-114.4957504272461,971.6214599609376,-153.13682556152344,9.507970809936523,496.4764099121094,-202.3627166748047,-251.69476318359372,858.818115234375
98.2089385986328,-299.74053955078125,133.73826599121094,118.06697845458984,-156.20606994628906,974.1940307617188,98.43865966796876,-255.4921875,499.9581298828125,208.61378479003903,-74.91006469726562,811.4013671875,-144.58262634277344,220.76010131835935,192.78561401367188,-182.30905151367188,-117.188720703125,971.165771484375,-152.3661346435547,2.863775491714477,495.184326171875,-202.74380493164065,-248.39703369140625,857.5523071289062
98.41354370117188,-292.4129638671875,133.13723754882812,119.43704986572266,-158.2664031982422,975.5829467773438,100.12540435791016,-255.4046173095703,500.389404296875,210.51467895507807,-78.0644760131836,811.4056396484375,-144.62864685058594,221.1454162597656,197.5557403564453,-181.01377868652344,-119.76226043701172,970.7908325195312,-151.854736328125,-4.481551170349121,493.7218017578125,-203.2437896728516,-244.95909118652344,856.3850708007812
98.62032318115234,-284.7568054199219,132.63412475585938,120.79743194580078,-160.1636962890625,977.0867919921876,101.91728973388672,-254.89974975585935,500.8377990722656,212.5081329345703,-81.51534271240234,811.6035766601562,-144.65316772460938,220.3777618408203,202.5804443359375,-179.7288818359375,-122.1593780517578,970.5009765625,-151.5905303955078,-12.473021507263184,492.1167907714844,-203.8499298095703,-241.39459228515625,855.3194580078125
98.8109130859375,-276.76910400390625,132.22189331054688,122.13585662841795,-161.88279724121094,978.6820068359376,103.75813293457033,-253.87649536132807,501.2574768066406,214.57464599609372,-85.2667007446289,812.0031127929688,-144.64442443847656,218.4024658203125,207.8249969482422,-178.463623046875,-124.32935333251952,970.3013916015624,-151.54611206054688,-21.04415512084961,490.4144592285156,-204.54910278320312,-237.71807861328125,854.358154296875
98.97135162353516,-268.4581604003906,131.89096069335938,123.44168853759766,-163.410888671875,980.3441772460938,105.58914184570312,-252.2455596923828,501.6079711914063,216.69374084472656,-89.32028198242188,812.61083984375,-144.5898895263672,215.1945037841797,213.2410430908203,-177.22691345214844,-126.22992706298828,970.1978149414062,-151.681396484375,-30.119895935058597,488.6766357421875,-205.3282012939453,-233.9449462890625,853.5037231445312
99.09278869628906,-259.8441772460937,131.6300048828125,124.7064208984375,-164.7371063232422,982.0487060546876,107.35489654541016,-249.9382476806641,501.8575744628906,218.84442138671875,-93.67527770996094,813.4315185546875,-144.4766845703125,210.76258850097656,218.7679443359375,-176.02700805664062,-127.8291015625,970.1966552734376,-151.94761657714844,-39.61982345581055,486.9792785644531,-206.1742706298828,-230.0912628173828,852.7584228515625
99.17142486572266,-250.95835876464844,131.4268341064453,125.9239501953125,-165.8523406982422,983.7719116210938,109.0091323852539,-246.91343688964844,501.98577880859375,221.0053558349609,-98.32811737060548,814.4683837890625,-144.29200744628906,205.1508331298828,224.3355255126953,-174.87127685546875,-129.1063995361328,970.3043823242188,-152.29212951660156,-49.461368560791016,485.4082946777344,-207.0748291015625,-226.17364501953125,852.1243896484375
99.2080535888672,-241.8397674560547,131.26922607421875,127.09056091308594,-166.7491912841797,985.4912719726562,110.5195083618164,-243.1617584228516,501.9843444824219,223.1553649902344,-103.27227783203124,815.7225952148438,-144.02394104003906,198.4369354248047,229.86752319335935,-173.76577758789062,-130.05355834960938,970.52783203125,-152.6635284423828,-59.5628662109375,484.05377197265625,-208.01803588867188,-222.20899963378903,851.6036376953125
99.2071304321289,-232.5318603515625,131.14564514160156,128.20469665527344,-167.422119140625,987.1858520507812,111.87017059326172,-238.70632934570312,501.8568420410156,225.2735748291016,-108.49822235107422,817.1935424804688,-143.6622772216797,190.72645568847656,235.28469848632807,-172.715087890625,-130.67428588867188,970.8734130859376,-153.0163116455078,-69.84624481201172,483.0031127929688,-208.9927978515625,-218.2144012451172,851.1978149414062
99.17578125,-223.07879638671875,131.04586791992188,129.2666473388672,-167.8677520751953,988.8366088867188,113.06171417236328,-233.60003662109372,501.6168212890625,227.3397674560547,-113.99337005615234,818.8784790039062,-143.1995849609375,182.14358520507807,240.50645446777344,-171.72203063964844,-130.98329162597656,971.346923828125,-153.31472778320312,-80.23902130126953,482.33447265625,-209.9889068603516,-214.20681762695312,850.9080810546875
99.1225814819336,-213.52247619628903,130.96151733398438,130.27810668945312,-168.0850372314453,990.4262084960938,114.10845184326172,-227.9194793701172,501.2848815917969,229.33462524414065,-119.74221801757812,820.7728271484375,-142.63206481933594,172.819580078125,245.45040893554688,-170.7877197265625,-131.0047607421875,971.952880859375,-153.53526306152344,-90.67526245117188,482.1105651855469,-210.9969787597656,-210.20285034179688,850.7349243164062
99.0563735961914,-203.9003448486328,130.88645935058594,131.24179077148438,-168.0754852294922,991.93896484375,115.03329467773438,-221.7568817138672,500.885498046875,231.23997497558597,-125.72653198242188,822.8698120117188,-141.96006774902344,162.8807373046875,250.03054809570312,-169.9116668701172,-130.77024841308594,972.694091796875,-153.66734313964844,-101.09539031982422,482.3740539550781,-212.008544921875,-206.21861267089844,850.6776733398438
98.98509979248048,-194.24407958984372,130.817138671875,132.1609649658203,-167.8431396484375,993.361083984375,115.8614273071289,-215.21112060546875,500.44378662109375,233.03892517089844,-131.92564392089844,825.1607666015625,-141.18824768066406,152.43820190429688,254.15550231933597,-169.09210205078125,-130.31634521484375,973.5708618164062,-153.7121124267578,-111.445068359375,483.1450805664063,-213.01585388183597,-202.2694091796875,850.7344970703125
98.9146499633789,-184.57891845703125,130.75244140625,133.03921508789062,-167.3943634033203,994.6802978515624,116.61387634277344,-208.3789825439453,499.9826965332031,234.7161102294922,-138.31686401367188,827.6351318359375,-140.32569885253906,141.5811309814453,257.7294006347656,-168.3262939453125,-129.6823272705078,974.5804443359376,-153.6794891357422,-121.67364501953124,484.4203186035156,-214.0118865966797,-198.36964416503903,850.90185546875
98.84813690185548,-174.92333984375,130.69320678710938,133.8799591064453,-166.73773193359375,995.8861694335938,117.30265045166016,-201.34780883789065,499.5210571289063,236.2577362060547,-144.875732421875,830.2804565429688,-139.3859405517578,130.37339782714844,260.6556701660156,-167.61105346679688,-128.90773010253906,975.716552734375,-153.5846405029297,-131.73281860351562,486.1744079589844,-214.99026489257807,-194.53257751464844,851.17431640625
98.78573608398438,-165.28939819335938,130.64166259765625,134.6861572265625,-165.8837432861328,996.9698486328124,117.92861938476562,-194.18994140625,499.07220458984375,237.65164184570312,-151.57656860351562,833.0823364257812,-138.38661193847656,118.85352325439452,262.8431091308594,-166.9431915283203,-128.03042602539062,976.968994140625,-153.44444274902344,-141.57615661621094,488.3624877929688,-215.94512939453125,-190.7701873779297,851.54443359375
98.72502136230467,-155.68353271484375,130.6007843017578,135.45999145507812,-164.84457397460938,997.9241333007812,118.48303985595705,-186.95953369140625,498.6440124511719,238.8873748779297,-158.39268493652344,836.0247802734375,-137.34884643554688,107.0369110107422,264.2126159667969,-166.31991577148438,-127.08484649658205,978.3235473632812,-153.27438354492188,-151.15948486328125,490.92425537109375,-216.87109375,-187.09320068359372,852.0025024414062
98.66182708740234,-146.1077117919922,130.57362365722656,136.2025146484375,-163.63375854492188,998.743408203125,118.95201110839844,-179.6920166015625,498.2393798828125,239.9561462402344,-165.29690551757812,839.090087890625,-136.29666137695312,94.9192123413086,264.7032775878906,-165.73916625976562,-126.10077667236328,979.7620849609376,-153.08572387695312,-160.4419708251953,493.788818359375,-217.76318359375,-183.51089477539065,852.5365600585938
98.5912094116211,-136.56100463867188,130.56283569335938,136.9134521484375,-162.2660369873047,999.4235229492188,119.3223114013672,-172.40618896484375,497.8575439453125,240.8508453369141,-172.2618408203125,842.2590942382812,-135.2564239501953,82.4802474975586,264.2767028808594,-165.19985961914062,-125.10255432128906,981.2631225585938,-152.8833465576172,-169.38723754882812,496.8799743652344,-218.6167907714844,-180.0311737060547,853.13232421875
98.50835418701172,-127.04070281982422,130.57022094726562,137.5911407470703,-160.75726318359375,999.961669921875,119.58621215820312,-165.1086883544922,497.495361328125,241.5659637451172,-179.2601776123047,845.51123046875,-134.25601196289062,69.68841552734375,262.9192199707031,-164.70191955566406,-124.10881805419922,982.8023681640624,-152.66445922851562,-177.96371459960938,500.1215515136719,-219.42770385742188,-176.66055297851562,853.773681640625
98.40937042236328,-117.5433578491211,130.59664916992188,138.2325439453125,-159.12435913085938,1000.3568115234376,119.74396514892578,-157.7996826171875,497.1483154296875,242.09754943847656,-186.2650451660156,848.8250122070312,-133.32357788085938,56.50584411621094,260.6424560546875,-164.24623107910156,-123.13260650634766,984.353515625,-152.41836547851562,-186.14442443847656,503.4421081542969,-220.1921539306641,-173.40423583984375,854.4423828125
98.29161071777344,-108.06526184082033,130.6419677734375,138.83343505859375,-157.38534545898438,1000.6089477539062,119.80329895019533,-150.47854614257812,496.81158447265625,242.44308471679688,-193.2501373291016,852.1779174804688,-132.4855499267578,42.8939323425293,257.48272705078125,-163.83445739746094,-122.18181610107422,985.8894653320312,-152.12774658203125,-193.9060211181641,506.7779846191406,-220.9068603515625,-170.26614379882812,855.1189575195312
98.1536865234375,-98.60277557373048,130.70518493652344,139.3887176513672,-155.55914306640625,1000.7197875976562,119.77690887451172,-143.14834594726562,496.4803466796875,242.60142517089844,-200.1899871826172,855.5470581054688,-131.76490783691406,28.818016052246094,253.49903869628903,-163.46888732910156,-121.25992584228516,987.3828125,-151.77137756347656,-201.2275238037109,510.0745239257813,-221.56912231445312,-167.24903869628906,855.7826538085938
97.99517822265624,-89.15261840820312,130.7847137451172,139.89263916015625,-153.66514587402344,1000.6920776367188,119.67903137207033,-135.8185272216797,496.1502685546875,242.57269287109372,-207.06005859375,858.9090576171875,-131.1798095703125,14.25045394897461,248.77044677734372,-163.15203857421875,-120.36687469482422,988.8071899414062,-151.32798767089844,-208.08941650390625,513.2853393554688,-222.17686462402344,-164.35459899902344,856.4122924804688
97.81621551513672,-79.71223449707031,130.87852478027344,140.3392333984375,-151.72280883789062,1000.5299682617188,119.5223388671875,-128.50550842285156,495.8174743652344,242.3582000732422,-213.8369598388672,862.24072265625,-130.74261474609375,-0.8277703523635864,243.39260864257807,-162.88638305664062,-119.50005340576172,990.1376342773438,-150.78073120117188,-214.4733428955078,516.3698120117188,-222.72879028320312,-161.58355712890625,856.9867553710938
97.61701202392578,-70.28001403808594,130.98440551757812,140.72279357910156,-149.7512969970703,1000.2383422851562,119.31584167480467,-121.23170471191406,495.4786376953125,241.96031188964844,-220.49838256835935,865.5191040039062,-130.4595184326172,-16.426332473754883,237.47450256347656,-162.6741180419922,-118.65526580810548,991.3514404296876,-150.12078857421875,-220.36192321777344,519.2909545898438,-223.224365234375,-158.935791015625,857.4852294921875
97.39744567871094,-60.85536575317383,131.1001434326172,141.0382537841797,-147.7692108154297,999.8230590820312,119.06401824951172,-114.02330780029295,495.1311645507813,241.38243103027344,-227.02328491210935,868.7219848632812,-130.33053588867188,-32.54520797729492,231.1350860595703,-162.5167999267578,-117.82765197753906,992.428466796875,-149.34947204589844,-225.7389678955078,522.0133666992188,-223.66392517089844,-156.4105224609375,857.8880615234375
97.15686798095705,-51.43861770629883,131.22372436523438,141.2816925048828,-145.79444885253906,999.290283203125,118.76727294921876,-106.90776824951172,494.7730407714844,240.6289520263672,-233.39178466796875,871.8279418945312,-130.3501434326172,-49.17426681518555,224.5,-162.41526794433594,-117.01256561279295,993.3515014648438,-148.47874450683594,-230.58984375,524.5023193359375,-224.04867553710935,-154.0063934326172,858.1771850585938
96.89408111572266,-42.030757904052734,131.35342407226562,141.45062255859375,-143.84413146972656,998.6467895507812,118.42340087890624,-99.91136169433594,494.4029235839844,239.7051239013672,-239.5852508544922,874.8167724609375,-130.50828552246094,-66.29276275634766,217.69845581054688,-162.36953735351562,-116.20628356933594,994.1063232421876,-147.53042602539062,-234.9021148681641,526.72412109375,-224.38070678710935,-151.7216339111328,858.3365478515625
96.60755920410156,-32.63317108154297,131.4879608154297,141.54420471191406,-141.9344024658203,997.8995971679688,118.02960968017578,-93.05724334716795,494.0201110839844,238.6170959472656,-245.5861968994141,877.6696166992188,-130.79164123535156,-83.86872100830078,210.8599853515625,-162.3787078857422,-115.40662384033205,994.6820068359376,-146.53440856933594,-238.6664581298828,528.6464233398438,-224.6629638671875,-149.55418395996094,858.3523559570312
96.29580688476562,-23.247501373291016,131.62648010253906,141.56341552734375,-140.08042907714844,997.0557250976562,117.58483123779295,-86.36386108398438,493.6244812011719,237.37181091308597,-251.37828063964844,880.3690185546875,-131.18490600585938,-101.85848999023438,204.1112518310547,-162.44110107421875,-114.61341094970705,995.0706176757812,-145.52609252929688,-241.8775177001953,530.239501953125,-224.8992462158203,-147.50186157226562,858.2138061523438
95.95785522460938,-13.87562084197998,131.76864624023438,141.5109100341797,-138.2961883544922,996.1224975585938,117.09156036376952,-79.84405517578125,493.2164306640625,235.9769744873047,-256.9462890625,882.8993530273438,-131.67201232910156,-120.20640563964844,197.57293701171875,-162.5543212890625,-113.8288345336914,995.2675170898438,-144.54364013671875,-244.53494262695312,531.4775390625,-225.09410095214844,-145.56246948242188,857.9127197265625
95.59383392333984,-4.519752502441406,131.91481018066406,141.3909912109375,-136.59434509277344,995.1072998046876,116.55702209472656,-73.50493621826172,492.7969055175781,234.4409942626953,-262.2760925292969,885.24658203125,-132.23736572265625,-138.84451293945312,191.35711669921875,-162.71539306640625,-113.05765533447266,995.2713623046876,-143.62496948242188,-246.6441650390625,532.3408203125,-225.25282287597656,-143.73390197753906,857.4442749023438
95.20541381835938,4.817354679107666,132.0661163330078,141.20921325683594,-134.98593139648438,994.017578125,115.9933090209961,-67.34878540039062,492.3670654296875,232.7729339599609,-267.3545227050781,887.3984985351562,-132.86688232421875,-157.6920623779297,185.56488037109372,-162.9210205078125,-112.30736541748048,995.083984375,-142.8051300048828,-248.2173614501953,532.8175048828125,-225.38140869140625,-142.01431274414062,856.8065795898438
94.79620361328124,14.132189750671388,132.22491455078125,140.97213745117188,-133.4803009033203,992.86083984375,115.41659545898438,-61.374732971191406,491.92822265625,230.982421875,-272.1693725585937,889.3448486328125,-133.5488739013672,-176.65475463867188,180.2843475341797,-163.16766357421875,-111.5881576538086,994.7105102539062,-142.11398315429688,-249.2742919921875,532.90576171875,-225.4864654541016,-140.4021453857422,856.0010986328125
94.3718719482422,23.4201774597168,132.39508056640625,140.68695068359375,-132.08511352539062,991.6448364257812,114.8456039428711,-55.58087158203125,491.4813537597656,229.07958984375,-276.70928955078125,891.0769653320312,-134.27430725097656,-195.6239013671875,175.58843994140625,-163.4518280029297,-110.91287994384766,994.1593017578124,-141.57435607910156,-249.84356689453125,532.6150512695312,-225.57513427734372,-138.89627075195312,855.0322265625
93.94009399414062,32.67535781860352,132.58238220214844,140.3610076904297,-130.80653381347656,990.3775634765624,114.2997589111328,-49.96622467041016,491.0271301269531,227.07501220703125,-280.9637451171875,892.5882568359375,-135.03665161132812,-214.4756317138672,171.5327911376953,-163.7701873779297,-110.29680633544922,993.4417724609376,-141.20086669921875,-249.96353149414065,531.966552734375,-225.65513610839844,-137.4960174560547,853.9072875976562
93.51011657714844,41.89005279541016,132.7948760986328,140.00146484375,-129.6495361328125,989.0673217773438,113.79723358154295,-44.5322494506836,490.565673828125,224.9796142578125,-284.9228820800781,893.8736572265625,-135.83074951171875,-233.0701141357422,168.1532745361328,-164.11978149414062,-109.75740814208984,992.5725708007812,-140.99937438964844,-249.6832275390625,530.9927368164062,-225.7346343994141,-136.20127868652344,852.6363525390625
93.09213256835938,51.0546760559082,133.04295349121094,139.61476135253906,-128.61834716796875,987.7228393554688,113.35320281982422,-39.28379821777344,490.0965881347656,222.80470275878903,-288.5774841308594,894.9300537109375,-136.65130615234375,-251.252197265625,165.4633026123047,-164.49818420410156,-109.3139419555664,991.5692749023438,-140.9672393798828,-249.0628204345703,529.7357788085938,-225.8221435546875,-135.0124969482422,851.2318725585938
92.6962890625,60.157859802246094,133.3390655517578,139.20626831054688,-127.71688079833984,986.3529663085938,112.9783935546875,-34.22937774658203,489.619384765625,220.56187438964844,-291.9189453125,895.755859375,-137.49147033691406,-268.8536376953125,163.45175170898438,-164.90354919433594,-108.98687744140624,990.4520263671876,-141.0943145751953,-248.17355346679688,528.2451171875,-225.9265594482422,-133.93069458007812,849.7086181640625
92.33157348632812,69.1869125366211,133.6969451904297,138.7799072265625,-126.94922637939452,984.9669799804688,112.677978515625,-29.38086700439453,489.1336975097656,218.2629547119141,-294.9391784667969,896.3511962890625,-138.34164428710938,-285.69647216796875,162.08172607421875,-165.33470153808594,-108.79728698730467,989.2433471679688,-141.36422729492188,-247.09683227539065,526.5751953125,-226.05691528320312,-132.95755004882812,848.0830688476562
92.00482940673828,78.12833404541016,134.13075256347656,138.33798217773438,-126.32000732421876,983.5739135742188,112.45079040527344,-24.752826690673828,488.6397399902344,215.9200897216797,-297.63067626953125,896.7176513671875,-139.188720703125,-301.59771728515625,161.29080200195312,-165.79116821289062,-108.7661361694336,987.9678344726562,-141.75599670410156,-245.92190551757807,524.78271484375,-226.22239685058597,-132.0952911376953,846.3731689453125
91.72018432617188,86.96825408935547,134.65447998046875,137.881103515625,-125.83472442626952,982.1829833984376,112.288818359375,-20.36166763305664,488.138671875,213.54562377929688,-299.98638916015625,896.858154296875,-140.01608276367188,-316.3752136230469,160.9930877685547,-166.2731170654297,-108.9136199951172,986.6513061523438,-142.24560546875,-244.74203491210935,522.9243774414062,-226.4321746826172,-131.34677124023438,844.5982055664062
91.47870635986328,95.69278717041016,135.281494140625,137.4082489013672,-125.49996185302734,980.8029174804688,112.17698669433594,-16.224903106689453,487.63287353515625,211.1521148681641,-301.9998474121094,896.7770385742188,-140.80413818359375,-329.8553161621094,161.0832061767578,-166.7813262939453,-109.25843048095705,985.3206176757812,-142.80726623535156,-243.64944458007807,521.0548095703125,-226.6952362060547,-130.71539306640625,842.7780151367188
91.27821350097656,104.28857421875,136.0247344970703,136.9169158935547,-125.323486328125,979.4419555664062,112.09335327148438,-12.360671997070312,487.1258544921875,208.7523651123047,-303.6651611328125,896.4797973632812,-141.5317840576172,-341.8811340332031,161.44248962402344,-167.317138671875,-109.81710052490234,984.002685546875,-143.4146270751953,-242.72946166992188,519.22412109375,-227.0202789306641,-130.20510864257812,840.9329833984375
91.1133041381836,112.7434539794922,136.89695739746094,136.40345764160156,-125.31414031982422,978.1077270507812,112.00978088378906,-8.787635803222656,486.6220397949219,206.3593597412109,-304.97723388671875,895.9730224609375,-142.17808532714844,-352.321533203125,161.94686889648438,-167.8823699951172,-110.6033706665039,982.7240600585938,-144.04168701171875,-242.0545654296875,517.4754028320312,-227.4155120849609,-129.82040405273438,839.0835571289062
90.97576904296876,121.0466766357422,137.910888671875,135.86325073242188,-125.48153686523438,976.8073120117188,111.89338684082033,-5.5252366065979,486.1262512207031,203.98626708984372,-305.931640625,895.264404296875,-142.72418212890625,-361.07958984375,162.47589111328125,-168.4792022705078,-111.62753295898438,981.5101928710938,-144.66358947753906,-241.67901611328125,515.8426513671875,-227.8885498046875,-129.56619262695312,837.2499389648438
90.85528564453124,129.1887969970703,139.07904052734375,135.2910919189453,-125.83555603027344,975.5470581054688,111.7087173461914,-2.594268321990967,485.6431274414063,201.64633178710935,-306.5251159667969,894.3626098632812,-143.15484619140625,-368.0991821289063,162.92202758789062,-169.11004638671875,-112.89590454101562,980.3849487304688,-145.25758361816406,-241.63519287109372,514.3497924804688,-228.4461669921875,-129.4478302001953,835.4518432617188
90.74028778076172,137.1611328125,140.41360473632812,134.681396484375,-126.38578033447266,974.3325805664062,111.42063903808594,-0.0176166053861379,485.1763305664063,199.3527984619141,-306.75537109375,893.2774047851562,-143.4595184326172,-373.3696594238281,163.19876098632812,-169.77745056152344,-114.4102554321289,979.3699951171876,-145.80435180664062,-241.93197631835935,513.0103149414062,-229.0941619873047,-129.47103881835938,833.7081298828125
90.61898040771484,144.9549102783203,141.92633056640625,134.0284423828125,-127.14073944091795,973.1689453125,110.99756622314452,2.179035186767578,484.7277221679688,197.118896484375,-306.6215515136719,892.01953125,-143.63308715820312,-376.9277038574219,163.2464599609375,-170.4839324951172,-116.16734313964844,978.4846801757812,-146.28948974609375,-242.55552673339844,511.8291931152344,-229.8372344970703,-129.64175415039062,832.0366821289062
90.48025512695312,152.56031799316406,143.62860107421875,133.32650756835938,-128.10720825195312,972.0604248046876,110.41484832763672,3.966717004776001,484.296875,194.95762634277344,-306.1241149902344,890.6006469726562,-143.67625427246094,-378.8562622070313,163.03514099121094,-171.23193359375,-118.1585693359375,977.7454833984376,-146.70510864257812,-243.47235107421875,510.8049011230469,-230.67877197265625,-129.96615600585938,830.454345703125
90.31459045410156,159.96546936035156,145.53176879882812,132.57008361816406,-129.28939819335938,971.0106811523438,109.65780639648438,5.313004016876221,483.88079833984375,192.88169860839844,-305.264892578125,889.0333862304688,-143.59588623046875,-379.280029296875,162.56373596191406,-172.0236358642578,-120.3697280883789,977.1663818359376,-147.05101013183594,-244.63409423828125,509.9323425292969,-231.62071228027344,-130.4504852294922,828.9766235351562
90.11468505859376,167.1553497314453,147.64767456054688,131.7540740966797,-130.6880645751953,970.0230712890624,108.72415161132812,6.1822004318237305,483.4737548828125,190.9033660888672,-304.047119140625,887.3308715820312,-143.40528869628906,-378.3578796386719,161.85577392578125,-172.8608856201172,-122.7810287475586,976.7584838867188,-147.3354949951172,-245.9834899902344,509.2056884765625,-232.6635589599609,-131.10093688964844,827.617919921875
89.87586212158203,174.1109161376953,149.98924255371094,130.8740997314453,-132.2997589111328,969.1010131835938,107.62555694580078,6.535871982574463,483.067626953125,189.03421020507807,-302.4753723144531,885.5070190429688,-143.12417602539062,-376.2714538574219,160.95266723632812,-173.74497985839844,-125.36734008789062,976.5299072265624,-147.5755615234375,-247.46063232421875,508.620849609375,-233.80612182617188,-131.9235382080078,826.3910522460938
89.59620666503906,180.8079833984375,152.57098388671875,129.92681884765625,-134.11618041992188,968.247802734375,106.3880844116211,6.333731651306152,482.6523132324219,187.28501892089844,-300.5554504394531,883.5758056640625,-142.77841186523438,-373.21142578125,159.9056854248047,-174.6765899658203,-128.0987091064453,976.4862060546876,-147.7965545654297,-249.0085906982422,508.1764831542969,-235.04563903808597,-132.9240264892578,825.3077392578125
89.27664184570312,187.2159881591797,155.40919494628906,128.91014099121094,-136.12355041503906,967.46728515625,105.05147552490234,5.534921169281006,482.2160339355469,185.66549682617188,-298.2943725585937,881.5516357421875,-142.39901733398438,-369.3626708984375,158.7686309814453,-175.65567016601562,-130.9411163330078,976.6297607421876,-148.031005859375,-250.5774688720703,507.8735961914063,-236.3776092529297,-134.10769653320312,824.37841796875
88.92082214355469,193.296630859375,158.52174377441406,127.82357788085938,-138.30230712890625,966.7634887695312,103.6671905517578,4.099748611450195,481.7458801269531,184.1841735839844,-295.70037841796875,879.4490356445312,-142.0203399658203,-364.8909912109375,157.59190368652344,-176.6812744140625,-133.8575897216797,976.9600830078124,-148.3168182373047,-252.1259765625,507.7134704589844,-237.79592895507807,-135.47927856445312,823.6121826171875
88.53524017333984,199.00225830078125,161.92709350585938,126.6684799194336,-140.62689208984375,966.140625,102.2952880859375,1.991893291473389,481.22796630859375,182.8480987548828,-292.7828063964844,877.2825927734375,-141.67689514160156,-359.9332275390625,156.41836547851562,-177.75167846679688,-136.8093719482422,977.4735107421876,-148.694580078125,-253.6204833984375,507.6945190429688,-239.2928924560547,-137.04273986816406,823.016845703125
88.12918090820312,204.2740173339844,165.64260864257812,125.4482192993164,-143.0659942626953,965.602783203125,101.0002899169922,-0.8190500140190125,480.6478271484375,181.66287231445312,-289.55224609375,875.0670166015625,-141.3995819091797,-354.592041015625,155.28147888183594,-178.86428833007812,-139.75723266601562,978.1630249023438,-149.2041473388672,-255.03184509277344,507.8085632324219,-240.85922241210935,-138.80120849609375,822.5990600585938
87.71463775634766,209.04046630859372,169.68203735351562,124.16820526123048,-145.58303833007812,965.1536865234376,99.84622192382812,-4.354945659637451,479.9911804199219,180.6324157714844,-286.0204772949219,872.817138671875,-141.21218872070312,-348.9357604980469,154.20523071289062,-180.01577758789062,-142.6627960205078,979.0186767578124,-149.8804473876953,-256.3305969238281,508.0383911132813,-242.4842529296875,-140.75677490234375,822.364013671875
87.3056869506836,213.21762084960935,174.05271911621094,122.83576965332033,-148.1370849609375,964.7962646484376,98.89116668701172,-8.626813888549805,479.2448425292969,179.75901794433594,-282.20050048828125,870.5477905273438,-141.12925720214844,-343.00213623046875,153.20504760742188,-181.20208740234372,-145.48963928222656,980.0272827148438,-150.74923706054688,-257.48199462890625,508.3568115234375,-244.1560211181641,-142.91036987304688,822.3155517578125
86.91730499267578,216.7113342285156,178.75286865234375,121.45992279052734,-150.68429565429688,964.5323486328124,98.18197631835938,-13.633268356323242,478.3982849121094,179.0432891845703,-278.1065368652344,868.27392578125,-141.15528869628906,-336.8044738769531,152.28924560546875,-182.41860961914065,-148.20431518554688,981.1731567382812,-151.82333374023438,-258.4422912597656,508.7284851074219,-245.8613739013672,-145.26161193847656,822.4562377929688
86.56368255615234,219.42166137695312,183.76893615722656,120.05094146728516,-153.1794891357422,964.3627319335938,97.75003814697266,-19.359960556030277,477.4457092285156,178.48428344726562,-273.75396728515625,866.0106811523438,-141.28530883789062,-330.3392944335937,151.4606475830078,-183.6602325439453,-150.77703857421875,982.4382934570312,-153.0999298095703,-259.156982421875,509.1137390136719,-247.586181640625,-147.80870056152344,822.7869873046875
86.2563247680664,221.2487335205078,189.0737762451172,118.61992645263672,-155.5780792236328,964.2871704101562,97.60855865478516,-25.780029296875,476.3883972167969,178.07949829101562,-269.1593322753906,863.7730712890625,-141.50674438476562,-323.5936889648437,150.7181396484375,-184.9214782714844,-153.18202209472656,983.8031005859376,-154.55995178222656,-259.5621032714844,509.4733581542969,-249.3154296875,-150.54824829101562,823.3074340820312
86.0022201538086,222.0993194580078,194.62564086914065,117.17823028564452,-157.83779907226562,964.3043823242188,97.75193786621094,-32.85529708862305,475.2366027832031,177.8250732421875,-264.3402099609375,861.5763549804688,-141.8016357421875,-316.5519714355469,150.05807495117188,-186.19659423828125,-155.39764404296875,985.2470092773438,-156.16928100585938,-259.5880126953125,509.7736511230469,-251.0334930419922,-153.47525024414062,824.015625
85.80249786376953,221.89349365234372,200.3688201904297,115.73700714111328,-159.92050170898438,964.412841796875,98.15719604492188,-40.537879943847656,474.0111389160156,177.7158660888672,-259.3151550292969,859.435546875,-142.149169921875,-309.2010803222656,149.475341796875,-187.47976684570312,-157.4062957763672,986.7490234375,-157.8818817138672,-259.1648254394531,509.9902038574219,-252.72422790527344,-156.58297729492188,824.9081420898438
85.65188598632812,220.57118225097656,206.23573303222656,114.3066864013672,-161.793701171875,964.6107788085938,98.787109375,-48.77201843261719,472.74407958984375,177.7456512451172,-254.10345458984372,857.3657836914062,-142.52792358398438,-301.5343322753906,148.96405029296875,-188.76519775390625,-159.19406127929688,988.2884521484376,-159.64443969726562,-258.2278747558594,510.1104431152344,-254.3712615966797,-159.8629608154297,825.9802856445312
85.5385971069336,218.09762573242188,212.1500701904297,112.89665222167967,-163.431884765625,964.897216796875,99.59454345703124,-57.496002197265625,471.4782409667969,177.90725708007812,-248.7249755859375,855.3817138671875,-142.91783142089844,-293.55389404296875,148.51803588867188,-190.04739379882807,-160.75035095214844,989.845458984375,-161.40182495117188,-256.7223815917969,510.1336669921875,-255.9582061767578,-163.30506896972656,827.2258911132812
85.44483184814453,214.4674530029297,218.0307159423828,111.51488494873048,-164.81752014160156,965.2717895507812,100.52713775634766,-66.64415740966797,470.2660827636719,178.1927032470703,-243.20001220703125,853.4976806640625,-143.30172729492188,-285.27166748046875,148.13092041015625,-191.32130432128903,-162.06744384765625,991.4013671875,-163.1029815673828,-254.60736083984372,510.0694885253906,-257.4688720703125,-166.8975067138672,828.6378173828125
85.34810638427734,209.70654296875,223.79595947265625,110.16781616210938,-165.94139099121094,965.7355346679688,101.5317153930664,-76.1488037109375,469.1672668457031,178.5933837890625,-237.54910278320312,851.727294921875,-143.66648864746094,-276.7091064453125,147.79615783691406,-192.5825042724609,-163.14015197753906,992.939208984375,-164.70628356933594,-251.8590850830078,509.93450927734375,-258.8875427246094,-170.6270294189453,830.2076416015625
85.2234115600586,203.8704071044922,229.36721801757807,108.86016082763672,-166.802734375,966.2908325195312,102.5579833984375,-85.94225311279297,468.2457580566406,179.10009765625,-231.79275512695312,850.0831909179688,-144.00343322753906,-267.8957214355469,147.5071563720703,-193.8273162841797,-163.9654998779297,994.4436645507812,-166.1834259033203,-248.47357177734372,509.748046875,-260.1992492675781,-174.47911071777344,831.9261474609375
85.04574584960938,197.0391998291016,234.6711578369141,107.59491729736328,-167.40866088867188,966.9413452148438,103.561279296875,-95.95858001708984,467.5661315917969,179.70326232910156,-225.95135498046875,848.5769653320312,-144.30824279785156,-258.8664245605469,147.25746154785156,-195.0528564453125,-164.54249572753906,995.9012451171876,-167.52120971679688,-244.4674224853516,509.52838134765625,-261.38995361328125,-178.4381866455078,833.7830810546875
84.79247283935547,189.30975341796875,239.63987731933597,106.37335968017578,-167.77325439453125,967.69140625,104.50435638427734,-106.1351547241211,467.1896667480469,180.3928375244141,-220.0449066162109,847.2185668945312,-144.5802001953125,-249.65847778320312,147.0410919189453,-196.25701904296875,-164.87208557128906,997.300048828125,-168.72080993652344,-239.8762664794922,509.2901916503906,-262.4467468261719,-182.4878387451172,835.7676391601562
84.44532775878906,180.78587341308597,244.20892333984372,105.19524383544922,-167.91639709472656,968.5457153320312,105.35818481445312,-116.41364288330078,467.1702880859375,181.15847778320312,-214.09292602539065,846.0159301757812,-144.82151794433594,-240.3091735839844,146.8528289794922,-197.43833923339844,-164.95709228515625,998.6298828125,-169.79489135742188,-234.7512969970703,509.0435791015625,-263.3581848144531,-186.61119079589844,837.868408203125
83.99163818359375,171.5690460205078,248.3145446777344,104.0590362548828,-167.86216735839844,969.5083618164062,106.10191345214844,-126.74031066894533,467.5510559082031,181.9895172119141,-208.11431884765625,844.9751586914062,-145.036376953125,-230.8539276123047,146.68856811523438,-198.59580993652344,-164.8023681640625,999.8818359375,-170.76345825195312,-229.154052734375,508.7946472167969,-264.1141967773437,-190.79107666015625,840.0732421875
83.42501831054688,161.75079345703125,251.89208984375,102.96233367919922,-167.63719177246094,970.58203125,106.72222900390624,-137.06556701660156,468.3610534667969,182.8749542236328,-202.12725830078125,844.0994262695312,-145.23004150390625,-221.3247833251953,146.5453643798828,-199.7285614013672,-164.41490173339844,1001.0484619140624,-171.64942932128906,-223.1509246826172,508.5466613769531,-264.7064514160156,-195.01040649414065,842.3696899414062
82.74555206298828,151.4075164794922,254.8764495849609,101.9022979736328,-167.26902770996094,971.7671508789062,107.2121810913086,-147.34292602539062,469.6135559082031,183.803466796875,-196.149169921875,843.3894653320312,-145.4080810546875,-211.74913024902344,146.4214630126953,-200.8355255126953,-163.80393981933594,1002.123291015625,-172.47462463378906,-216.8078765869141,508.3017272949219,-265.1282653808594,-199.25241088867188,844.7447509765625
81.95970916748047,140.59812927246094,257.2040100097656,100.8762435913086,-166.7845458984375,973.06103515625,107.56963348388672,-157.52780151367188,471.3050537109375,184.76341247558597,-190.1967315673828,842.8427734375,-145.57569885253906,-202.1488342285156,146.31607055664062,-201.9151611328125,-162.9811553955078,1003.1010131835938,-173.25677490234375,-210.1864318847656,508.0621337890625,-265.3747253417969,-203.50086975097656,847.184814453125
81.08013153076172,129.36383056640625,258.8153076171875,99.8821029663086,-166.20863342285156,974.4573364257812,107.7955093383789,-167.5762176513672,473.4158630371094,185.74285888671875,-184.2857818603516,842.4536743164062,-145.73731994628906,-192.5400848388672,146.22901916503906,-202.96517944335935,-161.9606475830078,1003.9772338867188,-174.0077362060547,-203.3408660888672,507.8310546875,-265.4426574707031,-207.7403564453125,849.6759643554688
80.12525177001953,117.72949981689452,259.6575927734375,98.9188003540039,-165.56329345703125,975.9457397460938,107.8920669555664,-177.44371032714844,475.9116516113281,186.72955322265625,-178.43142700195312,842.2134399414062,-145.89625549316406,-182.9339599609375,146.16036987304688,-203.98228454589844,-160.75885009765625,1004.7485961914062,-174.73304748535156,-196.3167266845703,507.613037109375,-265.3306579589844,-211.9564208984375,852.2034912109375
79.11891174316406,105.70586395263672,259.6869506835937,97.98651885986328,-164.86712646484375,977.5117797851562,107.8613510131836,-187.08447265625,478.746337890625,187.7111053466797,-172.6480255126953,842.1099853515625,-146.05458068847656,-173.33726501464844,146.1100616455078,-204.9622039794922,-159.3941650390625,1005.412353515625,-175.43272399902344,-189.1507110595703,507.41357421875,-265.0389404296875,-216.13568115234372,854.7521362304688
78.08982849121094,93.29198455810548,258.8706359863281,97.08679962158205,-164.1351776123047,979.1371459960938,107.70394134521484,-196.45144653320312,481.86517333984375,188.6749420166016,-166.94908142089844,842.1282958984375,-146.2132568359375,-163.75350952148438,146.0777130126953,-205.8996734619141,-157.88662719726562,1005.9667358398438,-176.10279846191406,-181.8716735839844,507.23834228515625,-264.5692443847656,-220.2659149169922,857.30615234375
77.07096862792969,80.47754669189453,257.1890563964844,96.22246551513672,-163.3790283203125,980.8001708984376,107.41818237304688,-205.4967803955078,485.2079162597656,189.6085357666016,-161.34735107421875,842.2506713867188,-146.37213134765625,-154.1841583251953,146.06240844726562,-206.78857421875,-156.2573699951172,1006.41064453125,-176.73728942871094,-174.5030517578125,507.0920104980469,-263.9248352050781,-224.3360748291016,859.8489990234375
76.0986099243164,67.2447738647461,254.63833618164065,95.3974380493164,-162.6070098876953,982.4760131835938,106.99993896484376,-214.1727752685547,488.7117614746094,190.49952697753903,-155.8546905517578,842.4572143554688,-146.5302276611328,-144.62962341308594,146.0626220703125,-207.6222076416016,-154.52796936035156,1006.7437744140624,-177.32984924316406,-167.0657958984375,506.97698974609375,-263.11016845703125,-228.3363037109375,862.3637084960938
75.2108383178711,53.570289611816406,251.232421875,94.61646270751952,-161.82467651367188,984.137939453125,106.44298553466795,-222.43325805664065,492.3132629394531,191.3358154296875,-150.48204040527344,842.7260131835938,-146.685791015625,-135.09011840820312,146.07632446289062,-208.3936309814453,-152.71995544433594,1006.9664306640624,-177.87486267089844,-159.5812225341797,506.8923645019531,-262.1309509277344,-232.25787353515625,864.832763671875
74.44544982910156,39.42697143554688,247.0043487548828,93.88468933105467,-161.03533935546875,985.7578125,105.73993682861328,-230.23486328125,495.9496154785156,192.1058807373047,-145.23941040039062,843.0340576171875,-146.83636474609375,-125.56613159179688,146.10118103027344,-209.095947265625,-150.85409545898438,1007.0794677734376,-178.36766052246094,-152.07301330566406,506.8338623046875,-260.9938049316406,-236.09304809570312,867.2382202148438
73.83757019042969,24.78608703613281,242.0070037841797,93.20735931396484,-160.24082946777344,987.3068237304688,104.88362884521484,-237.53857421875,499.5596008300781,192.79888916015625,-140.1357879638672,843.357666015625,-146.97889709472656,-116.05876922607422,146.134765625,-209.7227783203125,-148.94993591308594,1007.084228515625,-178.80433654785156,-144.56797790527344,506.7943115234375,-259.70635986328125,-239.8350372314453,869.5621948242188
73.41730499267578,9.619723320007324,236.31309509277344,92.58939361572266,-159.4422607421875,988.7567749023438,103.8687744140625,-244.3106689453125,503.0838317871094,193.4049072265625,-135.17918395996094,843.673095703125,-147.10995483398438,-106.56965637207033,146.1749267578125,-210.26852416992188,-147.02552795410156,1006.9825439453124,-179.18142700195312,-137.09535217285156,506.7646789550781,-258.2769470214844,-243.4778289794922,871.7864990234375
73.20772552490234,-6.096220970153809,230.01431274414065,92.03509521484376,-158.64071655273438,990.0803833007812,102.69368743896484,-250.5234375,506.4652099609375,193.9151763916016,-130.3765411376953,843.9571533203125,-147.2259979248047,-97.10082244873048,146.21987915039062,-210.72874450683597,-145.09742736816406,1006.7765502929688,-179.4958953857422,-129.68516540527344,506.7353820800781,-256.71453857421875,-247.01608276367188,873.8933715820312
73.2232666015625,-22.37863540649414,223.21939086914065,91.5478973388672,-157.8378448486328,991.2523803710938,101.36178588867188,-256.155517578125,509.64935302734375,194.32223510742188,-125.73383331298828,844.1878662109375,-147.32383728027344,-87.65443420410156,146.26824951171875,-211.10043334960935,-143.1808319091797,1006.4686889648438,-179.7453155517578,-122.36620330810548,506.69732666015625,-255.02862548828125,-250.4451141357422,875.8652954101562
73.46892547607422,-39.23373794555664,216.05128479003903,91.13018035888672,-157.0363006591797,992.2499389648438,99.8827896118164,-261.1919860839844,512.5852661132812,194.62014770507807,-121.25606536865234,844.3448486328125,-147.4009552001953,-78.23239135742188,146.31918334960938,-211.38235473632807,-141.28990173339844,1006.061767578125,-179.92831420898438,-115.16392517089844,506.642822265625,-253.22918701171875,-253.76080322265625,877.6853637695312
73.94021606445312,-56.65408706665039,208.64329528808597,90.78318786621094,-156.24008178710938,993.0534057617188,98.27349853515624,-265.6246643066406,515.2261352539062,194.8046112060547,-116.94738006591795,844.4096069335938,-147.45582580566406,-68.83597564697266,146.3721923828125,-211.5751190185547,-139.4377899169922,1005.558837890625,-180.045166015625,-108.0989761352539,506.5662536621094,-251.3265838623047,-256.95953369140625,879.337646484375
74.62419891357422,-74.61666870117188,201.13449096679688,90.50699615478516,-155.454833984375,993.6466064453124,96.55802917480467,-269.4520568847656,517.5302734375,194.87315368652344,-112.8110809326172,844.3661499023438,-147.48812866210938,-59.465579986572266,146.42715454101562,-211.6813507080078,-137.63673400878906,1004.9630126953124,-180.09825134277344,-101.1862335205078,506.4645080566406,-249.3315887451172,-260.03814697265625,880.807373046875
75.50138092041016,-93.08223724365234,193.6647491455078,90.300537109375,-154.68788146972656,994.0173950195312,94.7674789428711,-272.67974853515625,519.4627075195312,194.82513427734372,-108.84967803955078,844.2010498046875,-147.49871826171875,-50.1207275390625,146.48423767089844,-211.70567321777344,-135.89794921875,1004.2775268554688,-180.0926055908203,-94.43463134765624,506.3368225097656,-247.25543212890625,-262.9938659667969,882.0811767578125
76.54742431640625,-111.9952621459961,186.37042236328125,90.1617202758789,-153.94830322265625,994.157470703125,92.9389190673828,-275.3205871582031,520.9961547851562,194.66195678710935,-105.0650405883789,843.9036865234375,-147.4895782470703,-40.80012512207031,146.54391479492188,-211.65463256835935,-134.23143005371094,1003.5057373046876,-180.03599548339844,-87.84745788574219,506.1842956542969,-245.1097717285156,-265.8241577148437,883.1476440429688
77.7343978881836,-131.28421020507812,179.3804931640625,90.08757781982422,-153.24681091308594,994.0628662109376,91.11375427246094,-277.3950500488281,522.112548828125,194.38702392578125,-101.45849609375,843.4661865234375,-147.4635009765625,-31.501895904541016,146.60691833496094,-211.5363922119141,-132.64610290527344,1002.6506958007812,-179.93896484375,-81.42316436767578,506.00927734375,-242.9068603515625,-268.5267944335937,883.9972534179688
79.03178405761719,-150.8614959716797,172.81301879882812,90.07452392578124,-152.59547424316406,993.7335815429688,89.33552551269531,-278.93170166015625,522.8043212890625,194.0058441162109,-98.0309829711914,842.883544921875,-147.42381286621094,-22.22393798828125,146.67420959472656,-211.3603973388672,-131.15011596679688,1001.7156982421876,-179.81439208984375,-75.15637969970703,505.8144226074219,-240.6594390869141,-271.0996398925781,884.6226196289062
80.40721130371094,-170.6229248046875,166.7714080810547,90.11862182617188,-152.0074462890625,993.1739501953124,87.64734649658203,-279.9677429199219,523.0748901367188,193.52603149414065,-94.78327941894533,842.1533813476562,-147.3739776611328,-12.964441299438477,146.7471160888672,-211.1367950439453,-129.75128173828125,1000.703857421875,-179.67677307128906,-69.0390396118164,505.6020202636719,-238.38075256347656,-273.5406494140625,885.0189208984375
81.82681274414062,-190.4467620849609,161.34056091308594,90.21585845947266,-151.49655151367188,992.3921508789062,86.08916473388672,-280.5495300292969,522.9392700195312,192.95721435546875,-91.7161102294922,841.2761840820312,-147.31729125976562,-3.7225148677825928,146.82733154296875,-210.8759307861328,-128.45750427246094,999.6185913085938,-179.54115295410156,-63.06169509887695,505.3735656738281,-236.08453369140625,-275.8477478027344,885.183837890625
83.25528717041016,-210.1933135986328,156.5831756591797,90.3624038696289,-151.07684326171875,991.4004516601562,84.69512176513672,-280.73297119140625,522.4236450195312,192.31100463867188,-88.83028411865234,840.2546997070312,-147.25674438476562,5.501059532165527,146.91714477539062,-210.58773803710935,-127.27709197998048,998.4633178710938,-179.42181396484375,-57.21513366699219,505.12939453125,-233.784912109375,-278.0188903808594,885.1177368164062
84.65574645996094,-229.7055206298828,152.53663635253906,90.55487823486328,-150.76219177246094,990.2149047851562,83.49120330810547,-280.582763671875,521.5643310546875,191.6007537841797,-86.12684631347656,839.0943603515625,-147.195068359375,14.703038215637209,147.01963806152344,-210.28121948242188,-126.218994140625,997.2417602539062,-179.3308868408203,-51.4922981262207,504.8687744140625,-231.4962310791016,-280.0517883300781,884.8235473632812
85.98973846435547,-248.81069946289065,149.21109008789062,90.79048919677734,-150.56597900390625,988.8553466796876,82.49344635009766,-280.1710510253906,520.40625,190.8414306640625,-83.60712432861328,837.8026733398438,-147.1350555419922,23.87699317932129,147.13916015625,-209.9638214111328,-125.29283905029295,995.9583129882812,-179.2769317626953,-45.8901481628418,504.5906066894531,-229.23297119140625,-281.94403076171875,884.3070678710938
87.21784973144531,-267.3234558105469,146.5889892578125,91.0671844482422,-150.50083923339844,987.34521484375,81.70684814453125,-279.5744934082031,519.0008544921875,190.04937744140625,-81.27283477783203,836.3893432617188,-147.07992553710938,33.0129508972168,147.28182983398438,-209.640869140625,-124.50901794433594,994.6177368164062,-179.26373291015625,-40.41113662719727,504.2941589355469,-227.00958251953125,-283.69293212890625,883.5765380859375
88.30123901367188,-285.05029296875,144.62648010253906,91.38371276855467,-150.57858276367188,985.7111206054688,81.1252212524414,-278.8708801269531,517.4031982421875,189.2419891357422,-79.12618255615234,834.8661499023438,-147.0332794189453,42.0977783203125,147.45602416992188,-209.3150787353516,-123.87881469726562,993.225830078125,-179.28939819335938,-35.06433868408203,503.9803466796875,-224.84022521972656,-285.2955017089844,882.6428833007812
89.20386505126953,-301.7956848144531,143.25657653808594,91.73957061767578,-150.8100128173828,983.982421875,80.7318115234375,-278.1351013183594,515.66943359375,188.43753051757807,-77.16986846923828,833.2466430664062,-146.99916076660156,51.11611557006836,147.67254638671875,-208.9862823486328,-123.41448974609376,991.7893676757812,-179.34580993652344,-29.86617851257324,503.6524353027344,-222.7386779785156,-286.7484436035156,881.5192260742188
89.89500427246094,-317.3700561523437,142.39393615722656,92.13491821289062,-151.20501708984375,982.1908569335938,80.50083923339844,-277.4353942871094,513.8539428710938,187.6546630859375,-75.4072494506836,831.5460205078125,-146.9818572998047,60.05144119262695,147.94432067871094,-208.6513214111328,-123.12924194335938,990.3161010742188,-179.41864013671875,-24.840782165527344,503.316650390625,-220.7180328369141,-288.048095703125,880.2211303710938
90.35154724121094,-331.5980224609375,141.94090270996094,92.5704345703125,-151.77235412597656,980.3695678710938,80.39962768554688,-276.8304138183594,512.0074462890625,186.91226196289065,-73.84228515625,829.781005859375,-146.98590087890625,68.88712310791016,148.285888671875,-208.3044891357422,-123.03681182861328,988.8150634765624,-179.48764038085938,-20.0197811126709,502.9820556640625,-218.7905731201172,-289.1906433105469,878.7659912109375
90.5598373413086,-344.3261108398437,141.7941131591797,93.04708099365234,-152.5196533203125,978.5528564453124,80.39128875732422,-276.3677062988281,510.1753845214844,186.2289276123047,-72.47970581054688,827.9696044921875,-147.01585388183594,77.60734558105469,148.71275329589844,-207.93832397460935,-123.1507797241211,987.2964477539062,-179.52767944335938,-15.44156551361084,502.6597595214844,-216.96763610839844,-290.1719665527344,877.1729736328125
90.51639556884766,-355.4291076660156,141.85076904296875,93.5659408569336,-153.45321655273438,976.7747802734376,80.43777465820312,-276.0829467773437,508.3975830078125,185.62274169921875,-71.3249740600586,826.1309204101562,-147.0758514404297,86.19783782958984,149.24087524414062,-207.5444183349609,-123.48379516601562,985.7716674804688,-179.50991821289062,-11.149977684020996,502.3619689941406,-215.25938415527344,-290.9879150390625,875.4627075195312
90.22764587402344,-364.8148193359375,142.0143280029297,94.12796020507812,-154.5777587890625,975.0689697265624,80.50292205810547,-276.0004577636719,506.7080078125,185.11083984375,-70.3843994140625,824.2847290039062,-147.16917419433594,94.64616394042967,149.88629150390625,-207.11422729492188,-124.04678344726562,984.2529907226562,-179.40350341796875,-7.192636489868164,502.1003112792969,-213.67474365234372,-291.6343994140625,873.6568603515625
89.70950317382812,-372.42816162109375,142.1995086669922,94.73381042480467,-155.8961181640625,973.4676513671876,80.55534362792969,-276.1341552734375,505.1348571777344,184.70909118652344,-69.66515350341797,822.4512939453125,-147.2978515625,102.9412612915039,150.66468811035156,-206.6397399902344,-124.84839630126952,982.75341796875,-179.1774139404297,-3.619182109832764,501.8844604492188,-212.2213287353516,-292.1075439453125,871.7780151367188
88.98733520507812,-378.2546997070313,142.3366241455078,95.38378143310548,-157.40895080566406,972.0008544921876,80.57086944580078,-276.4892272949219,503.7012023925781,184.4318389892578,-69.17524719238281,820.6510620117188,-147.4625244140625,111.0723876953125,151.59129333496094,-206.11395263671875,-125.89441680908205,981.2859497070312,-178.80250549316406,-0.4797078371047973,501.720458984375,-210.9053955078125,-292.40380859375,869.8491821289062
88.0958023071289,-382.3229675292969,142.3744354248047,96.07762145996094,-159.11441040039062,970.6961059570312,80.53441619873047,-277.0636901855469,502.4253540039063,184.2915802001953,-68.92354583740234,818.9042358398438,-147.66241455078125,119.0274429321289,152.68063354492188,-205.53128051757807,-127.1872100830078,979.8634033203124,-178.25376892089844,2.1763384342193604,501.609619140625,-209.7318115234375,-292.5203552246094,867.8934936523438
87.07819366455078,-384.7043762207031,142.28097534179688,96.81451416015624,-161.00790405273438,969.5778198242188,80.44111633300781,-277.8504638671875,501.3218688964844,184.29869079589844,-68.91967010498047,817.2305297851562,-147.89547729492188,126.79100036621094,153.94659423828125,-204.8878326416016,-128.7251434326172,978.4978637695312,-177.51258850097656,4.300722599029541,501.5474853515625,-208.70413208007807,-292.4549255371094,865.933837890625
85.98495483398438,-385.5103454589844,142.04222106933594,97.59298706054688,-163.08189392089844,968.6671142578124,80.29669189453125,-278.83917236328125,500.4021301269531,184.4613494873047,-69.17391967773438,815.64892578125,-148.15858459472656,134.3423309326172,155.40257263183594,-204.1817169189453,-130.50201416015625,977.2006225585938,-176.56907653808594,5.846569061279297,501.5237426757813,-207.8246612548828,-292.206298828125,863.99267578125
84.87110137939453,-384.8854370117188,141.65866088867188,98.41092681884766,-165.32574462890625,967.9810791015624,80.11705780029297,-280.017578125,499.6749267578125,184.7852783203125,-69.69712829589844,814.1773071289062,-148.44766235351562,141.65342712402344,157.06182861328125,-203.4131317138672,-132.50637817382812,975.9815063476562,-175.42413330078125,6.768187999725342,501.5221557617188,-207.09446716308597,-291.7742614746094,862.0916137695312
83.79256439208984,-382.997802734375,141.14077758789062,99.26561737060548,-167.7256622314453,967.5328979492188,79.92705535888672,-281.3722229003906,499.146484375,185.27378845214844,-70.50048065185547,812.8323974609375,-148.7578582763672,148.68716430664062,158.93804931640625,-202.5843505859375,-134.72109985351562,974.8492431640624,-174.0912322998047,7.020733833312988,501.5211181640625,-206.5136260986328,-291.1598815917969,860.2511596679688
82.8017578125,-380.0264892578125,140.5052032470703,100.1537857055664,-170.2646942138672,967.3316040039062,79.75830841064453,-282.8880615234375,498.8199462890625,185.92762756347656,-71.59535217285156,811.6292114257812,-149.08396911621094,155.39552307128906,161.0457305908203,-201.69976806640625,-137.1229248046875,973.81103515625,-172.59747314453125,6.559920787811279,501.4945373535156,-206.0812225341797,-290.36541748046875,858.4905395507812
81.94313049316406,-376.1480102539063,139.77279663085938,101.07171630859376,-172.92294311523438,967.3814086914062,79.64640808105469,-284.54718017578125,498.6939392089844,186.74517822265625,-72.99305725097656,810.5811767578125,-149.42059326171875,161.71847534179688,163.40037536621094,-200.7656707763672,-139.6824951171875,972.8724975585938,-170.983642578125,5.342144966125488,501.41253662109375,-205.7955017089844,-289.39453125,856.8275146484375
81.2492904663086,-371.5240173339844,138.9683074951172,102.01530456542967,-175.6779022216797,967.6820068359376,79.62750244140625,-286.3265075683594,498.7611999511719,187.7224273681641,-74.7046127319336,809.7000122070312,-149.7626190185547,167.58360290527344,166.01856994628906,-199.79000854492188,-142.3647003173828,972.037841796875,-169.30288696289062,3.325488328933716,501.2427978515625,-205.6540679931641,-288.2522888183594,855.2781982421875
80.7379150390625,-366.2917785644531,138.1194305419922,102.9801254272461,-178.50497436523438,968.2281494140624,79.73468017578125,-288.194580078125,499.0065612792969,188.8531951904297,-76.7404556274414,808.995361328125,-150.10549926757812,172.90682983398438,168.91775512695312,-198.78196716308597,-145.1293182373047,971.3094482421876,-167.61766052246094,0.4720872044563293,500.9519958496094,-205.6538848876953,-286.9450988769531,853.8566284179688
80.41007995605469,-360.5596923828125,137.25547790527344,103.96150207519533,-181.3780517578125,969.009765625,79.99444580078125,-290.1083374023437,499.4057922363281,190.12928771972656,-79.11018371582031,808.47509765625,-150.44546508789062,177.593994140625,172.11595153808594,-197.75148010253903,-147.9319305419922,970.6882934570312,-165.99513244628906,-3.248212575912476,500.5079956054688,-205.7914581298828,-285.4806213378906,852.5751342773438
80.25065612792969,-354.4068603515625,136.40545654296875,104.95452880859376,-184.27020263671875,970.011962890625,80.4238052368164,-292.0098571777344,499.9252014160156,191.5407257080078,-81.82225036621094,808.144775390625,-150.77931213378906,181.5434417724609,175.63092041015625,-196.7085876464844,-150.72509765625,970.1737060546876,-164.50196838378906,-7.853980541229248,499.8823547363281,-206.06288146972656,-283.8677673339844,851.4437255859375
80.23112487792969,-347.8861694335937,135.59622192382812,105.9541473388672,-187.1543731689453,971.2154541015624,81.02832794189453,-293.8238830566406,500.5226135253906,193.07591247558597,-84.88368225097656,808.00830078125,-151.10401916503906,184.64942932128903,179.4789276123047,-195.6627197265625,-153.46002197265625,969.7637939453124,-163.19927978515625,-13.34917163848877,499.0528259277344,-206.4639434814453,-282.11651611328125,850.4702758789062
80.3140640258789,-341.029541015625,134.85047912597656,106.9551239013672,-190.0038604736328,972.5969848632812,81.80155181884766,-295.4579162597656,501.150146484375,194.721923828125,-88.29976654052734,808.0674438476562,-151.41586303710938,186.80653381347656,183.6727752685547,-194.6220245361328,-156.08851623535156,969.45556640625,-162.1382293701172,-19.72150230407715,498.005859375,-206.9901428222656,-280.2377319335937,849.6605224609375
80.45843505859375,-333.8537902832031,134.18540954589844,107.95216369628906,-192.7928771972656,974.1302490234376,82.72574615478516,-296.80426025390625,501.7578430175781,196.46466064453125,-92.07386016845705,808.322265625,-151.7096405029297,187.91482543945312,188.2192840576172,-193.593017578125,-158.56521606445312,969.2452392578124,-161.3563232421875,-26.94220924377441,496.7390747070313,-207.63677978515625,-278.2429504394531,849.017822265625
80.62480926513672,-326.3670654296875,133.61172485351562,108.93997192382812,-195.49676513671875,975.7867431640624,83.77400207519531,-297.7455139160156,502.29791259765625,198.28907775878903,-96.20714569091795,808.7711181640625,-151.9781494140625,187.88548278808597,193.11605834960935,-192.58067321777344,-160.84942626953125,969.1292724609376,-160.8743438720703,-34.96659851074219,495.26409912109375,-208.39892578125,-276.1440734863281,848.54345703125
80.7796859741211,-318.57440185546875,133.13340759277344,109.9134292602539,-198.09213256835935,977.53662109375,84.91322326660156,-298.1621398925781,502.72900390625,200.17941284179688,-100.6985321044922,809.4110107421875,-152.21194458007812,186.6467742919922,198.34841918945312,-191.58865356445312,-162.90664672851562,969.1044921875,-160.69444274902344,-43.73531723022461,493.6091003417969,-209.271484375,-273.95330810546875,848.236572265625
80.89835357666016,-310.48291015625,132.74806213378906,110.8678741455078,-200.5568084716797,979.3501586914062,86.10763549804688,-297.94207763671875,503.0196838378906,202.11932373046875,-105.54452514648438,810.2378540039062,-152.3997344970703,184.14976501464844,203.88645935058597,-190.6195831298828,-164.70973205566406,969.1689453125,-160.80015563964844,-53.1765251159668,491.8208618164063,-210.2491607666016,-271.6826477050781,848.094482421875
80.9659652709961,-302.10565185546875,132.44784545898438,111.7993621826172,-202.86978149414065,981.1983642578124,87.3225326538086,-296.9909362792969,503.1507263183594,204.0921173095703,-110.73925018310548,811.24658203125,-152.52915954589844,180.3737030029297,209.68341064453125,-189.67539978027344,-166.23988342285156,969.322265625,-161.15866088867188,-63.2089958190918,489.9652099609375,-211.3264312744141,-269.34381103515625,848.1126098632812
80.97726440429688,-293.46343994140625,132.2209014892578,112.7049789428711,-205.0112152099609,983.0538330078124,88.52784729003906,-295.2412414550781,503.1160278320313,206.08087158203125,-116.27446746826172,812.4317626953125,-152.5876922607422,175.3299560546875,215.6757659912109,-188.75759887695312,-167.48719787597656,969.5661010742188,-161.7250518798828,-73.74554443359375,488.12542724609375,-212.49749755859372,-266.9477844238281,848.2847900390625
80.93521881103516,-284.5851135253906,132.05288696289062,113.58306121826172,-206.9627227783203,984.8916015625,89.70101165771484,-292.6600036621094,502.92230224609375,208.0686798095703,-122.13965606689452,813.7874755859375,-152.56422424316406,169.0633544921875,221.7852325439453,-187.86734008789065,-168.45091247558594,969.9036865234376,-162.44764709472656,-84.69625854492188,486.3982543945313,-213.7561798095703,-264.5048828125,848.6031494140625
80.8490219116211,-275.5055847167969,131.92884826660156,114.43335723876952,-208.7075042724609,986.6890869140624,90.8287124633789,-289.2526550292969,502.5873107910156,210.0387725830078,-128.32212829589844,815.307861328125,-152.45059204101562,161.65037536621094,227.9217834472656,-187.0055694580078,-169.1392364501953,970.3402099609376,-163.2734832763672,-95.9713897705078,484.88763427734375,-215.0957794189453,-262.0243225097656,849.0586547851562
80.73165130615234,-266.2633056640625,131.83465576171875,115.257080078125,-210.23080444335935,988.4264526367188,91.90703582763672,-285.06304931640625,502.1373291015625,211.9747314453125,-134.8071746826172,816.987060546875,-152.24331665039062,153.1934814453125,233.98696899414065,-186.1729888916016,-169.56871032714844,970.8818359375,-164.1533660888672,-107.48394775390624,483.6970520019531,-216.50901794433597,-259.5141906738281,849.6406860351562
80.59739685058594,-256.8973693847656,131.75820922851562,116.05679321289062,-211.5203399658203,990.0863037109376,92.9397964477539,-280.1688537597656,501.6036682128906,213.8606414794922,-141.57827758789062,818.8193359375,-151.9445037841797,143.81214904785156,239.8762664794922,-185.3699951171875,-169.7630615234375,971.5352783203124,-165.0457000732422,-119.15177154541016,482.9211730957031,-217.98779296875,-256.9814758300781,850.33740234375
80.45963287353516,-247.4444732666016,131.6903076171875,116.83614349365234,-212.56674194335935,991.6538696289062,93.93516540527344,-274.67291259765625,501.0188903808594,215.6813201904297,-148.61715698242188,820.7992553710938,-151.56195068359375,133.63160705566406,245.48043823242188,-184.59678649902344,-169.7517852783203,972.3068237304688,-165.9189910888672,-130.8983154296875,482.6385498046875,-219.5231170654297,-254.43186950683597,851.135498046875
80.32914733886719,-237.93698120117188,131.6250457763672,117.59944915771484,-213.3640289306641,993.1163330078124,94.90106201171876,-268.6922302246094,500.4135437011719,217.42233276367188,-155.9040069580078,822.9215087890625,-151.10812377929688,122.77167510986328,250.6861724853516,-183.8533172607422,-169.56825256347656,973.2015380859376,-166.75244140625,-142.65139770507812,482.9054565429688,-221.10498046875,-251.86990356445312,852.0203247070312
80.2130355834961,-228.4016265869141,131.55975341796875,118.3511962890625,-213.90997314453125,994.4628295898438,95.8402862548828,-262.3459167480469,499.8133850097656,219.0702362060547,-163.41757202148438,825.1809692382812,-150.59861755371094,111.33811950683594,255.37794494628903,-183.139404296875,-169.24769592285156,974.22216796875,-167.5348358154297,-154.34092712402344,483.7522277832031,-222.7222900390625,-249.2989654541016,852.9759521484375
80.11412048339844,-218.8589630126953,131.49462890625,119.09552001953124,-214.20632934570312,995.6841430664062,96.7466278076172,-255.74417114257807,499.2377014160156,220.6125640869141,-171.13531494140625,827.5724487304688,-150.05047607421875,99.41761016845705,259.4422912597656,-182.45489501953125,-168.82508850097656,975.3681640625,-168.26284790039062,-165.8972625732422,485.1817321777344,-224.3629150390625,-246.72146606445312,853.985107421875
80.03105163574219,-209.323486328125,131.43211364746094,119.83566284179688,-214.2588348388672,996.7725830078124,97.603271484375,-248.9798126220703,498.6985778808594,222.03794860839844,-179.0335693359375,830.0907592773438,-149.48129272460938,87.07634735107422,262.7740783691406,-181.79977416992188,-168.33326721191406,976.6349487304688,-168.93882751464844,-177.25144958496094,487.169921875,-226.01370239257807,-244.13894653320312,855.0291748046875
79.9590072631836,-199.8042907714844,131.3760528564453,120.57347106933594,-214.07701110839844,997.7216186523438,98.3844757080078,-242.12274169921875,498.2012634277344,223.33604431152344,-187.08773803710935,832.7303466796875,-148.9091033935547,74.36076354980469,265.2831420898437,-181.17434692382807,-167.80125427246094,978.013427734375,-169.5681915283203,-188.33685302734372,489.6681213378906,-227.66067504882807,-241.55227661132807,856.0885620117188
79.89083099365234,-190.3059844970703,131.33090209960938,121.3090591430664,-213.67376708984372,998.5263671875,99.0605697631836,-235.2179107666016,497.7451171875,224.4976348876953,-195.2724151611328,835.4851684570312,-148.35313415527344,61.2992057800293,266.8996887207031,-180.5793609619141,-167.25308227539062,979.4894409179688,-170.1563720703125,-199.09222412109372,492.6072692871094,-229.2892608642578,-238.96180725097656,857.1427001953125
79.81842041015625,-180.82994079589844,131.3009490966797,122.0405502319336,-213.06491088867188,999.1832885742188,99.60508728027344,-228.2864990234375,497.325439453125,225.51454162597656,-203.56158447265625,838.3485107421875,-147.83433532714844,47.90412521362305,267.5775451660156,-180.01612854003906,-166.70700073242188,981.0443725585938,-170.70591735839844,-209.46470642089844,495.903564453125,-230.8845672607422,-236.36767578125,858.1703491210938
79.73394775390625,-171.37538146972656,131.28982543945312,122.76409149169922,-212.26844787597656,999.6903076171876,100.00169372558594,-221.32986450195312,496.9353637695313,226.379638671875,-211.92874145507807,841.3128051757812,-147.37503051757812,34.17501449584961,267.2951965332031,-179.48643493652344,-166.17535400390625,982.6552124023438,-171.2139129638672,-219.4117889404297,499.46533203125,-232.4317779541016,-233.76988220214844,859.1500854492188
79.63093566894531,-161.94044494628906,131.3002166748047,123.4739990234375,-211.30409240722656,1000.0467529296876,100.2483139038086,-214.33583068847656,496.567626953125,227.0868377685547,-220.3470916748047,844.3695678710938,-146.99771118164062,20.10196685791016,266.054931640625,-178.99267578125,-165.6649169921875,984.2954711914062,-171.6704864501953,-228.90167236328125,503.1998291015625,-233.9165954589844,-231.1685791015625,860.0604858398438
79.50475311279297,-152.52313232421875,131.33389282226562,124.16307830810548,-210.1927032470703,1000.2535400390624,100.35698699951172,-207.28582763671875,496.2157897949219,227.6310272216797,-228.78965759277344,847.509033203125,-146.72381591796875,5.668719291687012,263.8808898925781,-178.53765869140625,-165.17788696289062,985.9364624023438,-172.0586700439453,-237.9118194580078,507.0192260742188,-235.32550048828125,-228.56419372558597,860.8807983398438
79.35284423828125,-143.12197875976562,131.39187622070312,124.8230209350586,-208.95590209960935,1000.3131713867188,100.3502197265625,-200.1615447998047,495.8749084472656,228.0080718994141,-237.22943115234372,850.7203979492188,-146.57284545898438,-9.145509719848633,260.8162841796875,-178.12461853027344,-164.7130889892578,987.5480346679688,-172.35580444335938,-246.4260406494141,510.8448486328125,-236.6463165283203,-225.95755004882807,861.5911254882812
79.17457580566406,-133.73635864257812,131.4746551513672,125.44489288330078,-207.61569213867188,1000.2295532226562,100.25554656982422,-192.949951171875,495.5416564941406,228.21481323242188,-245.63949584960935,853.991455078125,-146.56158447265625,-24.364925384521484,256.920166015625,-177.7569580078125,-164.26739501953125,989.1002197265624,-172.5360870361328,-254.43089294433597,514.6084594726562,-237.86834716796875,-223.3500518798828,862.17333984375
78.97106170654297,-124.36641693115234,131.5823974609375,126.01959228515624,-206.1939392089844,1000.008056640625,100.10020446777344,-185.6468963623047,495.2142333984375,228.2489776611328,-253.9932098388672,857.3088989257812,-146.70339965820312,-40.01615524291992,252.26510620117188,-177.43804931640625,-163.83685302734375,990.5642700195312,-172.57395935058594,-261.9125366210937,518.2512817382812,-238.98280334472656,-220.74365234375,862.6110229492188
78.74481964111328,-115.01270294189452,131.71507263183594,126.5383758544922,-204.7118682861328,999.6553344726562,99.90714263916016,-178.2592315673828,494.89166259765625,228.1092529296875,-262.2642517089844,860.658203125,-147.0074005126953,-56.12675094604492,246.93528747558597,-177.17103576660156,-163.4176788330078,991.9135131835938,-172.447998046875,-268.854736328125,521.7216186523438,-239.98292541503903,-218.1410217285156,862.8902587890625
78.49954223632812,-105.67561340332033,131.87240600585938,126.99335479736328,-203.18988037109372,999.1790771484376,99.6928482055664,-170.8053741455078,494.5736083984375,227.79525756835935,-270.4267883300781,864.0238647460938,-147.47789001464844,-72.72281646728516,241.02542114257807,-176.9586181640625,-163.00711059570312,993.1246948242188,-172.14451599121094,-275.2381896972656,524.9713134765625,-240.8641662597656,-215.5454864501953,862.999755859375
78.23970031738281,-96.3550262451172,132.05380249023438,127.37799835205078,-201.6472625732422,998.587890625,99.46688842773438,-163.31434631347656,494.2599792480469,227.3075256347656,-278.4555358886719,867.389404296875,-148.11363220214844,-89.82559967041016,234.6400451660156,-176.8029022216797,-162.60391235351562,994.1779174804688,-171.65988159179688,-281.0409851074219,527.9539794921875,-241.62417602539065,-212.9610290527344,862.9312133789062
77.97010040283203,-87.0507583618164,132.25828552246094,127.68748474121094,-200.1021423339844,997.8908081054688,99.23294067382812,-155.82337951660156,493.9509582519531,226.64752197265625,-286.3258972167969,870.7374877929688,-148.90725708007812,-107.4472885131836,227.89279174804688,-176.70518493652344,-162.20875549316406,995.0574340820312,-171.00115966796875,-286.2394104003906,530.6239624023438,-242.26284790039065,-210.39231872558597,862.67919921875
77.69554138183594,-77.76305389404297,132.484619140625,127.91896057128906,-198.5714263916016,997.0975952148438,98.99077606201172,-148.3748779296875,493.6471862792969,225.817626953125,-294.0140075683594,874.05029296875,-149.84469604492188,-125.58643341064452,220.90533447265625,-176.66592407226562,-161.824462890625,995.7517700195312,-170.18565368652344,-290.80938720703125,532.9369506835938,-242.7821350097656,-207.8446044921875,862.2415161132812
77.42074584960938,-68.49291229248047,132.73159790039062,128.07162475585938,-197.0707550048828,996.2180786132812,98.73867797851562,-141.01303100585938,493.3498229980469,224.82115173339844,-301.4970092773437,877.309326171875,-150.9050750732422,-144.22386169433594,213.8058319091797,-176.68466186523438,-161.45596313476562,996.2532348632812,-169.2393341064453,-294.7283935546875,534.850830078125,-243.1859436035156,-205.32376098632807,861.6189575195312
77.15021514892578,-59.24236679077149,132.9982452392578,128.14669799804688,-195.61447143554688,995.262451171875,98.4757080078125,-133.78060913085938,493.060791015625,223.6623077392578,-308.7530212402344,880.4959106445312,-152.06085205078125,-163.31964111328125,206.72677612304688,-176.7599639892578,-161.1102294921875,996.5585327148438,-168.19500732421875,-297.9775695800781,536.327392578125,-243.47987365722656,-202.8361053466797,860.8150634765625
76.88822937011719,-50.01472091674805,133.28404235839844,128.14732360839844,-194.21560668945312,994.2408447265624,98.20335388183594,-126.71630859375,492.7826843261719,222.3461151123047,-315.76123046875,883.5911865234375,-153.2788543701172,-182.81182861328125,199.80224609375,-176.88955688476562,-160.7960968017578,996.6677856445312,-167.0899200439453,-300.5443115234375,537.3343505859375,-243.6710205078125,-200.38851928710935,859.8358764648438
76.63884735107422,-40.81466674804688,133.58914184570312,128.0782012939453,-192.8858642578125,993.163330078125,97.92632293701172,-119.85309600830078,492.5186462402344,220.8784027099609,-322.5022888183594,886.576171875,-154.52171325683594,-202.6163787841797,193.16458129882807,-177.07044982910156,-160.52398681640625,996.5849609375,-165.9634246826172,-302.4248352050781,537.8477172851562,-243.7677001953125,-197.98825073242188,858.6898803710938
76.40584564208984,-31.64826774597168,133.91456604003906,127.94542694091795,-191.6356658935547,992.0394897460938,97.65242767333984,-113.21824645996094,492.2717590332031,219.2657470703125,-328.9580383300781,889.4320678710938,-155.74969482421875,-222.62744140625,186.9400177001953,-177.29904174804688,-160.3056640625,996.317138671875,-164.8544921875,-303.6265869140625,537.8549194335938,-243.7792205810547,-195.6429901123047,857.3871459960938
76.19274139404297,-22.52275848388672,134.26246643066406,127.75601959228516,-190.47442626953125,990.8782958984376,97.3917465209961,-106.83460998535156,492.0441589355469,217.51531982421875,-335.1119384765625,892.1404418945312,-156.92266845703125,-242.71707153320312,181.24334716796875,-177.57144165039062,-160.15402221679688,995.8743286132812,-163.79946899414062,-304.1709289550781,537.3576049804688,-243.71566772460935,-193.36080932617188,855.9393920898438
76.00284576416016,-13.446321487426758,134.6363067626953,127.51753997802734,-189.41075134277344,989.68798828125,97.15518188476562,-100.7224578857422,491.8362731933594,215.63494873046875,-340.9488525390625,894.68310546875,-158.00173950195312,-262.73492431640625,176.1717071533203,-177.88363647460938,-160.08282470703125,995.2694091796876,-162.8300018310547,-304.0951232910156,536.3738403320312,-243.58773803710935,-191.150146484375,854.3594970703125
75.83931732177734,-4.4279561042785645,135.04115295410156,127.23760223388672,-188.4527587890625,988.4755859375,96.9529037475586,-94.90088653564452,491.6459655761719,213.6329498291016,-346.4552307128906,897.0425415039062,-158.95045471191406,-282.5082702636719,171.7981719970703,-178.231689453125,-160.1065216064453,994.5173950195312,-161.9713134765625,-303.4543762207031,534.9389038085938,-243.40660095214844,-189.0197906494141,852.6609497070312
75.70538330078125,4.522463321685791,135.48382568359375,126.92340087890624,-187.60833740234372,987.246826171875,96.79287719726562,-89.38862609863281,491.46820068359375,211.51809692382807,-351.61895751953125,899.2020263671875,-159.73550415039062,-301.8438720703125,168.16607666015625,-178.6119842529297,-160.2401123046875,993.6353149414062,-161.24078369140625,-302.3225402832031,533.1050415039062,-243.1837615966797,-186.97886657714844,850.8580322265625
75.60440063476562,13.393987655639648,135.9730224609375,126.58123779296876,-186.8854522705078,986.0062255859376,96.67964935302734,-84.20423889160156,491.2949523925781,209.2996368408203,-356.4294128417969,901.145751953125,-160.3271942138672,-320.5323791503906,165.28500366210938,-179.02127075195312,-160.49879455566406,992.6419677734376,-160.6470184326172,-300.7921142578125,530.9392700195312,-242.9310302734375,-185.036865234375,848.9649658203125
75.53971099853516,22.17455291748047,136.51901245117188,126.2161636352539,-186.29232788085935,984.7567749023438,96.61338806152344,-79.36589813232422,491.1156005859375,206.9871826171875,-360.87738037109375,902.8590698242188,-160.69976806640625,-338.3547058105469,163.1291961669922,-179.45681762695312,-160.8976593017578,991.557373046875,-160.1896514892578,-298.9721069335937,528.519775390625,-242.6603546142578,-183.20358276367188,846.996337890625
75.51371765136719,30.85155296325684,137.13316345214844,125.83165740966795,-185.83763122558597,983.5003662109376,96.5892105102539,-74.89080047607422,490.9178771972656,204.59078979492188,-364.9548645019531,904.3287353515624,-160.8319549560547,-355.09088134765625,161.63882446289062,-179.9164581298828,-161.45147705078125,990.4025268554688,-159.8594512939453,-296.98443603515625,525.931884765625,-242.38389587402344,-181.48915100097656,844.9667358398438
75.52680206298828,39.41268157958984,137.8274688720703,125.42950439453124,-185.5306701660156,982.2380981445312,96.59676361083984,-70.79430389404297,490.6889343261719,202.12091064453125,-368.6551818847656,905.5428466796876,-160.70765686035156,-370.5298156738281,160.72409057617188,-180.39865112304688,-162.17431640625,989.1989135742188,-159.6389923095703,-294.9589233398437,523.2628784179688,-242.1138916015625,-179.90396118164062,842.8906860351562
75.57669067382812,47.8466796875,138.61415100097656,125.00984191894533,-185.3813934326172,980.9707641601562,96.6201629638672,-67.08917236328125,490.4166870117188,199.5884704589844,-371.9725646972656,906.4915771484376,-160.31678771972656,-384.4801025390625,160.27197265625,-180.9025115966797,-163.0793914794922,987.9684448242188,-159.50360107421875,-293.0269470214844,520.5977172851562,-241.8625946044922,-178.45867919921875,840.7828979492188
75.65819549560547,56.14382553100586,139.5054931640625,124.5712661743164,-185.4002685546875,979.6996459960938,96.63829040527344,-63.784812927246094,490.0911254882813,197.0049591064453,-374.90234375,907.1669311523438,-159.65609741210938,-396.7804870605469,160.15536499023438,-181.42767333984372,-164.17868041992188,986.7326049804688,-159.42266845703125,-291.3144226074219,518.0145874023438,-241.6422576904297,-177.16419982910156,838.6580810546875
75.76337432861328,64.296142578125,140.5135040283203,124.11102294921876,-185.59788513183597,978.4267578125,96.62555694580078,-60.88692474365234,489.7052001953125,194.3824462890625,-377.4405822753906,907.5630493164062,-158.72982788085938,-407.3095397949219,160.2433624267578,-181.97427368164065,-165.48269653320312,985.5126953125,-159.3616943359375,-289.9343566894531,515.580322265625,-241.4649810791016,-176.03150939941406,836.5313110351562
75.88201904296875,72.29728698730469,141.64971923828125,123.62545013427734,-185.9845428466797,977.1556396484376,96.5533218383789,-58.39752960205078,489.255615234375,191.733642578125,-379.5841674804688,907.6765747070312,-157.5501708984375,-415.9932861328125,160.4120330810547,-182.5426788330078,-166.9999237060547,984.3291015625,-159.28482055664062,-288.9801940917969,513.34765625,-241.34255981445312,-175.07174682617188,834.4178466796875
76.0024185180664,80.14205169677734,142.92494201660156,123.11034393310548,-186.56951904296875,975.89208984375,96.39205932617188,-56.3154296875,488.7429504394531,189.07205200195312,-381.3305969238281,907.5066528320312,-156.13755798339844,-422.81048583984375,160.55418395996094,-183.1333770751953,-168.73631286621094,983.2015991210938,-159.15789794921875,-288.52032470703125,511.3530578613281,-241.28636169433597,-174.2960205078125,832.33349609375
76.1123046875,87.82553100585938,144.34925842285156,122.56128692626952,-187.3605194091797,974.6442260742188,96.11412811279295,-54.63718032836914,488.17138671875,186.41195678710935,-382.6779479980469,907.0550537109376,-154.52052307128906,-427.7943115234375,160.5870819091797,-183.74679565429688,-170.6946258544922,982.1492309570312,-158.95211791992188,-288.5946350097656,509.6174011230469,-241.3070831298828,-173.71533203125,830.2946166992188
76.19985961914062,95.34197235107422,145.93202209472656,121.9737777709961,-188.36309814453125,973.4225463867188,95.6969985961914,-53.35857391357422,487.5479736328125,183.7684783935547,-383.6248168945313,906.3263549804688,-152.73545837402344,-431.0305480957031,160.45692443847656,-184.38311767578125,-172.8737030029297,981.1903076171876,-158.64743041992188,-289.2136535644531,508.1474304199219,-241.41448974609372,-173.34046936035156,828.3179321289062
76.25465393066406,102.68327331542967,147.68218994140625,121.34339141845705,-189.58009338378903,972.239501953125,95.12635803222656,-52.47664642333984,486.8816833496094,181.15760803222656,-384.1702575683594,905.3278198242188,-150.8262176513672,-432.6513977050781,160.13943481445312,-185.04209899902344,-175.267822265625,980.3427124023438,-158.23553466796875,-290.35943603515625,506.9390258789063,-241.6170959472656,-173.18191528320312,826.4210815429688
76.26834106445312,109.83737182617188,149.60885620117188,120.6661148071289,-191.01092529296875,971.1091918945312,94.39875030517578,-51.99192810058594,486.1823120117188,178.5961151123047,-384.3138732910156,904.0695190429688,-148.84352111816406,-432.8256530761719,159.6365203857422,-185.7229461669922,-177.8661346435547,979.6237182617188,-157.72174072265625,-291.9889221191406,505.9811706542969,-241.92198181152344,-173.24960327148438,824.621826171875
76.23523712158203,116.78649139404295,151.72201538085938,119.9386978149414,-192.6508331298828,970.0469360351562,93.52337646484376,-51.91061782836914,485.4595031738281,176.10147094726562,-384.0556335449219,902.5642700195312,-146.8441619873047,-431.7449951171875,158.9696044921875,-186.4242401123047,-180.65234375,979.0501098632812,-157.12574768066406,-294.0384521484375,505.25970458984375,-242.33436584472656,-173.5528564453125,822.9387817382812
76.1527099609375,123.5055923461914,154.0334014892578,119.1591339111328,-194.4901885986328,969.068603515625,92.5228042602539,-52.246376037597656,484.7214660644531,173.69168090820312,-383.3960876464844,900.8274536132812,-144.8897247314453,-429.6085815429688,158.17132568359375,-187.14382934570312,-183.60459899902344,978.6377563476562,-156.48092651367188,-296.4295959472656,504.7607116699219,-242.8574981689453,-174.10023498535156,821.3905029296875
76.02134704589844,129.9613037109375,156.55726623535156,118.32707214355467,-196.5137939453125,968.1901245117188,91.43265533447266,-53.02133560180664,483.9743957519531,171.3851318359375,-382.33642578125,898.8768920898438,-143.0442657470703,-426.6064758300781,157.2783660888672,-187.87896728515625,-186.69590759277344,978.401123046875,-155.8325653076172,-299.0750427246094,504.4720153808594,-243.4923095703125,-174.8992919921875,819.9957275390625
75.8449935913086,136.1110382080078,159.31077575683594,117.44416046142578,-198.7006072998047,967.4268188476562,90.3001708984375,-54.26607131958008,483.2216796875,169.20021057128906,-380.8784484863281,896.7325439453125,-141.37060546875,-422.9052734375,156.32640075683594,-188.6264190673828,-189.89480590820312,978.352783203125,-155.2351837158203,-301.8838806152344,504.3828430175781,-244.2373504638672,-175.9564971923828,818.77294921875
75.63055419921875,141.90184020996094,162.31349182128906,116.51427459716795,-201.0234222412109,966.7924194335938,89.18177032470703,-56.01832580566406,482.4634094238281,167.1551055908203,-379.0248718261719,894.4164428710938,-139.92481994628906,-418.6376953125,155.34718322753906,-189.38270568847656,-193.16639709472656,978.5022583007812,-154.7487030029297,-304.7652282714844,504.4816589355469,-245.08872985839844,-177.27708435058594,817.7401733398438
75.3877944946289,147.269287109375,165.5859832763672,115.54360961914062,-203.44908142089844,966.2985229492188,88.13980102539062,-58.32050323486328,481.6962890625,165.2674102783203,-376.77935791015625,891.9522094726562,-138.7500762939453,-413.8981323242188,154.36734008789062,-190.14434814453125,-196.4735412597656,978.8553466796876,-154.43385314941406,-307.6302490234375,504.7527160644531,-246.04006958007807,-178.86483764648438,816.9142456054688
75.1290283203125,152.13746643066406,169.1479949951172,114.54049682617188,-205.9390563964844,965.9537963867188,87.23838806152344,-61.21618270874024,480.9137878417969,163.55384826660156,-374.1468811035156,889.3648681640625,-137.8712615966797,-408.7444763183594,153.40863037109375,-190.9080352783203,-199.7780914306641,979.4132690429688,-154.34646606445312,-310.3918151855469,505.1725769042969,-247.0827178955078,-180.72206115722656,816.310791015625
74.8686752319336,156.42079162597656,173.01612854003906,113.51492309570312,-208.45065307617188,965.7633056640624,86.53862762451172,-64.74597930908203,480.1071472167969,162.0298614501953,-371.13372802734375,886.6801147460938,-137.2923583984375,-403.2043151855469,152.48851013183594,-191.6708526611328,-203.04202270507807,980.17236328125,-154.53118896484375,-312.96319580078125,505.7079162597656,-248.20587158203125,-182.8494110107422,815.9434204101562
74.62268829345703,160.02716064453125,177.20135498046875,112.4777603149414,-210.93869018554688,965.72802734375,86.09330749511719,-68.94327545166016,479.26654052734375,160.70933532714844,-367.747802734375,883.9242553710938,-136.99696350097656,-397.2835388183594,151.62088012695312,-192.4303131103516,-206.2283935546875,981.1233520507812,-155.0152130126953,-315.25634765625,506.3162536621094,-249.39694213867188,-185.2458038330078,815.823486328125
74.40772247314453,162.86204528808594,181.7059326171875,111.43994140625,-213.3574676513672,965.8445434570312,85.94181823730469,-73.83049011230469,478.38330078125,159.60438537597656,-363.9988098144531,881.1238403320312,-136.95162963867188,-390.97552490234375,150.81629943847656,-193.18450927734372,-209.30221557617188,982.2518310546876,-155.80311584472656,-317.1807861328125,506.9495849609375,-250.6418914794922,-187.90843200683597,815.95947265625
74.2401123046875,164.83326721191406,186.5204315185547,110.41163635253906,-215.66275024414065,966.1051025390624,86.10606384277344,-79.41622924804688,477.4521789550781,158.7250518798828,-359.8982849121094,878.3048095703125,-137.1109161376953,-384.2696838378906,150.082275390625,-193.9320526123047,-212.2310791015625,983.5385131835938,-156.87396240234375,-318.6444702148437,507.5599670410156,-251.9255523681641,-190.83262634277344,816.3568725585938
74.13443756103516,165.85626220703125,191.62115478515625,109.40166473388672,-217.8135681152344,966.4981079101562,86.58840942382812,-85.69390869140625,476.473876953125,158.0791473388672,-355.4596252441406,875.4927978515625,-137.4227294921875,-377.1585388183594,149.4235076904297,-194.67218017578125,-214.9855499267578,984.9598388671876,-158.18203735351562,-319.5561828613281,508.1053161621094,-253.232177734375,-194.01193237304688,817.0177001953125
74.10174560546875,165.8592987060547,196.9686584472656,108.41709899902344,-219.77394104003903,967.0089721679688,87.37188720703125,-92.64149475097656,475.457275390625,157.6722412109375,-350.6981506347656,872.7122802734375,-137.8335418701172,-369.642822265625,148.8420867919922,-195.4045867919922,-217.53941345214844,986.4891357421876,-159.66111755371094,-319.8300476074219,508.5542297363281,-254.54562377929688,-197.4380340576172,817.9404296875
74.14759826660156,164.78797912597656,202.50791931152344,107.46309661865234,-221.5142059326172,967.6214599609376,88.42278289794922,-100.22241973876952,474.4204406738281,157.50741577148438,-345.6308898925781,869.9866943359375,-138.29283142089844,-361.7346801757813,148.33773803710938,-196.1295166015625,-219.86978149414065,988.0977172851562,-161.23182678222656,-319.3907470703125,508.8887023925781,-255.84983825683597,-201.100830078125,819.1201171875
74.2703857421875,162.60887145996094,208.17013549804688,106.54288482666016,-223.01205444335935,968.3187866210938,89.6948013305664,-108.38745880126952,473.3912658691406,157.58538818359375,-340.27642822265625,867.3380126953125,-138.7569122314453,-353.4590759277344,147.9079132080078,-196.8476409912109,-221.9570159912109,989.755859375,-162.81088256835938,-318.1785888671875,509.1044921875,-257.129150390625,-204.98851013183597,820.5481567382812
74.46053314208984,159.31227111816406,213.8760223388672,105.65789031982422,-224.25311279296875,969.0850830078124,91.13395690917967,-117.0771484375,472.4065856933594,157.90443420410156,-334.6547546386719,864.7865600585938,-139.1914825439453,-344.8532409667969,147.54788208007812,-197.5600128173828,-223.7845916748047,991.4345092773438,-164.3212127685547,-316.1540222167969,509.2095947265625,-258.3685607910156,-209.0876007080078,822.2129516601562
74.70099639892578,154.91436767578125,219.53988647460935,104.80792236328124,-225.2313537597656,969.90625,92.68331146240234,-126.22460174560548,471.5106201171875,158.46043395996094,-328.7868347167969,862.3509521484375,-139.5730743408203,-335.9642944335937,147.2509307861328,-198.26803588867188,-225.3389434814453,993.10595703125,-165.70108032226562,-313.3013916015625,509.2206115722656,-259.55389404296875,-213.3832244873047,824.0999755859375
74.96937561035156,149.4576873779297,225.0741271972656,103.99131774902344,-225.9489288330078,970.7708129882812,94.28699493408205,-135.75819396972656,470.7525024414063,159.2469024658203,-322.69451904296875,860.0479736328125,-139.88919067382812,-326.84521484375,147.00901794433594,-198.9734344482422,-226.609130859375,994.7449340820312,-166.91102600097656,-309.6317443847656,509.158203125,-260.67218017578125,-217.85919189453125,826.1920776367188
75.2412338256836,143.00917053222656,230.3930206298828,103.20513916015624,-226.41574096679688,971.6705932617188,95.89325714111328,-145.6042938232422,470.183349609375,160.25509643554688,-316.4000549316406,857.8921508789062,-140.1374053955078,-317.5506591796875,146.8132781982422,-199.67808532714844,-227.5866241455078,996.3290405273438,-167.93716430664062,-305.1835021972656,509.0427856445313,-261.7115783691406,-222.49822998046875,828.4702758789062
75.49351501464844,135.65505981445312,235.41477966308597,102.44538879394533,-226.6486358642578,972.6004028320312,97.4566421508789,-155.6894989013672,469.8528442382813,161.4740447998047,-309.926025390625,855.8961181640625,-140.32366943359375,-308.1330261230469,146.65469360351562,-200.3839263916016,-228.2651214599609,997.8394775390624,-168.79029846191406,-300.020751953125,508.8913269042969,-262.6617431640625,-227.2822113037109,830.9139404296875
75.70722198486328,127.49295806884766,240.0614471435547,101.707275390625,-226.67015075683597,973.5582275390624,98.93913269042967,-165.94256591796875,469.80609130859375,162.89076232910156,-303.2950134277344,854.0701293945312,-140.4599609375,-298.6394348144531,146.52468872070312,-201.0928497314453,-228.64059448242188,999.2608642578124,-169.5013885498047,-294.2289123535156,508.7156372070313,-263.5135803222656,-232.1923828125,833.5014038085938
75.8687515258789,118.62258911132812,244.2577667236328,100.98548126220705,-226.50704956054688,974.5445556640624,100.31061553955078,-176.2955780029297,470.0802917480469,164.49037170410156,-296.5293884277344,852.421875,-140.56163024902344,-289.1096496582031,146.4156494140625,-201.8065948486328,-228.7114715576172,1000.5812377929688,-170.11431884765625,-287.90850830078125,508.5225524902344,-264.2595520019531,-237.20965576171875,836.21044921875
75.97020721435547,109.1368637084961,247.9306488037109,100.27452087402344,-226.18870544433597,975.5615844726562,101.5485610961914,-186.68431091308597,470.7023315429688,166.25624084472656,-289.6511535644531,850.9568481445312,-140.644775390625,-279.5747375488281,146.3214569091797,-202.5264434814453,-228.47885131835935,1001.7919921875,-170.67758178710938,-281.1676025390625,508.314697265625,-264.893310546875,-242.3147430419922,839.0188598632812
76.00891876220703,99.1150360107422,251.00973510742188,99.56912994384766,-225.7451934814453,976.6122436523438,102.6370620727539,-197.0479888916016,471.6871337890625,168.17018127441406,-282.6819763183594,849.6776123046875,-140.72381591796875,-270.056640625,146.23776245117188,-203.25308227539065,-227.9469146728516,1002.887451171875,-171.23611450195312,-274.1136169433594,508.0921020507813,-265.4098205566406,-247.48846435546875,841.9046630859375
75.98684692382812,88.61874389648438,253.42938232421875,98.86467742919922,-225.2055511474609,977.69921875,103.56526947021484,-207.3287353515625,473.0367431640625,170.21261596679688,-275.64288330078125,848.5841674804688,-140.80978393554688,-260.56842041015625,146.16213989257812,-203.9862518310547,-227.1232147216797,1003.864501953125,-171.8247833251953,-266.8458251953125,507.8540954589844,-265.80523681640625,-252.71185302734372,844.8466186523438
75.9100341796875,77.69107818603516,255.13121032714844,98.1575698852539,-224.59605407714844,978.8242797851562,104.32565307617188,-217.47097778320312,474.74066162109375,172.36276245117188,-268.55450439453125,847.6734008789062,-140.90940856933594,-251.1152191162109,146.09390258789062,-204.7245941162109,-226.0189514160156,1004.7219848632812,-172.46417236328125,-259.4490966796875,507.6011962890625,-266.0765380859375,-257.9663391113281,847.8244018554688
75.78826904296875,66.35799407958984,256.0666198730469,97.4456558227539,-223.9388885498047,979.9869384765624,104.91226959228516,-227.42117309570312,476.7767639160156,174.59889221191406,-261.43682861328125,846.9393310546875,-141.0250701904297,-241.69598388671875,146.03372192382812,-205.4654235839844,-224.6491851806641,1005.460693359375,-173.15943908691406,-251.98936462402344,507.3366394042969,-266.2216796875,-263.2339172363281,850.81884765625
75.63489532470703,54.63122177124024,256.1988220214844,96.72850036621094,-223.25132751464844,981.184326171875,105.3193817138672,-237.1280670166016,479.1131591796875,176.89845275878906,-254.3094024658203,846.3729248046875,-141.1554718017578,-232.30523681640625,145.9831085205078,-206.20458984375,-223.0327911376953,1006.0828247070312,-173.90170288085938,-244.51101684570312,507.0672912597656,-266.2392578125,-268.4971618652344,853.8120727539062
75.46669006347656,42.511695861816406,255.50421142578125,96.00758361816406,-222.5453338623047,982.4105224609376,105.54061126708984,-246.54331970214844,481.7106018066406,179.23841857910156,-247.1912841796875,845.9622192382812,-141.2969207763672,-222.9349670410156,145.9437713623047,-206.9364471435547,-221.1923675537109,1006.5914306640624,-174.67166137695312,-237.03733825683597,506.8036804199219,-266.12847900390625,-273.7392578125,856.7874755859375
75.30354309082031,29.99285125732422,253.9732360839844,95.28641510009766,-221.82769775390625,983.6565551757812,105.56856536865234,-255.6219787597656,484.5250244140625,181.5955047607422,-240.10101318359372,845.6925048828125,-141.44467163085938,-213.5762176513672,145.91717529296875,-207.6539306640625,-219.15365600585935,1006.99072265625,-175.44439697265625,-229.5733642578125,506.5591430664063,-265.8890380859375,-278.9442138671875,859.729736328125
75.16785430908203,17.063068389892578,251.61148071289065,94.57041931152344,-221.10043334960935,984.9105224609376,105.39503479003906,-264.32275390625,487.5101013183594,183.94639587402344,-233.0567169189453,845.5462646484375,-141.59408569335938,-204.220458984375,145.9041290283203,-208.3486175537109,-216.94488525390625,1007.285400390625,-176.19447326660156,-222.11099243164065,506.3476867675781,-265.5209350585937,-284.0966491699219,862.6246948242188
75.08370971679688,3.7071785926818848,248.44070434570312,93.86678314208984,-220.3615875244141,986.1577758789062,105.0116958618164,-272.6079406738281,490.6191101074219,186.26803588867188,-226.07595825195312,845.5038452148438,-141.7415313720703,-194.8603973388672,145.90472412109375,-209.0110321044922,-214.59585571289065,1007.4805908203124,-176.89999389648438,-214.63522338867188,506.1819763183594,-265.02459716796875,-289.1818542480469,865.4594116210938
75.07538604736328,-10.09264850616455,244.4998321533203,93.1840591430664,-219.6061248779297,987.3814697265624,104.41120147705078,-280.4432067871094,493.80609130859375,188.53793334960935,-219.1757659912109,845.5438842773438,-141.8847198486328,-185.49066162109372,145.91835021972656,-209.6309967041016,-212.1369171142578,1007.581787109375,-177.54501342773438,-207.13055419921875,506.071044921875,-264.400634765625,-294.185791015625,868.2219848632812
75.16542053222656,-24.356019973754883,239.84524536132807,92.53162384033205,-218.826904296875,988.5629272460938,103.58865356445312,-287.79754638671875,497.0260925292969,190.7344512939453,-212.3726043701172,845.6433715820312,-142.0227508544922,-176.1078643798828,145.94386291503906,-210.1981201171875,-209.59799194335935,1007.594482421875,-178.11985778808594,-199.5861358642578,506.01947021484375,-263.64990234375,-299.094970703125,870.9014282226562
75.37232971191406,-39.10293197631836,234.55035400390625,91.9191436767578,-218.0157012939453,989.68212890625,102.5431900024414,-294.6430053710937,500.235107421875,192.83697509765625,-205.68215942382807,845.7786865234375,-142.15589904785156,-166.71063232421875,145.9798126220703,-210.7024078369141,-207.00755310058597,1007.5238037109376,-178.62014770507812,-191.99917602539065,506.0271606445313,-262.7735290527344,-303.8964538574219,873.4874877929688
75.70850372314453,-54.35175323486328,228.7045135498047,91.35594177246094,-217.16427612304688,990.7186279296876,101.27975463867188,-300.9548645019531,503.3895263671875,194.8263397216797,-199.1194305419922,845.9258422851562,-142.28515625,-157.29922485351562,146.0246124267578,-211.13487243652344,-204.39195251464844,1007.37451171875,-179.04522705078125,-184.3763427734375,506.08990478515625,-261.77301025390625,-308.5777893066406,875.970703125
76.17864990234375,-70.1167221069336,222.41099548339844,90.85045623779295,-216.26559448242188,991.6519775390624,99.81045532226562,-306.7118530273437,506.44580078125,196.68490600585935,-192.69851684570312,846.0612182617188,-142.4118194580078,-147.87522888183594,146.07669067382812,-211.488037109375,-201.77491760253903,1007.1503295898438,-179.39675903320312,-176.7336883544922,506.1999206542969,-260.6501159667969,-313.126953125,878.3421020507812
76.77887725830078,-86.4051742553711,215.7840881347656,90.40973663330078,-215.3145904541016,992.4623413085938,98.15550231933594,-311.89666748046875,509.36041259765625,198.39697265625,-186.43267822265625,846.161865234375,-142.53707885742188,-138.44102478027344,146.1345977783203,-211.7565460205078,-199.17724609375,1006.8541870117188,-179.67776489257812,-169.09506225585938,506.3466491699219,-259.40704345703125,-317.5323791503906,880.5928344726562
77.49690246582031,-103.21498107910156,208.94534301757807,90.03904724121094,-214.30894470214844,993.1309814453124,96.34335327148438,-316.4967346191406,512.0900268554688,199.94879150390625,-180.3342742919922,846.2063598632812,-142.66151428222656,-128.999267578125,146.19705200195312,-211.9374084472656,-196.61666870117188,1006.4878540039062,-179.89218139648438,-161.4897918701172,506.5172424316406,-258.04638671875,-321.7829895019531,882.7146606445312
78.31311798095703,-120.53252410888672,202.019287109375,89.74160766601562,-213.24937438964844,993.6411743164062,94.41017150878906,-320.5048828125,514.592529296875,201.32894897460935,-174.4147186279297,846.1748046875,-142.78482055664062,-119.55226135253906,146.2630615234375,-212.0301971435547,-194.1075134277344,1006.0519409179688,-180.04478454589844,-153.94967651367188,506.6975708007813,-256.5714111328125,-325.8683166503906,884.6991577148438
79.20179748535156,-138.33079528808594,195.12940979003903,89.51849365234375,-212.139892578125,993.9783935546876,92.39852142333984,-323.9202575683594,516.828125,202.5283050537109,-168.6845703125,846.049560546875,-142.90573120117188,-110.10157775878906,146.3319854736328,-212.03713989257807,-191.66087341308597,1005.5462646484376,-180.14138793945312,-146.5059356689453,506.8728942871094,-254.98602294921875,-329.7783203125,886.5382690429688
80.13240814208984,-156.56787109375,188.3946228027344,89.36866760253906,-210.98760986328125,994.1310424804688,90.35540771484376,-326.7489318847656,518.7610473632812,203.54026794433597,-163.15357971191406,845.8154296875,-143.0221710205078,-100.64802551269533,146.40353393554688,-211.9629364013672,-189.28485107421875,1004.9696655273438,-180.18885803222656,-139.18663024902344,507.029052734375,-253.29489135742188,-333.5036926269531,888.2240600585938
81.07113647460938,-175.18589782714844,181.9263610839844,89.2892074584961,-209.80258178710935,994.0907592773438,88.32992553710938,-329.00445556640625,520.361572265625,204.36070251464844,-157.83067321777344,845.4598999023438,-143.13153076171875,-91.19200134277344,146.4776611328125,-211.81455993652344,-186.98519897460935,1004.3207397460938,-180.1951141357422,-132.01475524902344,507.153076171875,-251.5037384033203,-337.03570556640625,889.748779296875
81.98273468017578,-194.11038208007807,175.8260498046875,89.27560424804688,-208.59744262695312,993.8529052734376,86.37062072753906,-330.7084045410156,521.6075439453125,204.988037109375,-152.72418212890625,844.9732666015625,-143.23086547851562,-81.73405456542969,146.5545196533203,-211.60076904296875,-184.7660217285156,1003.5978393554688,-180.16900634765625,-125.00746154785156,507.2342529296875,-249.61936950683597,-340.3662109375,891.105224609375
82.83232116699219,-213.24917602539065,170.18264770507812,89.32223510742188,-207.38690185546875,993.4163818359376,84.52278137207031,-331.89080810546875,522.4866333007812,205.4231719970703,-147.84181213378906,844.3488159179688,-143.31707763671875,-72.2757568359375,146.63442993164062,-211.33160400390625,-182.63031005859372,1002.7996215820312,-180.1197509765625,-118.17645263671876,507.2643432617188,-247.6497802734375,-343.4878234863281,892.28662109375
83.58706665039062,-232.4923248291016,165.0704345703125,89.42282104492188,-206.18743896484372,992.7843627929688,82.82593536376953,-332.5903625488281,522.9970092773438,205.66944885253903,-143.1908721923828,843.5829467773438,-143.38726806640625,-62.82044219970703,146.7178497314453,-211.0176544189453,-180.58041381835935,1001.9252319335938,-180.05641174316406,-111.52914428710938,507.23773193359375,-245.6042938232422,-346.3936767578125,893.2868041992188
84.21756744384766,-251.7123870849609,160.54653930664062,89.57091522216797,-205.0167236328125,991.9635620117188,81.31163787841797,-332.8549194335937,523.1481323242188,205.7325439453125,-138.77825927734375,842.6749877929688,-143.43890380859375,-53.37382507324219,146.80560302734375,-210.66944885253903,-178.6185760498047,1000.9744873046876,-179.9869842529297,-105.07047271728516,507.1512451171875,-243.4935302734375,-349.0776062011719,894.1007080078125
84.69915008544922,-270.7652282714844,156.64871215820312,89.76038360595703,-203.8933563232422,990.9645385742188,80.00169372558594,-332.7410583496094,522.9598388671875,205.62042236328125,-134.61062622070312,841.6271362304688,-143.47019958496094,-43.94428253173828,146.89915466308594,-210.2967834472656,-176.7474365234375,999.9482421875,-179.91781616210938,-98.804931640625,507.0034790039063,-241.32945251464844,-351.5341186523437,894.7241821289062
85.01309967041016,-289.4917907714844,153.3934326171875,89.98568725585938,-202.83648681640625,989.8013916015624,78.90695190429688,-332.3128356933594,522.4615478515625,205.3432464599609,-130.6944580078125,840.4443969726562,-143.4803009033203,-34.542724609375,147.00094604492188,-209.90809631347656,-174.9706268310547,998.8486328125,-179.8528594970703,-92.73849487304688,506.7941589355469,-239.12530517578125,-353.7581481933594,895.154296875
85.14791107177734,-307.7205505371094,150.77474975585938,90.24214935302734,-201.86546325683597,988.4913330078124,78.02680206298828,-331.6396179199219,521.6900024414062,204.9131774902344,-127.03610229492188,839.1344604492188,-143.46951293945312,-25.18208312988281,147.1150665283203,-209.5099334716797,-173.2931365966797,997.6787719726562,-179.79319763183594,-86.88006591796875,506.5237426757813,-236.8954620361328,-355.7453308105469,895.3897094726562
85.10040283203125,-325.2714538574219,148.76422119140625,90.52601623535156,-200.9997100830078,987.0543212890624,77.34955596923828,-330.7933044433594,520.6868896484375,204.3443603515625,-123.6418228149414,837.7073974609375,-143.439208984375,-15.876341819763184,147.24774169921875,-209.1066436767578,-171.72158813476562,996.4435424804688,-179.736572265625,-81.24230194091797,506.1932678222656,-234.6553497314453,-357.49169921875,895.430419921875
84.87628173828125,-341.960693359375,147.3121795654297,90.83446502685548,-200.2584228515625,985.5128784179688,76.85365295410156,-329.8447570800781,519.49609375,203.65277099609372,-120.51783752441406,836.175537109375,-143.3914337158203,-6.63961935043335,147.4076690673828,-208.70034790039065,-170.26414489746094,995.149169921875,-179.6770782470703,-75.84158325195312,505.8045043945313,-232.4211578369141,-358.9937438964844,895.2781372070312
84.48987579345703,-357.6065673828125,146.35031127929688,91.16554260253906,-199.6604461669922,983.8915405273438,76.50968933105469,-328.86041259765625,518.1611938476562,202.85595703125,-117.67034149169922,834.5531005859375,-143.32875061035156,2.514354705810547,147.6060333251953,-208.29129028320312,-168.9303436279297,993.8036499023438,-179.60491943359375,-70.6972885131836,505.3607482910156,-230.20968627929688,-360.2484741210937,894.936279296875
83.96255493164062,-372.0366516113281,145.79554748535156,91.51799774169922,-199.2239990234375,982.21630859375,76.28321838378906,-327.8988952636719,516.72314453125,201.97293090820312,-115.10548400878906,832.8558349609375,-143.25387573242188,11.572354316711426,147.85618591308594,-207.87831115722656,-167.73062133789062,992.4168090820312,-179.5063018798828,-65.8302993774414,504.8675537109375,-228.0380859375,-361.253173828125,894.4097900390625
83.32024383544922,-385.0943908691406,145.5547637939453,91.89117431640624,-198.9663543701172,980.514404296875,76.13792419433594,-327.00848388671875,515.2189331054688,201.0238494873047,-112.82940673828124,831.1009521484375,-143.1693572998047,20.521583557128903,148.17340087890625,-207.4592437744141,-166.67617797851562,990.9998168945312,-179.36366271972656,-61.26165008544922,504.3334655761719,-225.923583984375,-362.005615234375,893.7054443359375
82.59027862548828,-396.6448974609375,145.52989196777344,92.28485870361328,-198.90342712402344,978.8135986328124,76.03899383544922,-326.22540283203125,513.6804809570312,200.0298309326172,-110.84823608398438,829.3064575195312,-143.07720947265625,29.349580764770508,148.57437133789062,-207.03131103515625,-165.77874755859375,989.5655517578124,-179.15615844726562,-57.01139831542969,503.7701721191406,-223.88319396972656,-362.50396728515625,892.8316040039062
81.79816436767578,-406.5798034667969,145.62277221679688,92.69924926757812,-199.04931640625,977.1417846679688,75.95598602294922,-325.5732421875,512.134765625,199.0126190185547,-109.16809844970705,827.4911499023438,-142.97872924804688,38.04410171508789,149.07676696777344,-206.59136962890625,-165.0506591796875,988.1275024414062,-178.86077880859375,-53.09790802001953,503.1921081542969,-221.93348693847656,-362.7467651367188,891.7980346679688
80.96538543701172,-414.8215637207031,145.7405242919922,93.13490295410156,-199.41575622558597,975.5264892578124,75.864990234375,-325.0633239746094,510.6040649414063,197.99429321289065,-107.7950668334961,825.6740112304688,-142.87464904785156,46.59297180175781,149.69854736328125,-206.1360321044922,-164.50479125976562,986.6998291015624,-178.45367431640625,-49.53762435913086,502.61566162109375,-220.09030151367188,-362.7330932617188,890.615966796875
80.10887908935547,-421.3282775878906,145.80142211914062,93.59280395507812,-200.01144409179688,973.9945068359376,75.749755859375,-324.6960144042969,509.10687255859375,196.99688720703125,-106.73522186279295,823.8739013671875,-142.76551818847656,54.98393249511719,150.4573516845703,-205.66180419921875,-164.15451049804688,985.2963256835938,-177.91207885742188,-46.34550094604492,502.0579223632813,-218.36854553222656,-362.4624938964844,889.2978515625
79.24179077148438,-426.097412109375,145.74037170410156,94.07445526123048,-200.84152221679688,972.5714721679688,75.6017837524414,-324.4627380371094,507.6585388183594,196.0420837402344,-105.9945831298828,822.109375,-142.65220642089844,63.20444869995117,151.36973571777344,-205.16514587402344,-164.01345825195312,983.9302978515624,-177.21664428710938,-43.53609848022461,501.5350341796875,-216.7818603515625,-361.9350891113281,887.857177734375
78.37483215332031,-429.1684265136719,145.5135498046875,94.58197021484376,-201.90695190429688,971.2816162109376,75.41974639892578,-324.3487243652344,506.272216796875,195.1508026123047,-105.57908630371094,820.3984375,-142.53656005859375,71.2413101196289,152.45059204101562,-204.6424102783203,-164.0951690673828,982.6137084960938,-176.353759765625,-41.12544250488281,501.0606994628906,-215.34255981445312,-361.1517639160156,886.3082885742188
77.51786804199219,-430.6228637695313,145.1007843017578,95.11811065673828,-203.20413208007807,970.1473999023438,75.20836639404297,-324.336181640625,504.95989990234375,194.3429107666016,-105.49455261230467,818.7581176757812,-142.42184448242188,79.0799789428711,153.71278381347656,-204.08995056152344,-164.4125213623047,981.3570556640624,-175.31785583496094,-39.1331787109375,500.6446838378906,-214.0612945556641,-360.1140441894531,884.6663208007812
76.68121337890625,-430.5817565917969,144.50503540039062,95.686279296875,-204.724609375,969.1890869140624,74.9773178100586,-324.4071960449219,503.7336120605469,193.6368408203125,-105.74656677246094,817.204345703125,-142.3130340576172,86.70372009277344,155.16712951660156,-203.504150390625,-164.97682189941406,980.1689453125,-174.11306762695312,-37.58454132080078,500.2914733886719,-212.9470672607422,-358.8243408203125,882.9468383789062
75.8764419555664,-429.19964599609375,143.74859619140625,96.29032135009766,-206.45510864257807,968.4246215820312,74.74010467529297,-324.54669189453125,502.6062316894531,193.0492706298828,-106.34042358398438,815.7520141601562,-142.2167205810547,94.0925750732422,156.8226318359375,-202.88150024414065,-165.79681396484375,979.0559692382812,-172.75379943847656,-36.51134490966797,499.9999084472656,-212.0070037841797,-357.2860107421875,881.165771484375
75.11647033691406,-426.6550903320313,142.86648559570312,96.9343032836914,-208.3778381347656,967.8689575195312,74.51337432861328,-324.7445373535156,501.5923156738281,192.5948486328125,-107.28095245361328,814.4147338867188,-142.1409454345703,101.22209930419922,158.68675231933594,-202.2187957763672,-166.87734985351562,978.0231323242188,-171.26405334472656,-35.95159912109375,499.7632751464844,-211.24632263183597,-355.5033874511719,879.3391723632812
74.41514587402344,-423.1382751464844,141.89865112304688,97.6221694946289,-210.4708709716797,967.533935546875,74.31644439697266,-324.9964904785156,500.7081298828125,192.28594970703125,-108.57239532470705,813.2049560546875,-142.09475708007812,108.06180572509766,160.76560974121094,-201.5133056640625,-168.21817016601562,977.0735473632812,-169.67649841308594,-35.94837951660156,499.5698852539063,-210.66835021972656,-353.48199462890625,877.4832153320312
73.78629302978516,-418.8365478515625,140.88311767578125,98.35735321044922,-212.70883178710935,967.4277954101562,74.1710433959961,-325.3037414550781,499.9708251953125,192.1324615478516,-110.21826171875,812.1339111328125,-142.08782958984375,114.57342529296876,163.06434631347656,-200.7629852294922,-169.81256103515625,976.2089233398438,-168.03158569335938,-36.54831314086914,499.4037170410156,-210.2743988037109,-351.2284240722656,875.6137084960938
73.24263763427734,-413.9204711914063,139.8527069091797,99.1424789428711,-215.0635986328125,967.5546875,74.10092163085938,-325.67071533203125,499.3966369628906,192.1416778564453,-112.22122192382812,811.211669921875,-142.12998962402344,120.70943450927734,165.5877685546875,-199.9667053222656,-171.6461639404297,975.4298706054688,-166.37649536132812,-37.799461364746094,499.2446594238281,-210.0638885498047,-348.7505798339844,873.7462158203125
72.79430389404297,-408.5323791503906,138.8347930908203,99.97893524169922,-217.50521850585935,967.9146118164062,74.1310806274414,-326.10125732421875,498.998291015625,192.3181610107422,-114.58291625976562,810.4473266601562,-142.23033142089844,126.4119110107422,168.34117126464844,-199.1244964599609,-173.6962890625,974.7362060546876,-164.763916015625,-39.74839782714844,499.0687255859375,-210.03436279296875,-346.0577087402344,871.8958129882812
72.4469223022461,-402.7799072265625,137.85202026367188,100.86661529541016,-220.0028076171875,968.5030517578124,74.28622436523438,-326.5933837890625,498.7818298339844,192.6636962890625,-117.30390167236328,809.848876953125,-142.39642333984375,131.6121368408203,171.33116149902344,-198.23768615722656,-175.931640625,974.1270751953124,-163.25018310546875,-42.43659591674805,498.8481750488281,-210.1815948486328,-343.160400390625,870.076904296875
72.19988250732422,-396.7342529296875,136.9227294921875,101.80364990234376,-222.52549743652344,969.3107299804688,74.58850860595703,-327.1335754394531,498.7436218261719,193.1772918701172,-120.38349151611328,809.4234008789062,-142.63336181640625,136.23109436035156,174.56622314453125,-197.30894470214844,-178.31265258789062,973.6011352539062,-161.8927764892578,-45.89634323120117,498.5520324707031,-210.49972534179688,-340.0706481933594,868.30322265625
72.04566955566406,-390.4327392578125,136.06146240234375,102.78636169433594,-225.0431671142578,970.323974609375,75.05487823486328,-327.69140625,498.8686828613281,193.85520935058597,-123.8197021484375,809.177001953125,-142.94276428222656,140.18104553222656,178.05661010742188,-196.34231567382807,-180.79249572753903,973.156982421875,-160.74684143066406,-50.1468505859375,498.1474609375,-210.9813690185547,-336.8018493652344,866.5875854492188
71.97081756591797,-383.8846740722656,135.279052734375,103.8092803955078,-227.5271453857422,971.5245971679688,75.69461822509766,-328.21588134765625,499.1304626464844,194.6909942626953,-127.60911560058594,809.1148071289062,-143.32217407226562,143.36849975585938,181.81336975097656,-195.3429718017578,-183.3188018798828,972.79296875,-159.8610076904297,-55.19105529785156,497.6024169921875,-211.61785888671875,-333.3688049316406,864.9419555664062
71.95777893066406,-377.0792236328125,134.58245849609375,104.8653793334961,-229.95057678222656,972.8905639648438,76.50773620605469,-328.6341247558594,499.4925231933594,195.6756591796875,-131.7467803955078,809.240966796875,-143.7646026611328,145.69851684570312,185.8462371826172,-194.31686401367188,-185.83599853515625,972.5077514648438,-159.27284240722656,-61.0136604309082,496.8896179199219,-212.3994598388672,-329.7876281738281,863.37744140625
71.98737335205078,-369.9939270019531,133.97476196289062,105.9463882446289,-232.2887420654297,974.3967895507812,77.4844741821289,-328.8531799316406,499.9118347167969,196.7978363037109,-136.2261199951172,809.5584716796875,-144.25880432128906,147.08026123046875,190.16061401367188,-193.27012634277344,-188.288330078125,972.2998657226562,-159.00479125976562,-67.58065795898438,495.9913024902344,-213.3155670166016,-326.0755615234375,861.9039916992188
72.04093933105469,-362.6033325195313,133.45506286621094,107.04328155517578,-234.51907348632807,976.0155029296876,78.60608673095703,-328.7651062011719,500.3427429199219,198.0440216064453,-141.03883361816406,810.0695190429688,-144.78982543945312,147.43313598632812,194.7540740966797,-192.2087860107422,-190.62271118164065,972.1683959960938,-159.0614776611328,-74.8404541015625,494.9039916992188,-214.35501098632807,-322.2509765625,860.5309448242188
72.10201263427734,-354.8861694335937,133.01885986328125,108.14678955078124,-236.6210784912109,977.7178344726562,79.84652709960938,-328.2547302246094,500.74127197265625,199.3988342285156,-146.17486572265625,810.7750854492188,-145.340087890625,146.6930389404297,199.6127777099609,-191.13873291015625,-192.79119873046875,972.1129760742188,-159.4290313720703,-82.72643280029297,493.6419372558594,-215.5063018798828,-318.3330383300781,859.2664794921875
72.15735626220703,-346.830810546875,132.6586151123047,109.24803924560548,-238.5761260986328,979.474365234375,81.17498016357422,-327.2091979980469,501.0686645507813,200.84527587890625,-151.6223602294922,811.6751098632812,-145.89024353027344,144.8182373046875,204.7089080810547,-190.06565856933597,-194.7529144287109,972.1339111328124,-160.07627868652344,-91.1604232788086,492.2396240234375,-216.7578582763672,-314.34149169921875,858.1182250976562
72.1973876953125,-338.4387512207031,132.36459350585938,110.33910369873048,-240.3670959472656,981.2564697265624,82.55868530273438,-325.5284423828125,501.2941589355469,202.36512756347656,-157.3676300048828,812.7684936523438,-146.419921875,141.79417419433594,209.9998321533203,-188.99522399902344,-196.4756774902344,972.2329711914062,-160.95787048339844,-100.05697631835938,490.7519226074219,-218.09825134277344,-310.29638671875,857.0928344726562
72.2162857055664,-329.7256774902344,132.12567138671875,111.41352081298828,-241.978271484375,983.0369262695312,83.96607971191406,-323.1350402832031,501.39691162109375,203.93923950195312,-163.39523315429688,814.0531005859375,-146.90834045410156,137.6362762451172,215.4297637939453,-187.93295288085935,-197.93722534179688,972.4127197265624,-162.01889038085938,-109.3282699584961,489.2516174316406,-219.5163726806641,-306.2177429199219,856.1963500976562
72.21183013916016,-320.7204895019531,131.9302520751953,112.46659088134766,-243.39532470703125,984.7907104492188,85.36974334716797,-319.9826965332031,501.3668823242188,205.5478973388672,-169.6880645751953,815.525634765625,-147.3351593017578,132.3900146484375,220.93295288085935,-186.8841857910156,-199.12586975097656,972.6770629882812,-163.2003631591797,-118.88888549804688,487.8247375488281,-221.0015106201172,-302.1253662109375,855.4340209960938
72.18511199951172,-311.46258544921875,131.76710510253906,113.4954833984375,-244.60549926757807,986.4955444335938,86.7487564086914,-316.0611267089844,501.2048645019531,207.17124938964844,-176.22744750976562,817.1820068359375,-147.68182373046875,126.1281509399414,226.43702697753903,-185.8538818359375,-200.0406494140625,973.0308837890624,-164.4445343017578,-128.65972900390625,486.56390380859375,-222.54339599609372,-298.03839111328125,854.8101196289062
72.1398696899414,-301.99810791015625,131.62612915039062,114.49916076660156,-245.5979461669922,988.1318359375,88.08992767333984,-311.3976135253906,500.9214782714844,208.7895965576172,-182.99327087402344,819.0169067382812,-147.9331512451172,118.9448013305664,231.86541748046875,-184.84646606445312,-200.6907501220703,973.4795532226562,-165.6992950439453,-138.5706787109375,485.5607604980469,-224.13218688964844,-293.9750671386719,854.3280639648438
72.08172607421875,-292.3764038085937,131.49879455566406,115.4780044555664,-246.36415100097656,989.6829223632812,89.38752746582031,-306.053955078125,500.5353088378906,210.3838348388672,-189.9642639160156,821.024169921875,-148.07891845703125,110.9467315673828,237.1379852294922,-183.8657684326172,-201.09426879882807,974.0286865234376,-166.9212646484375,-148.56163024902344,484.8984375,-225.75830078125,-289.9525756835937,853.9899291992188
72.01724243164062,-282.6462707519531,131.3785400390625,116.43344116210938,-246.8984375,991.1348266601562,90.6412582397461,-300.1193542480469,500.0703430175781,211.9357147216797,-197.11810302734372,823.1964721679688,-148.11524963378906,102.242919921875,242.169677734375,-182.9150238037109,-201.2764129638672,974.6835327148438,-168.07701110839844,-158.58139038085938,484.6450805664063,-227.41226196289065,-285.9867248535156,853.7963256835938
71.95294189453125,-272.85272216796875,131.26100158691406,117.3674545288086,-247.19827270507807,992.4760131835938,91.85289001464844,-293.7008972167969,499.5530395507813,213.42816162109372,-204.43161010742188,825.5258178710938,-148.0452117919922,92.93402099609376,246.8680419921875,-181.99696350097656,-201.2673797607422,975.4480590820312,-169.1425323486328,-168.5845947265625,484.8489990234375,-229.08450317382807,-282.0916748046875,853.7460327148438
71.89414978027344,-263.0342102050781,131.14407348632812,118.28213500976562,-247.2644500732422,993.6972045898438,93.02214050292967,-286.9122009277344,499.0093688964844,214.8455352783203,-211.88096618652344,828.0029296875,-147.87860107421875,83.10401153564453,251.13198852539065,-181.11395263671875,-201.10012817382807,976.3243408203124,-170.10211181640625,-178.52882385253906,485.5357360839844,-230.76524353027344,-278.2799072265625,853.8358154296875
71.84408569335938,-253.22105407714844,131.02786254882812,119.1792984008789,-247.1011199951172,994.7911376953124,94.1429672241211,-279.8627014160156,498.4625244140625,216.1737823486328,-219.44189453125,830.6177368164062,-147.631103515625,72.81532287597656,254.8535003662109,-180.2682037353516,-200.8082733154297,977.3117065429688,-170.9468994140625,-188.3726043701172,486.7071838378906,-232.44419860839844,-274.5619812011719,854.0601806640625
71.80337524414062,-243.4349365234375,130.91444396972656,120.06011962890624,-246.71556091308597,995.7523803710938,95.20152282714844,-272.648193359375,497.9308166503906,217.4005889892578,-227.0898895263672,833.3593139648438,-147.32327270507812,62.107669830322266,257.9229431152344,-179.46197509765625,-200.424072265625,978.4061889648438,-171.67333984375,-198.0744781494141,488.3423461914063,-234.110595703125,-270.9465026855469,854.4111938476562
71.77021026611328,-233.68966674804688,130.807373046875,120.92481994628906,-246.11785888671875,996.5773315429688,96.17681121826172,-265.3442687988281,497.42681884765625,218.51544189453125,-234.8003845214844,836.2156982421875,-146.97935485839844,50.99964904785156,260.236572265625,-178.69773864746094,-199.9769592285156,979.5999145507812,-172.2808837890625,-207.5935516357422,490.3998718261719,-235.7530212402344,-267.4402160644531,854.8784790039062
71.74102783203125,-223.9921417236328,130.71087646484375,121.77249908447266,-245.32054138183597,997.2637329101562,97.04429626464844,-258.0030212402344,496.9571838378906,219.50962829589844,-242.5489654541016,839.1739501953125,-146.62644958496094,39.49176788330078,261.70477294921875,-177.97821044921875,-199.4923095703125,980.880859375,-172.76992797851562,-216.8912048339844,492.8215637207031,-237.3594970703125,-264.0478820800781,855.4490356445312
71.71143341064453,-214.34390258789065,130.6290740966797,122.6009521484375,-244.3380126953125,997.810791015625,97.7813949584961,-250.6531524658203,496.52349853515625,220.37619018554688,-250.31158447265625,842.2202758789062,-146.293701171875,27.57017517089844,262.25909423828125,-177.306396484375,-198.9908599853516,982.2332153320312,-173.13995361328125,-225.9335479736328,495.5373229980469,-238.9176025390625,-260.7725830078125,856.1075439453125
71.67720031738281,-204.7425994873047,130.56520080566406,123.40672302246094,-243.18606567382807,998.2188720703124,98.37306213378906,-243.3039703369141,496.12353515625,221.10986328125,-258.0647277832031,845.3399047851562,-146.01107788085938,15.21120262145996,261.8576354980469,-176.6854248046875,-198.4884490966797,983.6375732421876,-173.3878631591797,-234.69320678710935,498.4701843261719,-240.4146423339844,-257.6156616210937,856.8364868164062
71.63500213623047,-195.1835021972656,130.52113342285156,124.18521881103516,-241.8814697265625,998.4893798828124,98.81546020507812,-235.95176696777344,495.7528076171875,221.7069091796875,-265.7855834960937,848.51708984375,-145.80828857421875,2.386046886444092,260.4879455566406,-176.11842346191406,-197.996337890625,985.0717163085938,-173.50692749023438,-243.14952087402344,501.5419006347656,-241.8380126953125,-254.57708740234372,857.6165161132812
71.58274841308594,-185.66049194335935,130.4972381591797,124.93099212646484,-240.441650390625,998.6248168945312,99.11640167236328,-228.5874938964844,495.4055786132813,222.16500854492188,-273.4520568847656,851.7354736328125,-145.7140350341797,-10.935154914855955,258.1676940917969,-175.6082763671875,-197.5216827392578,986.511474609375,-173.48648071289062,-251.2873687744141,504.6777648925781,-243.1754150390625,-251.65545654296875,858.4267578125
71.51949310302734,-176.16668701171875,130.49246215820312,125.6381378173828,-238.8844146728516,998.6288452148438,99.29273986816406,-221.2038116455078,495.0758361816406,222.4830474853516,-281.04296875,854.9776611328125,-145.75559997558594,-24.78009033203125,254.94297790527344,-175.157470703125,-197.0682830810547,987.9315185546876,-173.31268310546875,-259.094970703125,507.810546875,-244.415283203125,-248.84835815429688,859.2454223632812
71.44501495361328,-166.69480895996094,130.50466918945312,126.30062866210938,-237.2276306152344,998.5060424804688,99.36591339111328,-213.80047607421875,494.7575988769531,222.6610565185547,-288.5380249023437,858.2257690429688,-145.9580078125,-39.171905517578125,250.8854217529297,-174.7679443359375,-196.63758850097656,989.3063354492188,-172.97039794921875,-266.5615234375,510.8824462890625,-245.54708862304688,-246.15245056152344,860.0504150390625
71.35924530029297,-157.2378387451172,130.53106689453125,126.91276550292967,-235.4888610839844,998.2619018554688,99.35726165771484,-206.38699340820312,494.4451599121094,222.699951171875,-295.9178466796875,861.4614868164062,-146.34300231933594,-54.12751007080078,246.08807373046875,-174.4408416748047,-196.2294921875,990.611083984375,-172.44583129882812,-273.675048828125,513.8452758789062,-246.56170654296875,-243.56370544433597,860.819580078125
71.2617416381836,-147.7896728515625,130.5688018798828,127.4695281982422,-233.68516540527344,997.9027709960938,99.28450012207033,-198.9828948974609,494.133056640625,222.6015472412109,-303.1640319824219,864.6661376953125,-146.92733764648438,-69.6562728881836,240.6610107421875,-174.1764678955078,-195.8433074951172,991.8222045898438,-171.7292938232422,-280.4208068847656,516.6593017578125,-247.45166015625,-241.07757568359372,861.53173828125
71.15129089355469,-138.3456268310547,130.61544799804688,127.96697235107422,-231.8330078125,997.4354858398438,99.15977478027344,-191.61561584472656,493.816162109375,222.3683319091797,-310.2590637207031,867.82080078125,-147.72091674804688,-85.75873565673828,234.72671508789065,-173.97418212890625,-195.47845458984372,992.9181518554688,-170.8177490234375,-286.7807922363281,519.2916870117188,-248.2114715576172,-238.68919372558597,862.1668090820312
71.0257797241211,-128.90283203125,130.6694793701172,128.40245056152344,-229.9483795166016,996.8673095703124,98.98943328857422,-184.3175201416016,493.4898681640625,222.0034637451172,-317.1863708496094,870.9068603515625,-148.72470092773438,-102.42505645751952,228.41552734375,-173.83233642578125,-195.1350250244141,993.8798828125,-169.71685791015625,-292.7339782714844,521.7146606445312,-248.8377685546875,-236.3935089111328,862.7063598632812
70.88236236572266,-119.46031188964844,130.73056030273438,128.77484130859375,-228.04689025878903,996.2058715820312,98.77530670166016,-177.12213134765625,493.1504821777344,221.5107269287109,-323.9302673339844,873.90576171875,-149.9288330078125,-119.63322448730467,221.8610992431641,-173.74832153320312,-194.8141326904297,994.6914672851562,-168.44236755371094,-298.25799560546875,523.904296875,-249.3294982910156,-234.1854553222656,863.1341552734375
70.7179183959961,-110.01913452148438,130.7996826171875,129.08450317382812,-226.1439971923828,995.4588012695312,98.51692962646484,-170.06044006347656,492.7954711914063,220.8944396972656,-330.475830078125,876.79931640625,-151.31112670898438,-137.34744262695312,215.19613647460935,-173.7186737060547,-194.51809692382807,995.3399658203124,-167.02084350585938,-303.3311767578125,525.839111328125,-249.6879425048828,-232.0600433349609,863.436279296875
70.52970886230469,-100.58229064941406,130.879150390625,129.33323669433594,-224.25521850585935,994.6336059570312,98.21403503417967,-163.15768432617188,492.4239807128906,220.1594390869141,-336.8090209960937,879.570068359375,-152.83641052246094,-155.5172882080078,208.54820251464844,-173.73919677734375,-194.2505340576172,995.81591796875,-165.48902893066406,-307.93414306640625,527.4999389648438,-249.91673278808597,-230.01258850097656,863.6011962890625
70.31623840332031,-91.15446472167967,130.97230529785156,129.5240478515625,-222.39627075195312,993.7378540039062,97.86865997314452,-156.43128967285156,492.03717041015625,219.31103515625,-342.9166259765625,882.2011108398438,-154.45700073242188,-174.07838439941406,202.0362548828125,-173.80519104003906,-194.0162506103516,996.113037109375,-163.89190673828125,-312.0509033203125,528.869384765625,-250.0217437744141,-228.0387420654297,863.6202392578125
70.07810974121094,-81.74176025390625,131.08328247070312,129.66079711914062,-220.58311462402344,992.778564453125,97.48640441894533,-149.89048767089844,491.6383972167969,218.35498046875,-348.7861022949219,884.6764526367188,-156.11485290527344,-192.9544982910156,195.76812744140625,-173.9116668701172,-193.8211212158203,996.228515625,-162.28001403808594,-315.66876220703125,529.9321899414062,-250.01092529296875,-226.13462829589844,863.4871215820312
69.81865692138672,-72.35132598876953,131.216796875,129.7478790283203,-218.83197021484372,991.7626342773438,97.0768814086914,-143.5372314453125,491.2331237792969,217.29742431640625,-354.4056701660156,886.9808959960938,-157.74501037597656,-212.06056213378903,189.83897399902344,-174.05368041992188,-193.67193603515625,996.1626586914062,-160.7058868408203,-318.7781982421875,530.6756591796875,-249.89414978027344,-224.2969665527344,863.1980590820312
69.54407501220703,-62.99101257324219,131.3779296875,129.7897491455078,-217.15924072265625,990.6962280273438,96.65338134765624,-137.36843872070312,490.8285827636719,216.14486694335935,-359.7643127441406,889.1004028320312,-159.28018188476562,-231.30514526367188,184.3302001953125,-174.2264404296875,-193.57623291015625,995.9189453125,-159.22042846679688,-321.3726501464844,531.0902709960938,-249.6829376220703,-222.5231170654297,862.751708984375
69.26319885253906,-53.66911697387695,131.57215881347656,129.7906036376953,-215.58143615722656,989.5848388671876,96.23201751708984,-131.37884521484375,490.4331665039063,214.9041290283203,-364.8515930175781,891.02197265625,-160.65530395507812,-250.5910797119141,179.30841064453125,-174.42567443847656,-193.5421600341797,995.50341796875,-157.86920166015625,-323.448486328125,531.1704711914062,-249.39016723632807,-220.81124877929688,862.1488037109375
68.98678588867188,-44.39423751831055,131.80545043945312,129.75399780273438,-214.11505126953125,988.4334716796876,95.8304443359375,-125.5636978149414,490.0555114746094,213.5822906494141,-369.6578979492188,892.7338256835938,-161.81137084960938,-269.81427001953125,174.82408142089844,-174.64773559570312,-193.5783843994141,994.9248046875,-156.6892547607422,-325.0057373046875,530.9149780273438,-249.02989196777344,-219.16033935546875,861.3920288085938
68.72647094726562,-35.1751708984375,132.08436584472656,129.6826171875,-212.77630615234372,987.2461547851562,95.46629333496094,-119.92107391357422,489.7034606933594,212.18667602539065,-374.1741638183594,894.2254028320312,-162.69778442382812,-288.861328125,170.91065979003906,-174.88975524902344,-193.69403076171875,994.194091796875,-155.70654296875,-326.049560546875,530.3270874023438,-248.6169891357422,-217.5703125,860.4857177734375
68.49351501464844,-26.020835876464844,132.4161376953125,129.5780792236328,-211.58111572265625,986.0263061523438,95.1555404663086,-114.4534912109375,489.3829040527344,210.72483825683597,-378.3921203613281,895.4874267578125,-163.27322387695312,-307.6075439453125,167.58384704589844,-175.1497344970703,-193.89874267578125,993.323974609375,-154.93458557128906,-326.5927124023437,529.4152221679688,-248.1670379638672,-216.0420684814453,859.4357299804688
68.29754638671875,-16.94009780883789,132.80857849121094,129.44105529785156,-210.54478454589844,984.7763671875,94.91077423095705,-109.1688003540039,489.0968627929688,209.20448303222656,-382.3041687011719,896.511962890625,-163.5055694580078,-325.9163513183594,164.84165954589844,-175.4265594482422,-194.20263671875,992.3287963867188,-154.37405395507812,-326.6585388183594,528.19287109375,-247.696044921875,-214.57760620117188,858.249267578125
68.14545440673828,-7.941586494445801,133.26992797851562,129.271240234375,-209.68191528320312,983.4981689453124,94.73971557617188,-104.08057403564452,488.84466552734375,207.633544921875,-385.90338134765625,897.2926635742188,-163.3714141845703,-343.6405029296875,162.66464233398438,-175.7198944091797,-194.61622619628903,991.2241821289062,-154.01329040527344,-326.2840576171875,526.6796264648438,-247.22027587890625,-213.1799774169922,856.9346923828125
68.04057312011719,0.966535210609436,133.80824279785156,129.06768798828125,-209.00619506835935,982.19287109375,94.6440887451172,-99.20775604248048,488.6216735839844,206.02012634277344,-389.18353271484375,897.8245849609375,-162.8560333251953,-360.6249694824219,161.01663208007812,-176.0300750732422,-195.150390625,990.02685546875,-153.8294677734375,-325.5226135253906,524.9015502929688,-246.75607299804688,-211.85340881347656,855.5014038085938
67.98226165771484,9.776761054992676,134.43125915527344,128.8289794921875,-208.5301055908203,980.8615112304688,94.61897277832033,-94.57389068603516,488.4193420410156,204.37252807617188,-392.13909912109375,898.1043090820312,-161.95436096191406,-376.7113037109375,159.84579467773438,-176.35792541503906,-195.8160095214844,988.7545166015624,-153.79006958007812,-324.4450988769531,522.8922119140625,-246.3197784423828,-210.60324096679688,853.9598388671875
67.96609497070312,18.48229217529297,135.14637756347656,128.5536346435547,-208.2646331787109,979.505126953125,94.65269470214844,-90.205810546875,488.2257385253906,202.69924926757807,-394.76513671875,898.1303100585938,-160.6726837158203,-391.7433776855469,159.08644104003906,-176.7045440673828,-196.6239013671875,987.4256591796876,-153.8544158935547,-323.1392517089844,520.6934814453125,-245.92745971679688,-209.43597412109372,852.3214721679688
67.98441314697266,27.076948165893555,135.9609375,128.2403564453125,-208.2188415527344,978.1254272460938,94.7271728515625,-86.1321792602539,488.0265808105469,201.00901794433597,-397.0574645996094,897.9028930664062,-159.0307159423828,-405.5746765136719,158.66201782226562,-177.07115173339844,-197.58444213867188,986.0596923828124,-153.9755859375,-321.7071533203125,518.3551635742188,-245.59478759765625,-208.3591766357422,850.5988159179688
68.02711486816406,35.554969787597656,136.88238525390625,127.88844299316406,-208.3996124267578,976.7252197265624,94.8187255859375,-82.38201904296875,487.8063354492188,199.31082153320312,-399.0122985839844,897.4241943359375,-157.0621337890625,-418.074951171875,158.4897918701172,-177.45887756347656,-198.70724487304688,984.676513671875,-154.10299682617188,-320.2606201171875,515.9339599609375,-245.3368682861328,-207.3814392089844,848.8054809570312
68.08265686035156,43.91073226928711,137.91856384277344,127.49786376953124,-208.81141662597656,975.3087158203124,94.89928436279295,-78.98323059082031,487.5496215820313,197.6140289306641,-400.6265258789063,896.698486328125,-154.81283569335938,-429.1357727050781,158.48655700683594,-177.86859130859375,-200.0008544921875,983.2969360351562,-154.18568420410156,-318.9154663085937,513.491455078125,-245.1680603027344,-206.5122833251953,846.9560546875
68.13890838623047,52.13839340209961,139.07778930664062,127.06936645507812,-209.4561920166016,973.8817138671876,94.93807220458984,-75.96131134033203,487.242431640625,195.92840576171875,-401.8973388671875,895.732177734375,-152.33743286132812,-438.6743469238281,158.57447814941406,-178.30081176757812,-201.4723052978516,981.9422607421876,-154.17608642578125,-317.7845764160156,511.0917053222656,-245.1016845703125,-205.76202392578125,845.0665283203125
68.18397521972656,60.23144912719727,140.36891174316406,126.6043930053711,-210.33338928222656,972.4523315429688,94.9036865234375,-73.33844757080078,486.87347412109375,194.2642974853516,-402.8221435546875,894.5338745117188,-149.6953887939453,-446.6368713378906,158.68603515625,-178.75550842285156,-203.1265869140625,980.63427734375,-154.03399658203125,-316.97125244140625,508.798095703125,-245.1498565673828,-205.1416931152344,843.1541748046875
68.20695495605469,68.18223571777344,141.80137634277344,126.1049575805664,-211.43988037109372,971.0304565429688,94.76659393310548,-71.13309478759766,486.4349365234375,192.632568359375,-403.398681640625,893.1141967773438,-146.9483642578125,-453.001708984375,158.76724243164062,-179.2320556640625,-204.96617126464844,979.3954467773438,-153.7305450439453,-316.56304931640625,506.6712036132813,-245.3231658935547,-204.66275024414065,841.2373046875
68.19863891601562,75.98130798339844,143.38519287109375,125.57337951660156,-212.7700653076172,969.6278686523438,94.50186920166016,-69.36040496826172,485.9231262207031,191.04466247558597,-403.6247863769531,891.4861450195312,-144.1584930419922,-457.7819213867188,158.77883911132812,-179.72930908203125,-206.9905242919922,978.2487182617188,-153.25155639648438,-316.6273193359375,504.7661743164063,-245.6305084228516,-204.33702087402344,839.3357543945312
68.15215301513672,83.6165771484375,145.13101196289062,125.01212310791016,-214.3158416748047,968.2581176757812,94.09207916259766,-68.0335464477539,485.3387145996094,189.51243591308597,-403.4985046386719,889.664794921875,-141.38784790039062,-461.0261535644531,158.69566345214844,-180.2455596923828,-209.195556640625,977.2172241210938,-152.59979248046875,-317.20867919921875,503.1307678222656,-246.0787353515625,-204.17645263671875,837.4703979492188
68.0634994506836,91.07229614257812,147.05026245117188,124.4236068725586,-216.0663604736328,966.9358520507812,93.53004455566406,-67.16596984863281,484.68646240234375,188.048095703125,-403.0180969238281,887.6671752929688,-138.69813537597656,-462.8171691894531,158.50453186035156,-180.7787170410156,-211.57330322265625,976.3241577148438,-151.79591369628906,-318.3274841308594,501.8035278320313,-246.67242431640625,-204.19293212890625,835.6630249023438
67.93207550048828,98.32780456542967,149.15550231933594,123.81005096435548,-218.00791931152344,965.6764526367188,92.82125091552734,-66.7742919921875,483.9747924804688,186.6639709472656,-402.1821594238281,885.5122680664062,-136.1499481201172,-463.2673645019531,158.20147705078125,-181.32652282714844,-214.111572265625,975.5921020507812,-150.87767028808594,-319.97998046875,500.8123779296875,-247.4137115478516,-204.3980255126953,833.9363403320312
67.76116180419922,105.35576629638672,151.46080017089844,123.1732406616211,-220.12384033203125,964.4956665039062,91.9854736328125,-66.88118743896484,483.2145385742188,185.3722381591797,-400.9897766113281,883.2205200195312,-133.80136108398438,-462.5111083984375,157.78868103027344,-181.88661193847656,-216.79396057128903,975.0424194335938,-149.8975372314453,-322.1393127441406,500.1736755371094,-248.30206298828125,-204.8028717041016,832.3134765625
67.5589370727539,112.11970520019533,153.98187255859375,122.51443481445312,-222.3944091796875,963.4088745117188,91.05730438232422,-67.51742553710938,482.41748046875,184.18463134765625,-399.440673828125,880.8139038085938,-131.70570373535156,-460.6946411132813,157.2724151611328,-182.45681762695312,-219.5999755859375,974.6939697265624,-148.9187774658203,-324.7574768066406,499.8918151855469,-249.33416748046875,-205.41790771484372,830.8176879882812
67.33918762207031,118.5711898803711,156.73594665527344,121.83428955078124,-224.7968292236328,962.4306640625,90.08501434326172,-68.72227478027344,481.5945129394531,183.1121826171875,-397.5354919433594,878.3153076171875,-129.9086456298828,-457.9648742675781,156.66233825683594,-183.0352935791016,-222.50558471679688,974.5625,-148.01026916503906,-327.7677307128906,499.9585266113281,-250.50390625,-206.25271606445312,829.4717407226562
67.12091827392578,124.64786529541016,159.74159240722656,121.13298797607422,-227.30514526367188,961.57421875,89.12784576416016,-70.5418701171875,480.7539978027344,182.16490173339844,-395.2760620117188,875.7482299804688,-128.4447021484375,-454.459228515625,155.97132873535156,-183.6205902099609,-225.48388671875,974.6591186523438,-147.2408447265625,-331.0870361328125,500.3519592285156,-251.8023223876953,-207.3158416748047,828.297607421875
66.92686462402344,130.27333068847656,163.01866149902344,120.4104995727539,-229.8902282714844,960.8508911132812,88.25215148925781,-73.02583312988281,479.9000244140625,181.3515167236328,-392.6655883789063,873.136474609375,-127.33312225341795,-450.29827880859375,155.2147674560547,-184.21192932128903,-228.5059814453125,974.989501953125,-146.6737060546875,-334.6182861328125,501.0355224609375,-253.2177581787109,-208.61460876464844,827.3158569335938
66.78176879882812,135.35865783691406,166.5874786376953,119.66691589355467,-232.52001953125,960.2694702148438,87.52688598632812,-76.2228012084961,479.0320129394531,180.67922973632807,-389.70904541015625,870.5038452148438,-126.57462310791016,-445.5813293457031,154.40989685058594,-184.8090667724609,-231.5419158935547,975.5529174804688,-146.36109924316406,-338.25201416015625,501.9569396972656,-254.7360382080078,-210.15493774414065,826.5451049804688
66.71088409423828,139.80503845214844,170.46688842773438,118.9027328491211,-235.1599578857422,959.83544921875,87.01840209960938,-80.17520904541016,478.1444091796875,180.153564453125,-386.4132690429688,867.8734130859375,-126.1504898071289,-440.3848571777344,153.57516479492188,-185.4123992919922,-234.5616149902344,976.342041015625,-146.3397216796875,-341.8675537109375,503.049072265625,-256.3407287597656,-211.94125366210935,826.0014038085938
66.7384033203125,143.5074005126953,174.67137145996094,118.11907196044922,-237.77403259277344,959.5509643554688,86.78492736816406,-84.91424560546875,477.2278442382813,179.7782745361328,-382.7872619628906,865.2675170898438,-126.0243682861328,-434.7631530761719,152.729736328125,-186.0227813720703,-237.5354766845703,977.3432006835938,-146.62689208984375,-345.33453369140625,504.23333740234375,-258.0135192871094,-213.97630310058597,825.69775390625
66.88589477539062,146.35890197753906,179.2076416015625,117.3176727294922,-240.3259735107422,959.4143676757812,86.87124633789062,-90.4556121826172,476.2708740234375,179.55526733398438,-378.8423156738281,862.7073974609375,-126.14634704589844,-428.7502746582031,151.89276123046875,-186.64134216308597,-240.43487548828125,978.5366821289062,-147.21820068359375,-348.51513671875,505.4261474609375,-259.7344970703125,-216.2611083984375,825.6434936523438
67.17064666748047,148.25595092773438,184.0708923339844,116.50079345703124,-242.7810211181641,959.4205322265624,87.30452728271484,-96.7969207763672,475.2628479003906,179.48463439941406,-374.5918884277344,860.2127075195312,-126.45854949951172,-422.3638000488281,151.08250427246094,-187.2693023681641,-243.23236083984372,979.8978271484376,-148.08717346191406,-351.2678527832031,506.5473937988281,-261.4827880859375,-218.79489135742188,825.8442993164062
67.60393524169922,149.10366821289062,189.24156188964844,115.67100524902344,-245.10765075683597,959.5616455078124,88.09224700927734,-103.9170150756836,474.1971435546875,179.564697265625,-370.0517578125,857.8016357421875,-126.9010238647461,-415.609619140625,150.3154754638672,-187.9077911376953,-245.90164184570312,981.3987426757812,-149.1878204345703,-353.4530639648437,507.52874755859375,-263.2367858886719,-221.5749664306641,826.3016967773438
68.1893539428711,148.8212432861328,194.6829376220703,114.8310317993164,-247.2791290283203,959.8280639648438,89.2225112915039,-111.77692413330078,473.0746765136719,179.79212951660156,-365.2396545410156,855.4905395507812,-127.41696166992188,-408.4876708984375,149.6053924560547,-188.5576934814453,-248.41751098632807,983.0093383789062,-150.45953369140625,-354.9400634765625,508.3204956054688,-264.9747009277344,-224.5968017578125,827.0131225585938
68.9212875366211,147.34739685058594,200.34036254882807,113.9836654663086,-249.27487182617188,960.2093505859376,90.66646575927734,-120.3220443725586,471.90716552734375,180.16204833984372,-360.1752624511719,853.2940063476562,-127.95673370361328,-400.99749755859375,148.9626007080078,-189.2195587158203,-250.7556915283203,984.6990356445312,-151.8339080810547,-355.61505126953125,508.8953552246094,-266.6749572753906,-227.8539123535156,827.9721069335938
69.78394317626953,144.64527893066406,206.1426239013672,113.13166809082033,-251.0810394287109,960.6954956054688,92.38164520263672,-129.4846649169922,470.7189025878906,180.6682586669922,-354.8796081542969,851.2249755859375,-128.48048400878906,-393.1428527832031,148.39349365234375,-189.8936004638672,-252.89285278320312,986.4380493164062,-153.24208068847656,-355.38873291015625,509.2492980957031,-268.3164978027344,-231.33799743652344,829.1685180664062
70.75128936767578,140.70680236816406,212.00547790527344,112.27776336669922,-252.69093322753903,961.2779541015624,94.31581115722656,-139.18687438964844,469.5473327636719,181.30337524414065,-349.3749694824219,849.2943725585938,-128.95962524414062,-384.9354553222656,147.90052795410156,-190.57974243164065,-254.80661010742188,988.1982421875,-154.6219482421875,-354.2026672363281,509.3993225097656,-269.8793334960937,-235.03900146484372,830.5890502929688
71.78826904296875,135.5558319091797,217.8368682861328,111.42463684082033,-254.10470581054688,961.9500122070312,96.41072845458984,-149.3439178466797,468.4417114257813,182.0589904785156,-343.6844482421875,847.5116577148438,-129.3769989013672,-376.3968811035156,147.4822998046875,-191.2776031494141,-256.4759216308594,989.9540405273438,-155.92404174804688,-352.0336608886719,509.3787536621094,-271.3446350097656,-238.94520568847656,832.2176513671875
72.85375213623047,129.2491455078125,223.54251098632807,110.57484436035156,-255.3286590576172,962.7077026367188,98.60560607910156,-159.8680877685547,467.4605102539063,182.9258728027344,-337.83154296875,845.8844604492188,-129.72601318359375,-367.5588684082031,147.134033203125,-191.9865875244141,-257.8815612792969,991.6828002929688,-157.11549377441406,-348.8959655761719,509.23089599609375,-272.6951904296875,-243.04347229003903,834.0361328125
73.90455627441406,121.87367248535156,229.03079223632807,109.73074340820312,-256.37432861328125,963.5493774414062,100.84008026123048,-170.6725311279297,466.6677856445313,183.89405822753903,-331.8399658203125,844.4188232421875,-130.00900268554688,-358.4613037109375,146.84840393066406,-192.70599365234372,-259.006591796875,993.3648681640624,-158.1814727783203,-344.8409118652344,509.0016479492188,-273.9155578613281,-247.31939697265625,836.0249633789062
74.89933013916016,113.53929901123048,234.2153778076172,108.89447021484376,-257.257080078125,964.475830078125,103.05689239501952,-181.6746063232422,466.1285400390625,184.95297241210935,-325.7333068847656,843.1189575195312,-130.23489379882812,-349.14910888671875,146.61660766601562,-193.43492126464844,-259.83721923828125,994.9835205078124,-159.1239013671875,-339.95330810546875,508.7330932617188,-274.9924011230469,-251.7574920654297,838.1635131835938
75.80148315429688,104.3681640625,239.01548767089844,108.06809997558594,-257.9945678710937,965.489501953125,105.20397186279295,-192.7979888916016,465.9037780761719,186.09152221679688,-319.5347595214844,841.9873657226562,-130.41671752929688,-339.6687316894531,146.4293670654297,-194.17225646972656,-260.3634338378906,996.5250244140624,-159.95822143554688,-334.3450622558594,508.4584045410156,-275.91436767578125,-256.3415222167969,840.43115234375
76.58096313476562,94.4826431274414,243.3548583984375,107.25384521484376,-258.605224609375,966.593994140625,107.2358627319336,-203.9737091064453,466.0456237792969,187.2981109619141,-313.2671813964844,841.024658203125,-130.56895446777344,-330.0653076171875,146.27786254882812,-194.91656494140625,-260.5795288085937,997.97802734375,-160.7086181640625,-328.14605712890625,508.19921875,-276.67236328125,-261.0545654296875,842.8072509765625
77.2152099609375,83.99442291259766,247.16099548339844,106.45429229736328,-259.1065368652344,967.79296875,109.11431884765624,-215.13986206054688,466.5930786132813,188.5608062744141,-306.9527282714844,840.2293701171875,-130.7052459716797,-320.3801574707031,146.1545867919922,-195.66583251953125,-260.4848327636719,999.333740234375,-161.40243530273438,-321.4935302734375,507.9654541015625,-277.2593994140625,-265.8793640136719,845.27197265625
77.68977355957031,72.9965591430664,250.3655548095703,105.6726531982422,-259.5138244628906,969.089111328125,110.80797576904295,-226.24082946777344,467.5689086914063,189.86729431152344,-300.6130065917969,839.5980834960938,-130.83670043945312,-310.6493530273437,146.05368041992188,-196.41726684570312,-260.0838317871094,1000.5851440429688,-162.0648651123047,-314.5218200683594,507.75732421875,-277.67059326171875,-270.79840087890625,847.8065795898438
77.99878692626953,61.55903625488281,252.9056701660156,104.91287231445312,-259.8390197753906,970.4830932617188,112.29141998291016,-237.22604370117188,468.9781799316406,191.2050018310547,-294.26885986328125,839.125,-130.9709930419922,-300.9026794433594,145.97119140625,-197.1670837402344,-259.3863220214844,1001.727294921875,-162.71435546875,-307.35321044921875,507.56878662109375,-277.90301513671875,-275.7942199707031,850.3934326171875
78.14580535888672,49.72777557373047,254.72608947753903,104.1796875,-260.09014892578125,971.9722900390624,113.54397583007812,-248.0489044189453,470.8085632324219,192.5612030029297,-287.9405517578125,838.8021850585938,-131.11209106445312,-291.1631774902344,145.9048614501953,-197.91030883789065,-258.4073486328125,1002.7566528320312,-163.3597412109375,-300.0912170410156,507.3917236328125,-277.9554138183594,-280.8493957519531,853.016357421875
78.14461517333984,37.52616500854492,255.78106689453125,103.47853088378906,-260.2710876464844,973.5503540039062,114.54859161376952,-258.6658630371094,473.03216552734375,193.9231414794922,-281.6476135253906,838.6194458007812,-131.26072692871094,-281.4471130371094,145.8538055419922,-198.64073181152344,-257.1667175292969,1003.6710205078124,-163.9993133544922,-292.8161315917969,507.2194213867188,-277.828125,-285.9467163085937,855.6607666015625
78.01985168457031,24.95843315124512,256.0358581542969,102.8153305053711,-260.3818359375,975.2064819335938,115.29104614257812,-269.0356140136719,475.60845947265625,195.27816772460935,-275.4089050292969,838.564208984375,-131.41510009765625,-271.76416015625,145.81796264648438,-199.35092163085935,-255.6885528564453,1004.4693603515624,-164.62208557128906,-285.5837707519531,507.04931640625,-277.5225830078125,-291.0692138671875,858.3132934570312
77.8071517944336,12.01403522491455,255.4676055908203,102.19622039794922,-260.4192810058594,976.9254760742188,115.75955963134766,-279.11895751953125,478.4880981445313,196.61398315429688,-269.2426147460937,838.6220092773438,-131.5718536376953,-262.1182556152344,145.79762268066406,-200.0323944091797,-254.0002899169922,1005.1515502929688,-165.2108612060547,-278.4263916015625,506.8836669921875,-277.0412902832031,-296.2003173828125,860.9619750976562
77.55243682861328,-1.3278515338897705,254.06640625,101.6271514892578,-260.3782653808594,978.687744140625,115.94474029541016,-288.8788146972656,481.6165466308594,197.91880798339844,-263.1661376953125,838.7763671875,-131.72698974609375,-252.50830078125,145.79302978515625,-200.6759185791016,-252.13169860839844,1005.71826171875,-165.74624633789062,-271.35662841796875,506.728759765625,-276.3874206542969,-301.32373046875,863.5958862304688
77.310302734375,-15.094283103942873,251.8363494873047,101.11359405517578,-260.252685546875,980.4702758789062,115.83995819091795,-298.2801513671875,484.9373168945313,199.181640625,-257.196044921875,839.0092163085938,-131.87661743164062,-242.9294891357422,145.8041534423828,-201.27191162109372,-250.1137542724609,1006.1707763671876,-166.21055603027344,-264.3722839355469,506.5926513671875,-275.564697265625,-306.4235534667969,866.2048950195312
77.14151763916016,-29.31532096862793,248.7969970703125,100.66018676757812,-260.0370178222656,982.2469482421876,115.44186401367188,-307.29022216796875,488.3943176269531,200.3924560546875,-251.34796142578125,839.30126953125,-132.01744079589844,-233.37457275390625,145.83055114746094,-201.8108062744141,-247.97740173339844,1006.5108642578124,-166.59071350097656,-257.4623718261719,506.4825134277344,-274.5772399902344,-311.4842834472656,868.779541015625
77.1097183227539,-44.02158737182617,244.98545837402344,100.27054595947266,-259.7269897460937,983.9899291992188,114.75125122070312,-315.87860107421875,491.9335021972656,201.54241943359372,-245.6365203857422,839.6322631835938,-132.1468963623047,-223.8352508544922,145.87142944335938,-202.28358459472656,-245.75241088867188,1006.7408447265624,-166.87945556640625,-250.61253356933597,506.4024963378906,-273.42938232421875,-316.49090576171875,871.3106689453125
77.27721405029297,-59.24217987060547,240.4575042724609,99.9471206665039,-259.32049560546875,985.6707153320312,113.77391815185548,-324.0171813964844,495.5034790039063,202.6241149902344,-240.07522583007807,839.9815673828125,-132.26295471191406,-214.3032684326172,145.9257049560547,-202.6822509765625,-243.46636962890625,1006.8633422851562,-167.0751953125,-243.80953979492188,506.3523864746094,-272.1256408691406,-321.4288024902344,873.7891235351562
77.7000732421875,-75.00248718261719,235.2877960205078,99.69104766845705,-258.8177185058594,987.2609252929688,112.5217742919922,-331.68072509765625,499.0554504394531,203.63168334960935,-234.6763458251953,840.32861328125,-132.36375427246094,-204.77137756347656,145.99229431152344,-203.0001373291016,-241.14373779296875,1006.881103515625,-167.18067932128906,-237.04421997070312,506.32757568359375,-270.6707763671875,-326.28387451171875,876.2055053710938
78.42314910888672,-91.32147979736328,229.56866455078125,99.50225067138672,-258.2214660644531,988.733642578125,111.01383209228516,-338.8471984863281,502.5431213378906,204.5609130859375,-229.4508514404297,840.6532592773438,-132.44717407226562,-195.23390197753903,146.07032775878906,-203.23236083984372,-238.8055725097656,1006.797119140625,-167.20135498046875,-230.3126983642578,506.3197021484375,-269.0696716308594,-331.0426025390625,878.5501708984375
79.47555541992188,-108.20834350585938,223.40774536132807,99.3794937133789,-257.53717041015625,990.0638427734376,109.27710723876952,-345.4981689453125,505.9220886230469,205.4093780517578,-224.4083709716797,840.9362182617188,-132.5105743408203,-185.6871490478516,146.1592559814453,-203.3760223388672,-236.46934509277344,1006.6142578125,-167.14398193359375,-223.6162567138672,506.3179321289063,-267.32745361328125,-335.6921081542969,880.8129272460938
80.8670425415039,-125.6591339111328,216.9242248535156,99.32048797607422,-256.7727355957031,991.2289428710938,107.34707641601562,-351.61920166015625,509.1496276855469,206.1763153076172,-219.55712890625,841.1595458984375,-132.55068969726562,-176.12948608398438,146.25906372070312,-203.43032836914065,-234.14930725097656,1006.3353271484376,-167.01568603515625,-216.96014404296875,506.3100891113281,-265.4496154785156,-340.2200927734375,882.9830322265625
82.58558654785156,-143.65428161621094,210.24420166015625,99.32209777832033,-255.9383850097656,992.2094116210938,105.26771545410156,-357.20037841796875,512.184326171875,206.86265563964844,-214.90396118164065,841.3067626953125,-132.56398010253906,-166.56112670898438,146.37013244628906,-203.39663696289065,-231.8568420410156,1005.962890625,-166.8236846923828,-210.3520050048828,506.2838439941406,-263.4420166015625,-344.6149597167969,885.049072265625
84.59674072265625,-162.15750122070312,203.49571228027344,99.38040924072266,-255.0464324951172,992.9887084960938,103.0907211303711,-362.2361145019531,514.986328125,207.4708709716797,-210.45433044433597,841.3634643554688,-132.5471649169922,-156.9836883544922,146.49317932128906,-203.2782745361328,-229.6010284423828,1005.4994506835938,-166.57537841796875,-203.8000030517578,506.2279357910156,-261.31121826171875,-348.8658447265625,886.999267578125
86.84558868408203,-181.1168212890625,196.80401611328125,99.49095916748048,-254.1109771728516,993.5537719726562,100.87409973144533,-366.7250671386719,517.5179443359375,208.00477600097656,-206.2123870849609,841.3170166015625,-132.49815368652344,-147.3995361328125,146.62893676757812,-203.0803680419922,-227.3890380859375,1004.9470825195312,-166.27882385253906,-197.3109893798828,506.1330871582031,-259.06451416015625,-352.9624938964844,888.8212280273438
89.2618637084961,-200.4676055908203,190.287841796875,99.64885711669922,-253.14747619628903,993.8949584960938,98.67992401123048,-370.66986083984375,519.7449340820312,208.46939086914065,-202.1810760498047,841.1572265625,-132.4169158935547,-137.81130981445312,146.77786254882812,-202.8094940185547,-225.22653198242188,1004.3078002929688,-165.94326782226562,-190.88853454589844,505.99310302734375,-256.7101135253906,-356.8953857421875,890.5026245117188
91.76732635498048,-220.1370391845703,184.0566253662109,99.84906005859376,-252.17242431640625,994.006103515625,96.57135009765624,-374.07659912109375,521.6375732421875,208.87062072753903,-198.3622283935547,840.8757934570312,-132.3059539794922,-128.22152709960938,146.93988037109375,-202.47332763671875,-223.1183319091797,1003.5836181640624,-165.57977294921875,-184.53147888183597,505.8054504394531,-254.25717163085935,-360.6557922363281,892.0309448242188
94.28330993652344,-240.0467834472656,178.2086181640625,100.08660125732422,-251.20291137695312,993.8847045898438,94.60914611816406,-376.9553527832031,523.172607421875,209.2151031494141,-194.75668334960935,840.4669189453125,-132.17039489746094,-118.63231658935548,147.1142578125,-202.080322265625,-221.06903076171875,1002.7766723632812,-165.20169067382812,-178.2339324951172,505.5714721679688,-251.7159881591797,-364.23577880859375,893.39404296875
96.7366943359375,-260.1126403808594,172.8287353515625,100.35687255859376,-250.2563018798828,993.5319213867188,92.84807586669922,-379.3207702636719,524.3346557617188,209.510009765625,-191.3644561767578,839.9267578125,-132.0175018310547,-109.04549407958984,147.2996368408203,-201.6392059326172,-219.08364868164065,1001.8893432617188,-164.82472229003906,-171.986328125,505.295654296875,-249.09796142578125,-367.6281433105469,894.580322265625
99.06369018554688,-280.2417907714844,167.98635864257812,100.65589141845705,-249.34991455078125,992.9522705078124,91.33351135253906,-381.1937561035156,525.11767578125,209.7628173828125,-188.1848907470703,839.253662109375,-131.85604858398438,-99.4628448486328,147.49415588378906,-201.1586761474609,-217.16812133789065,1000.9243774414062,-164.46652221679688,-165.7773895263672,504.98431396484375,-246.41552734375,-370.8265380859375,895.5789794921875
101.21166229248048,-300.3290100097656,163.73294067382812,100.98049926757812,-248.5008850097656,992.1541137695312,90.09870910644533,-382.6033325195313,525.525390625,209.9811553955078,-185.2167510986328,838.4478759765625,-131.6956024169922,-89.88666534423828,147.69589233398438,-200.6468963623047,-215.32948303222656,999.885009765625,-164.1454315185547,-159.5961456298828,504.6445007324219,-243.6822052001953,-373.8253479003906,896.3800659179688
103.13935089111328,-320.2530212402344,160.1000213623047,101.32849884033205,-247.7259826660156,991.1489868164062,89.16291809082031,-383.5880737304688,525.57177734375,210.17274475097656,-182.45851135253903,837.5116577148438,-131.54554748535156,-80.3204345703125,147.90347290039062,-200.11122131347656,-213.5761260986328,998.7748413085938,-163.87887573242188,-153.43405151367188,504.28314208984375,-240.912353515625,-376.61962890625,896.9751586914062
104.8162078857422,-339.8742370605469,157.0975799560547,101.69872283935548,-247.0416259765625,989.9518432617188,88.5305404663086,-384.1965026855469,525.2802734375,210.3453063964844,-179.90838623046875,836.4490356445312,-131.41433715820312,-70.76950073242188,148.11685180664062,-199.55780029296875,-211.91758728027344,997.5983276367188,-163.68125915527344,-147.2869873046875,503.9066162109375,-238.1211395263672,-379.20513916015625,897.3572387695312
106.22154235839844,-359.0345153808594,154.7131805419922,102.09098052978516,-246.4639434814453,988.580810546875,88.19143676757812,-384.4860229492188,524.6824340820312,210.5064239501953,-177.5646209716797,835.2656860351562,-131.3087921142578,-61.241607666015625,148.3381805419922,-198.9914703369141,-210.36441040039065,996.3603515625,-163.5621337890625,-141.1571807861328,503.5206909179688,-235.32432556152344,-381.578125,897.5211181640625
107.3438720703125,-377.5591125488281,152.9117431640625,102.50592041015624,-246.00881958007807,987.0567626953124,88.12229919433594,-384.5202026367188,523.8160400390625,210.66358947753903,-175.4256134033203,833.9689331054688,-131.23362731933594,-51.74694061279297,148.5726318359375,-198.41549682617188,-208.927978515625,995.0665893554688,-163.524658203125,-135.05450439453125,503.1309814453125,-232.53810119628903,-383.7353515625,897.4635009765625
108.18055725097656,-395.260986328125,151.6363983154297,102.94487762451172,-245.6919403076172,985.4032592773438,88.28886413574219,-384.3650512695313,522.7224731445312,210.82411193847656,-173.49005126953125,832.5675659179688,-131.1912078857422,-42.29791641235352,148.82858276367188,-197.83154296875,-207.62033081054688,993.7234497070312,-163.5644073486328,-128.99742126464844,502.7433166503906,-229.7789459228516,-385.6739501953125,897.1832885742188
108.73753356933594,-411.9472961425781,150.81072998046875,103.4095458984375,-245.5287628173828,983.646240234375,88.6488037109375,-384.0845031738281,521.4437255859375,210.99508666992188,-171.75709533691406,831.0718383789062,-131.181640625,-32.90873718261719,149.11761474609375,-197.23944091796875,-206.45404052734372,992.3380737304688,-163.66873168945312,-123.01307678222656,502.3640747070313,-227.0633544921875,-387.3913879394531,896.6817626953125
109.02880859375,-427.4272155761719,150.34249877929688,103.90168762207033,-245.5343017578125,981.8134155273438,89.15496063232422,-383.7359313964844,520.0202026367188,211.18338012695312,-170.2265167236328,829.4932250976562,-131.203125,-23.594783782958984,149.45384216308594,-196.6373443603516,-205.4420318603516,990.9182739257812,-163.81654357910156,-117.13694763183594,502.0005493164063,-224.40774536132807,-388.8852844238281,895.962646484375
109.0755844116211,-441.5208435058594,150.12904357910156,104.42286682128906,-245.722900390625,979.9342041015624,89.75872039794922,-383.3667602539063,518.4880981445312,211.3955535888672,-168.89878845214844,827.8444213867188,-131.25225830078125,-14.371874809265137,149.85321044921875,-196.02183532714844,-204.59744262695312,989.472412109375,-163.97882080078125,-111.41189575195312,501.6607360839844,-221.8282012939453,-390.1535034179688,895.0320434570312
108.90504455566406,-454.0680847167969,150.06396484375,104.97422790527344,-246.1078186035156,978.0390014648438,90.41325378417967,-383.0123596191406,516.8780517578125,211.63787841796875,-167.77525329589844,826.1392822265625,-131.32449340820312,-5.255552291870117,150.3327178955078,-195.3885803222656,-203.93312072753903,988.00927734375,-164.11984252929688,-105.8868408203125,501.3528442382813,-219.34033203125,-391.1940002441406,893.8987426757812
108.54888916015624,-464.9371948242188,150.04441833496094,105.55636596679688,-246.7007293701172,976.158935546875,91.076416015625,-382.6954650878906,515.2150268554688,211.91622924804688,-166.85813903808594,824.392578125,-131.41465759277344,3.739452838897705,150.90957641601562,-194.7329559326172,-203.46127319335935,986.5380859375,-164.1992645263672,-100.6151123046875,501.0844421386719,-216.9590301513672,-392.0048522949219,892.573974609375
108.04203033447266,-474.0318603515625,149.97848510742188,106.16929626464844,-247.5111083984375,974.3252563476562,91.7130355834961,-382.4278869628906,513.5188598632812,212.23614501953125,-166.15074157714844,822.6199340820312,-131.51742553710938,12.59943675994873,151.60060119628906,-194.0505523681641,-203.19314575195312,985.068115234375,-164.17494201660156,-95.65289306640624,500.8612060546875,-214.69830322265625,-392.584228515625,891.0714111328125
107.4214324951172,-481.2966613769531,149.79127502441406,106.8125991821289,-248.54547119140625,972.5687866210938,92.29666137695312,-382.2129211425781,511.8061218261719,212.60272216796875,-165.65740966796875,820.8375854492188,-131.6278076171875,21.31146812438965,152.4218292236328,-193.3375396728516,-203.1388702392578,983.6087036132812,-164.00636291503906,-91.05784606933594,500.6860046386719,-212.57113647460935,-392.930419921875,889.406982421875
106.72503662109376,-486.72076416015625,149.42919921875,107.48553466796876,-249.8067321777344,970.919677734375,92.810546875,-382.0490417480469,510.0922546386719,213.0206756591797,-165.383544921875,819.0623168945312,-131.74163818359375,29.862653732299805,153.38827514648438,-192.5908050537109,-203.3073272705078,982.1687622070312,-163.6580047607422,-86.88823699951172,500.5578918457031,-210.5892639160156,-393.0419006347656,887.598876953125
105.9909439086914,-490.3395385742188,148.8625030517578,108.18737030029295,-251.2934112548828,969.406494140625,93.24795532226562,-381.933837890625,508.3936767578125,213.4942169189453,-165.33566284179688,817.311279296875,-131.85610961914062,38.23892593383789,154.51412963867188,-191.8079833984375,-203.7059783935547,980.7566528320312,-163.10287475585938,-83.20233154296875,500.4717102050781,-208.76303100585935,-392.9173889160156,885.6669921875
105.2567901611328,-492.2341613769531,148.08587646484375,108.91754150390624,-252.99908447265625,968.0562744140624,93.61177825927734,-381.8675231933594,506.7297668457031,214.0271453857422,-165.52125549316406,815.6016235351562,-131.96994018554688,46.42345428466797,155.8130340576172,-190.98748779296875,-204.3404083251953,979.3798217773438,-162.32546997070312,-80.0580062866211,500.4177551269531,-207.10125732421875,-392.5558471679688,883.6329956054688
104.55894470214844,-492.5280151367188,147.11680603027344,109.67593383789062,-254.91197204589844,966.8938598632812,93.91362762451172,-381.85589599609375,505.1242065429688,214.62277221679688,-165.94873046875,813.9507446289062,-132.08346557617188,54.39477157592773,157.2985382080078,-190.12843322753903,-205.2137908935547,978.0450439453124,-161.32388305664062,-77.51246643066406,500.3819580078125,-205.6111297607422,-391.9566955566406,881.519775390625
103.93125915527344,-491.3801879882813,145.9911346435547,110.46297454833984,-257.0147705078125,965.9415283203124,94.17251586914062,-381.9114990234375,503.60589599609375,215.28390502929688,-166.62722778320312,812.375732421875,-132.19815063476562,62.12495040893555,158.98464965820312,-189.23065185546875,-206.3260803222656,976.7581176757812,-160.11044311523438,-75.62193298339844,500.34576416015625,-204.29806518554688,-391.1198120117188,879.3512573242188
103.4032745361328,-488.9755554199219,144.75621032714844,111.27961730957033,-259.2847595214844,965.2183837890624,94.41350555419922,-382.0535888671875,502.20849609375,216.0128631591797,-167.56643676757812,810.8932495117188,-132.31590270996094,69.57791900634766,160.88638305664062,-188.2946929931641,-207.67308044433597,975.5240478515624,-158.71084594726562,-74.44125366210938,500.2867126464844,-203.16563415527344,-390.0457458496094,877.1517944335938
102.9978485107422,-485.51171875,143.46290588378906,112.12725067138672,-261.6943359375,964.7401123046876,94.66622924804688,-382.3059997558594,500.969482421875,216.8114776611328,-168.7763671875,809.5198364257812,-132.43812561035156,76.7081298828125,163.01995849609375,-187.32183837890625,-209.2455139160156,974.3474731445312,-157.16241455078125,-74.02323150634766,500.17877197265625,-202.21554565429688,-388.73577880859375,874.946044921875
102.72888946533205,-481.1837158203125,142.15823364257812,113.00743103027344,-264.2118530273437,964.5182495117188,94.9631805419922,-382.6933288574219,499.9274597167969,217.6809844970703,-170.26699829101562,808.2711791992188,-132.56468200683594,83.45950317382812,165.40292358398438,-186.3142852783203,-211.02793884277344,973.2324829101562,-155.51193237304688,-74.4178237915039,499.992919921875,-201.44754028320312,-387.1919860839844,872.7583618164062
102.5997085571289,-476.1690673828125,140.88131713867188,113.92145538330078,-266.80279541015625,964.5596923828124,95.33773040771484,-383.235595703125,499.1184997558594,218.6220703125,-172.0480194091797,807.162353515625,-132.693115234375,89.76492309570312,168.05381774902344,-185.27520751953125,-212.9981384277344,972.1832275390624,-153.81320190429688,-75.67051696777344,499.69818115234375,-200.85943603515625,-385.4175109863281,870.6124267578125
102.60292053222656,-470.6160888671875,139.66265869140625,114.87003326416016,-269.4312744140625,964.8660278320312,95.82170867919922,-383.9416198730469,498.5714416503906,219.6348114013672,-174.12847900390625,806.2076416015625,-132.81820678710938,95.5462417602539,170.99179077148438,-184.2086639404297,-215.12661743164065,971.2037963867188,-152.12417602539062,-77.81982421875,499.2630004882813,-200.44715881347656,-383.4165344238281,868.5309448242188
102.7217254638672,-464.6380004882813,138.5250244140625,115.8528823852539,-272.0611267089844,965.4334106445312,96.44261932373048,-384.8021545410156,498.30267333984375,220.71859741210935,-176.5164031982422,805.4202880859375,-132.93197631835938,100.71529388427734,174.23582458496094,-183.11962890625,-217.37680053710935,970.2985229492188,-150.5037384033203,-80.89376068115234,498.6575317382813,-200.204833984375,-381.1944274902344,866.534912109375
102.9321746826172,-458.3125,137.484375,116.868408203125,-274.657470703125,966.2523193359376,97.22071838378906,-385.7835388183594,498.3117370605469,221.8720703125,-179.21836853027344,804.8125,-133.02407836914062,105.1758804321289,177.8037567138672,-182.01373291015625,-219.70558166503903,969.4720458984376,-149.00784301757812,-84.90581512451172,497.8561401367188,-200.12486267089844,-378.7579040527344,864.643798828125
103.2059555053711,-451.685546875,136.55043029785156,117.9135284423828,-277.1876220703125,967.3073120117188,98.16633605957033,-386.82373046875,498.57855224609375,223.093017578125,-182.23928833007807,804.3951416015625,-133.08241271972656,108.82691192626952,181.7105255126953,-180.89703369140625,-222.0645904541016,968.7293090820312,-147.68544006347656,-89.85099792480469,496.8406677246094,-200.19813537597656,-376.1149291992188,862.8748779296875
103.51337432861328,-444.7776184082031,135.727294921875,118.98362731933594,-279.62188720703125,968.57763671875,99.27803802490234,-387.8314208984375,499.06292724609375,224.37828063964844,-185.5819396972656,804.1776733398438,-133.09390258789062,111.56663513183594,185.9658203125,-179.7755584716797,-224.40200805664065,968.0755615234376,-146.5745086669922,-95.7027587890625,495.6034240722656,-200.41421508789065,-373.2748718261719,861.242919921875
103.82618713378906,-437.5909729003906,135.01414489746094,120.0726089477539,-281.9342041015625,970.0377197265624,100.54183959960938,-388.6895446777344,499.7071533203125,225.7236328125,-189.24685668945312,804.1679077148438,-133.04537963867188,113.298095703125,190.5712890625,-178.65484619140625,-226.6650238037109,967.516357421875,-145.6988067626953,-102.41159057617188,494.1500244140625,-200.7616424560547,-370.24847412109375,859.760498046875
104.1199188232422,-430.1171875,134.40609741210938,121.17324829101562,-284.1019287109375,971.6581420898438,101.93174743652344,-389.2627258300781,500.4415588378906,227.1236267089844,-193.2321014404297,804.3720703125,-132.92449951171875,113.93536376953124,195.5175018310547,-177.53965759277344,-228.80259704589844,967.0572509765624,-145.06553649902344,-109.90608978271484,492.5018005371094,-201.2281951904297,-367.0476989746094,858.4373779296875
104.37541961669922,-422.3442687988281,133.89512634277344,122.27759552001952,-286.10565185546875,973.4069213867188,103.41152954101562,-389.408203125,501.19183349609375,228.5714874267578,-197.5331268310547,804.794677734375,-132.72048950195312,113.41015625,200.7813262939453,-176.43399047851562,-230.7677764892578,966.7041015625,-144.6648712158203,-118.09626007080078,490.6971740722656,-201.8012542724609,-363.6856384277344,857.281005859375
104.57962036132812,-414.2629089355469,133.47100830078125,123.37752532958984,-287.92877197265625,975.2509765625,104.93799591064452,-388.9886169433594,501.8873291015625,230.0590362548828,-202.142822265625,805.4382934570312,-132.42454528808594,111.67821502685548,206.32443237304688,-175.34127807617188,-232.51983642578125,966.4629516601562,-144.4711456298828,-126.8787612915039,488.7921447753906,-202.46807861328125,-360.1763916015625,856.2963256835938
104.72569274902344,-405.870849609375,133.12220764160156,124.46536254882812,-289.5570068359375,977.1572875976562,106.46552276611328,-387.8853759765625,502.4683837890625,231.57669067382807,-207.05148315429688,806.3038940429688,-132.02993774414062,108.7249526977539,212.09359741210935,-174.2645263671875,-234.0257873535156,966.340087890625,-144.44595336914062,-136.14324951171875,486.859130859375,-203.21617126464844,-356.5348815917969,855.4859619140625
104.8128433227539,-397.1756286621094,132.836669921875,125.53440856933594,-290.9779052734375,979.0942993164062,107.95148468017578,-386.010009765625,502.8918151855469,233.1134033203125,-212.2469482421875,807.3905639648438,-131.53182983398438,104.5689697265625,218.0226593017578,-173.2066192626953,-235.26168823242188,966.3421630859376,-144.54278564453125,-145.77894592285156,484.9838562011719,-204.0335235595703,-352.77655029296875,854.8505859375
104.84563446044922,-388.1954345703125,132.60235595703125,126.5794906616211,-292.18072509765625,981.03271484375,109.3615951538086,-383.3128051757813,503.1335754394531,234.65675354003903,-217.71478271484372,808.6958618164062,-130.92764282226562,99.26277160644533,224.0353240966797,-172.1703643798828,-236.2136383056641,966.4758911132812,-144.7127227783203,-155.68067932128906,483.2608947753906,-204.9088897705078,-348.91729736328125,854.3887939453125
104.83277893066406,-378.9581909179688,132.4077606201172,127.59725189208984,-293.15643310546875,982.9462890625,110.6740264892578,-379.7868041992188,503.1890563964844,236.19317626953125,-223.43850708007807,810.2157592773438,-130.2174835205078,92.88992309570312,230.0484161376953,-171.15843200683594,-236.8781280517578,966.7481079101562,-144.9101104736328,-165.7539520263672,481.7872924804688,-205.83189392089844,-344.97320556640625,854.097412109375
104.78563690185548,-369.4991455078125,132.24237060546875,128.58628845214844,-293.89776611328125,984.8121337890624,111.88146209716795,-375.4671630859375,503.070556640625,237.7080841064453,-229.39990234375,811.9447021484375,-129.40516662597656,85.55843353271484,235.9744110107422,-170.17340087890625,-237.2618560791016,967.1651000976562,-145.09779357910156,-175.9185791015625,480.6557922363281,-206.79312133789065,-340.9602966308594,853.9714965820312
104.716552734375,-359.85748291015625,132.0972137451172,129.54708862304688,-294.39947509765625,986.6107177734376,112.99079132080078,-370.4260559082031,502.80316162109375,239.18618774414065,-235.57928466796875,813.8757934570312,-128.499267578125,77.39088439941406,241.72244262695312,-169.21762084960938,-237.3807678222656,967.7322998046876,-145.25067138671875,-186.11007690429688,479.9476623535156,-207.7841644287109,-336.89453125,854.0043334960938
104.63739776611328,-350.0732116699219,131.96507263183594,130.48175048828125,-294.65869140625,988.325927734375,114.02025604248048,-364.7640380859375,502.4195251464844,240.61178588867188,-241.9558563232422,816.000732421875,-127.51412963867188,68.51246643066406,247.19747924804688,-168.29324340820312,-237.25860595703125,968.453857421875,-145.35723876953125,-196.2789001464844,479.72650146484375,-208.7975616455078,-332.7913513183594,854.1875610351562
104.55812072753906,-340.18426513671875,131.84088134765625,131.39382934570312,-294.6748962402344,989.94482421875,114.99435424804688,-358.5990905761719,501.9546813964844,241.9691619873047,-248.50791931152344,818.31005859375,-126.47013092041016,59.03928756713867,252.2985992431641,-167.40206909179688,-236.92510986328125,969.3316040039062,-145.41864013671875,-206.38723754882807,480.0335998535156,-209.82667541503903,-328.66558837890625,854.5108642578125
104.48570251464844,-330.2242736816406,131.72178649902344,132.28807067871094,-294.4498596191406,991.4570922851562,115.93720245361328,-352.0546875,501.4416198730469,243.24290466308597,-255.21311950683597,820.7930908203125,-125.39320373535156,49.06904220581055,256.9183654785156,-166.54563903808594,-236.41412353515625,970.3648071289062,-145.44654846191406,-216.4049835205078,480.8851318359375,-210.86558532714844,-324.53125,854.962158203125
104.4234390258789,-320.22137451171875,131.60711669921875,133.16986083984375,-293.9876403808594,992.8550415039062,116.86564636230467,-345.248291015625,500.9079895019531,244.41824340820312,-262.0486755371094,823.4379272460938,-124.31353759765624,38.67580032348633,260.9453125,-165.7252655029297,-235.76138305664065,971.5488891601562,-145.46009826660156,-226.3057556152344,482.2713012695313,-211.9088592529297,-320.4013366699219,855.5274658203125
104.37086486816406,-310.1975402832031,131.4980926513672,134.04457092285156,-293.2945861816406,994.133056640625,117.78385162353516,-338.281494140625,500.3742370605469,245.4813537597656,-268.9915466308594,826.2317504882812,-123.26383972167967,27.90889358520508,264.269287109375,-164.94215393066406,-235.0027008056641,972.8754272460938,-145.48239135742188,-236.0632476806641,484.1574096679688,-212.9512939453125,-316.2877502441406,856.1910400390625
104.32427215576172,-300.16876220703125,131.39730834960938,134.91656494140625,-292.3793029785156,995.2865600585938,118.68090057373048,-331.2331848144531,499.8530578613281,246.41966247558597,-276.0184631347656,829.1605834960938,-122.27745819091795,16.795074462890625,266.7890930175781,-164.19757080078125,-234.17198181152344,974.3313598632812,-145.53640747070312,-245.64865112304688,486.487060546875,-213.98785400390625,-312.201171875,856.9351196289062
104.27774810791016,-290.14581298828125,131.30804443359375,135.78846740722656,-291.2528381347656,996.3123168945312,119.53230285644533,-324.1560974121094,499.3501281738281,247.2220458984375,-283.10614013671875,832.20947265625,-121.38665771484376,5.342488765716553,268.41973876953125,-163.49293518066406,-233.29986572265625,975.8990478515624,-145.64111328125,-255.0293884277344,489.1871948242188,-215.0133819580078,-308.15106201171875,857.740478515625
104.2245101928711,-280.13531494140625,131.23358154296875,136.66061401367188,-289.9283142089844,997.2073364257812,120.30523681640624,-317.0766296386719,498.8658447265625,247.8789520263672,-290.2313232421875,835.362548828125,-120.6212158203125,-6.45468807220459,269.09881591796875,-162.83001708984375,-232.41253662109372,977.5565795898438,-145.80799865722656,-264.1697082519531,492.1744995117188,-216.0225982666016,-304.14556884765625,858.5863647460938
104.15827178955078,-270.1409606933594,131.176513671875,137.53086853027344,-288.4210205078125,997.96923828125,120.96648406982422,-309.99755859375,498.3973083496094,248.38250732421875,-297.37091064453125,838.603271484375,-120.0073013305664,-18.61172866821289,268.7906188964844,-162.21090698242188,-231.53097534179688,979.2781372070312,-146.0386962890625,-273.032470703125,495.3621520996094,-217.01010131835935,-300.1916809082031,859.4510498046875
104.07439422607422,-260.16424560546875,131.1383056640625,138.39456176757812,-286.74786376953125,998.5960693359376,121.49110412597656,-302.9024353027344,497.9402770996094,248.7266082763672,-304.5019226074219,841.9141235351562,-119.56661224365234,-31.14923667907715,267.48809814453125,-161.63803100585938,-230.67079162597656,981.03515625,-146.32383728027344,-281.5816650390625,498.66607666015625,-217.9702911376953,-296.295166015625,860.3119506835938
103.9706802368164,-250.2049865722656,131.1190948486328,139.24490356445312,-284.9271850585937,999.0865478515624,121.86893463134766,-295.7618713378906,497.4910278320313,248.9068145751953,-311.6016845703125,845.2771606445312,-119.3156509399414,-44.089637756347656,265.21258544921875,-161.1140899658203,-229.84222412109372,982.79736328125,-146.64364624023438,-289.78485107421875,502.0101013183594,-218.89761352539065,-292.46075439453125,861.1463012695312
103.84752655029295,-240.2618408203125,131.1175994873047,140.0734100341797,-282.9781188964844,999.4402465820312,122.1068115234375,-288.5408935546875,497.0470886230469,248.92034912109372,-318.6478881835937,848.6738891601562,-119.26516723632812,-57.45438766479492,262.011962890625,-160.64181518554688,-229.05072021484372,984.5336303710938,-146.97000122070312,-297.6146850585937,505.3293762207031,-219.7865753173828,-288.6922302246094,861.9315185546875
103.70765686035156,-230.332763671875,131.13148498535156,140.87049865722656,-280.9201965332031,999.6575927734376,122.22603607177734,-281.2064514160156,496.6078186035156,248.76600646972656,-325.6185607910156,852.08544921875,-119.4197998046875,-71.2619400024414,257.95770263671875,-160.22390747070312,-228.29757690429688,986.213623046875,-147.2696990966797,-305.04931640625,508.57177734375,-220.6320037841797,-284.9925231933594,862.6458129882812
103.55536651611328,-220.4156036376953,131.15765380859375,141.62611389160156,-278.7725830078125,999.740234375,122.2565460205078,-273.7333679199219,496.17388916015625,248.4440155029297,-332.49237060546875,855.4928588867188,-119.77796173095705,-85.52655029296875,253.1410369873047,-159.86279296875,-227.58091735839844,987.8085327148438,-147.50860595703125,-312.07177734375,511.6968688964844,-221.4291229248047,-281.3638000488281,863.2684936523438
103.39551544189452,-210.50845336914065,131.192626953125,142.33033752441406,-276.5538330078125,999.69091796875,122.22992706298828,-266.1083679199219,495.7468872070313,247.9559326171875,-339.2484130859375,858.8770141601562,-120.33209228515624,-100.25775909423828,247.66888427734372,-159.5604705810547,-226.896728515625,989.2919921875,-147.6558837890625,-318.66845703125,514.67333984375,-222.1738739013672,-277.8077392578125,863.7806396484375
103.23251342773438,-200.6100006103516,131.2329559326172,142.97398376464844,-274.2816772460937,999.5132446289062,122.1733627319336,-258.33209228515625,495.3283081054688,247.30455017089844,-345.866455078125,862.2191162109375,-121.0693588256836,-115.46009826660156,241.65953063964844,-159.31842041015625,-226.23977661132807,990.6406860351562,-147.68756103515625,-324.8272399902344,517.4756469726562,-222.86289978027344,-274.3255615234375,864.1654052734375
103.06946563720705,-190.71958923339844,131.27540588378906,143.549072265625,-271.9729309082031,999.2114868164062,122.10554504394533,-250.4189453125,494.9187927246094,246.49366760253903,-352.326904296875,865.5006103515625,-121.97254180908205,-131.13262939453125,235.2384796142578,-159.13739013671875,-225.6045837402344,991.8349609375,-147.58892822265625,-330.5362243652344,520.0809326171875,-223.4938201904297,-270.9181823730469,864.4083251953125
102.90752410888672,-180.83726501464844,131.31724548339844,144.04922485351562,-269.6435241699219,998.79052734375,122.03515625,-242.3959808349609,494.5177001953125,245.5281219482422,-358.6109924316406,868.7033081054688,-123.0213394165039,-147.2682342529297,228.53433227539065,-159.01734924316406,-224.98614501953125,992.8587646484376,-147.35552978515625,-335.7823791503906,522.4673461914062,-224.06521606445312,-267.5863647460937,864.4976196289062
102.7456512451172,-170.9636993408203,131.35629272460938,144.46987915039062,-267.30865478515625,998.2554931640624,121.96158599853516,-234.300537109375,494.1228637695313,244.41354370117188,-364.7005920410156,871.8096923828125,-124.1938934326172,-163.85281372070312,221.67498779296875,-158.95748901367188,-224.3805389404297,993.69970703125,-146.99327087402344,-340.55157470703125,524.61328125,-224.5767517089844,-264.33074951171875,864.4241943359375
102.58074188232422,-161.10020446777344,131.39114379882812,144.80845642089844,-264.9828186035156,997.6119995117188,121.8772430419922,-226.17758178710935,493.73089599609375,243.1563873291016,-370.5785827636719,874.802734375,-125.46854400634766,-180.8648376464844,214.78396606445312,-158.95620727539062,-223.78550720214844,994.3489990234376,-146.5178985595703,-344.8292541503906,526.4971923828125,-225.029052734375,-261.1521301269531,864.1818237304688
102.40802764892578,-151.24859619140625,131.42115783691406,145.06431579589844,-262.6799621582031,996.8658447265624,121.7707977294922,-218.07644653320312,493.3377075195313,241.7638092041016,-376.2286987304688,877.6663208007812,-126.82540130615234,-198.27513122558597,207.9775848388672,-159.01119995117188,-223.2007751464844,994.8014526367188,-145.95428466796875,-348.60235595703125,528.0982055664062,-225.4237823486328,-258.05133056640625,863.76708984375
102.22177124023438,-141.41116333007812,131.44659423828125,145.23863220214844,-260.4136657714844,996.0232543945312,121.6304168701172,-210.04771423339844,492.9390563964844,240.24354553222656,-381.63568115234375,880.3850708007812,-128.2473602294922,-216.04669189453125,201.3627471923828,-159.1195526123047,-222.6284027099609,995.0549926757812,-145.33485412597656,-351.8607482910156,529.3963623046875,-225.76353454589844,-255.0294189453125,863.1791381835938
102.0159149169922,-131.5906982421875,131.46878051757812,145.3341064453125,-258.1969299316406,995.0906372070312,121.4465789794922,-202.1403961181641,492.53125,238.6039581298828,-386.7852478027344,882.9443359375,-129.7205810546875,-234.13438415527344,195.03579711914065,-159.27786254882812,-222.07286071777344,995.1104736328124,-144.69723510742188,-354.5984802246094,530.3739013671875,-226.0516662597656,-252.0878143310547,862.4197387695312
101.7848663330078,-121.79035186767578,131.49037170410156,145.35462951660156,-256.04229736328125,994.0750122070312,121.2140884399414,-194.39962768554688,492.1116333007813,236.85386657714844,-391.664306640625,885.3306274414062,-131.23446655273438,-252.4841461181641,189.0821228027344,-159.482421875,-221.54112243652344,994.9719848632812,-144.0813446044922,-356.81451416015625,531.0167846679688,-226.2923889160156,-249.228271484375,861.4928588867188
101.5243148803711,-112.01376342773438,131.51551818847656,145.304931640625,-253.9617156982422,992.983642578125,120.93292999267578,-186.86459350585935,491.6789855957031,235.0026092529297,-396.2608337402344,887.53125,-132.7810821533203,-271.0316772460937,183.57614135742188,-159.7294158935547,-221.0426025390625,994.6461181640624,-143.5264129638672,-358.5133056640625,531.3163452148438,-226.4904937744141,-246.45301818847656,860.4046020507812
101.2319793701172,-102.26517486572266,131.55007934570312,145.19003295898438,-251.9665679931641,991.8240966796876,120.60826873779295,-179.56723022460938,491.233642578125,233.05987548828125,-400.56396484375,889.5346069335938,-134.3542022705078,-289.7003479003906,178.58116149902344,-160.0150909423828,-220.5890655517578,994.1423950195312,-143.06800842285156,-359.7056579589844,531.2709350585938,-226.6514892578125,-243.76483154296875,859.1627197265625
100.90821075439452,-92.54984283447266,131.60177612304688,145.01492309570312,-250.06765747070312,990.6043090820312,120.24972534179688,-172.53175354003906,490.7775573730469,231.0357666015625,-404.56390380859375,891.3301391601562,-135.94808959960938,-308.3992004394531,174.14907836914062,-160.3359832763672,-220.1944122314453,993.4727783203124,-142.73561096191406,-360.4093017578125,530.8867797851562,-226.7814483642578,-241.1670684814453,857.7766723632812
100.55638122558594,-82.87440490722656,131.68026733398438,144.7841033935547,-248.27540588378903,989.3321533203124,119.87020874023438,-165.77517700195312,490.3139343261719,228.9406890869141,-408.2521057128906,892.9082641601562,-137.55599975585938,-327.0213317871094,170.3192596435547,-160.68911743164062,-219.8742218017578,992.6517333984376,-142.55067443847656,-360.65045166015625,530.178466796875,-226.8870849609375,-238.663818359375,856.2570190429688
100.18304443359376,-73.2472152709961,131.7971649169922,144.50120544433594,-246.60003662109372,988.0155029296876,119.48448181152344,-159.308349609375,489.8470153808594,226.7853546142578,-411.62109375,894.2607421875,-139.16880798339844,-345.4428405761719,167.11695861816406,-161.07215881347656,-219.6452178955078,991.6959228515624,-142.52557373046875,-360.4649658203125,529.1683349609375,-226.9757080078125,-236.2598876953125,854.6156005859375
99.7978286743164,-63.67845153808594,131.96600341796875,144.168701171875,-245.05177307128903,986.6622314453124,119.10752868652344,-153.13754272460938,489.3815307617188,224.58074951171875,-414.66448974609375,895.3803100585938,-140.77386474609375,-363.523193359375,164.55123901367188,-161.4835662841797,-219.52471923828125,990.6240234375,-142.66329956054688,-359.9003295898437,527.885986328125,-227.05528259277344,-233.96090698242188,852.8650512695312
99.41302490234376,-54.18008041381836,132.20196533203125,143.78782653808594,-243.64100646972656,985.2799072265624,118.75293731689452,-147.26617431640625,488.9221801757813,222.33804321289065,-417.37701416015625,896.2611694335938,-142.3544464111328,-381.10650634765625,162.61276245117188,-161.9226531982422,-219.5299072265625,989.4564819335938,-142.95777893066406,-359.0165710449219,526.3673095703125,-227.1343994140625,-231.7733612060547,851.0186767578125
99.04248809814452,-44.76551055908203,132.52108764648438,143.35850524902344,-242.37835693359372,983.8757934570312,118.43126678466795,-141.6967315673828,488.4732360839844,220.068603515625,-419.7544250488281,896.8986206054688,-143.8893585205078,-398.0241394042969,161.27200317382812,-162.3896942138672,-219.67730712890625,988.215087890625,-143.39488220214844,-357.88671875,524.6533203125,-227.22232055664065,-229.70458984375,849.090576171875
98.69950103759766,-35.44856643676758,132.93905639648438,142.87962341308594,-241.27474975585935,982.4570922851562,118.14856719970705,-136.43235778808594,488.0379333496094,217.78392028808597,-421.7934265136719,897.2893676757812,-145.3533172607422,-414.0988159179688,160.47836303710938,-162.88592529296875,-219.982177734375,986.922607421875,-143.95370483398438,-356.595458984375,522.7894897460938,-227.32894897460935,-227.7628173828125,847.0951538085938
98.3944091796875,-26.24224281311035,133.46974182128906,142.3492889404297,-240.3413543701172,981.0308227539062,117.90502166748048,-131.4781494140625,487.6182556152344,215.49554443359372,-423.4917297363281,897.4315795898438,-146.71759033203125,-429.1502685546875,160.16079711914062,-163.4136199951172,-220.4579925537109,985.6023559570312,-144.6082000732422,-355.23602294921875,520.82470703125,-227.46473693847656,-225.95709228515625,845.0474243164062
98.13291931152344,-17.157915115356445,134.1244659423828,141.76519775390625,-239.58935546875,979.6040649414062,117.69384765625,-126.84187316894533,487.214599609375,213.21502685546875,-424.847900390625,897.3250122070312,-147.9514923095703,-443.002685546875,160.23011779785156,-163.97601318359375,-221.1159210205078,984.2776489257812,-145.3287353515625,-353.9057312011719,518.8106689453125,-227.64065551757807,-224.29730224609372,842.9627685546875
97.91556549072266,-8.205145835876465,134.91229248046875,141.1251983642578,-239.02957153320312,978.183837890625,117.5006332397461,-122.53414154052734,486.8258056640625,210.953857421875,-425.8614196777344,896.9708862304688,-149.02432250976562,-455.492919921875,160.5832061767578,-164.5772247314453,-221.96435546875,982.971435546875,-146.08377075195312,-352.7001342773437,516.800048828125,-227.86805725097656,-222.7940216064453,840.8568725585938
97.73807525634766,0.6080725193023682,135.8409881591797,140.4275665283203,-238.6720123291016,976.7775268554688,117.30323028564452,-118.56828308105467,486.4490661621094,208.72337341308597,-426.5325012207031,896.3721923828125,-149.9077606201172,-466.4794006347656,161.10910034179688,-165.2221221923828,-223.00848388671875,981.7058715820312,-146.841552734375,-351.7068176269531,514.843994140625,-228.158447265625,-221.45846557617188,838.745849609375
97.59228515625,9.274825096130373,136.91766357421875,139.67123413085938,-238.5255126953125,975.3927612304688,117.07268524169922,-114.9598388671875,486.0802917480469,206.5347900390625,-426.862060546875,895.5335693359375,-150.57839965820312,-475.8503723144531,161.6962890625,-165.9160614013672,-224.2498779296875,980.5020751953124,-147.57147216796875,-350.9995422363281,512.9896240234375,-228.5233612060547,-220.3023376464844,836.6461791992188
97.46742248535156,17.7886905670166,138.1492156982422,138.85580444335938,-238.5974273681641,974.0374755859376,116.77523803710938,-111.72650146484376,485.7141723632813,204.3991241455078,-426.8514709472656,894.46142578125,-151.02023315429688,-483.5315551757813,162.240966796875,-166.66453552246094,-225.68614196777344,979.3795776367188,-148.2454376220703,-350.633056640625,511.2773132324219,-228.9741058349609,-219.3376617431641,834.5746459960938
97.35161590576172,26.1430721282959,139.54251098632812,137.9813232421875,-238.89328002929688,972.7196655273438,116.37535858154295,-108.88835906982422,485.3445129394531,202.3271026611328,-426.5026245117188,893.1638793945312,-151.22671508789062,-489.491943359375,162.65499877929688,-167.47293090820312,-227.31072998046875,978.3565673828124,-148.83961486816406,-350.6397399902344,509.7391052246094,-229.5213928222656,-218.5765380859375,832.54833984375
97.2333755493164,34.3304328918457,141.10458374023438,137.04818725585938,-239.4164581298828,971.4474487304688,115.83954620361328,-106.4679946899414,484.9644775390625,200.32907104492188,-425.8177490234375,891.6507568359375,-151.2021026611328,-493.7471008300781,162.87258911132812,-168.3461151123047,-229.1126251220703,977.4494018554688,-149.3364715576172,-351.0287475585937,508.3981323242188,-230.1751708984375,-218.03099060058597,830.584716796875
97.10286712646484,42.34135437011719,142.8429718017578,136.0568389892578,-240.16790771484372,970.228759765625,115.14032745361328,-104.49046325683594,484.56683349609375,198.41482543945312,-424.7993774414063,889.9337158203125,-150.9620819091797,-496.3594055175781,162.85430908203125,-169.2880859375,-231.0763702392578,976.672607421875,-149.72691345214844,-351.7875366210937,507.2690124511719,-230.9442138671875,-217.71267700195312,828.7015380859375
96.9527816772461,50.16349029541016,144.7659149169922,135.00759887695312,-241.14566040039065,969.0711059570312,114.25994110107422,-102.98306274414062,484.1443481445313,196.59341430664065,-423.4502868652344,888.0261840820312,-150.53335571289062,-497.43450927734375,162.58773803710938,-170.30154418945312,-233.18214416503903,976.0391235351562,-150.01226806640625,-352.885009765625,506.3594970703125,-231.8358154296875,-217.63259887695312,826.916748046875
96.77886199951172,57.78042221069336,146.88294982910156,133.900634765625,-242.34457397460935,967.9814453125,113.1933364868164,-101.97515106201172,483.6897888183594,194.8729705810547,-421.7734375,885.9432373046875,-149.9527130126953,-497.1142883300781,162.08448791503906,-171.38763427734375,-235.40594482421875,975.559814453125,-150.20535278320312,-354.2765197753906,505.6720886230469,-232.85552978515625,-217.8008270263672,825.2484741210938
96.5801010131836,65.17049407958984,149.20533752441406,132.7359619140625,-243.75572204589844,966.9657592773438,111.95006561279295,-101.4978485107422,483.1961364746094,193.26048278808597,-419.7721862792969,883.7018432617188,-149.26541137695312,-495.5658874511719,161.37411499023438,-172.54562377929688,-237.7201690673828,975.24365234375,-150.3308868408203,-355.9089050292969,505.205810546875,-234.00685119628903,-218.2262725830078,823.7149047851562
96.35857391357422,72.30570983886719,151.7465057373047,131.51358032226562,-245.3660125732422,966.029052734375,110.554931640625,-101.58352661132812,482.656494140625,191.7616271972656,-417.45013427734375,881.3206176757812,-148.52284240722656,-492.9685668945313,160.4969024658203,-173.77294921875,-240.09429931640625,975.0977783203124,-150.42478942871094,-357.7254943847656,504.9570617675781,-235.29098510742188,-218.9163360595703,822.334228515625
96.11904907226562,79.15062713623047,154.522216796875,130.2338409423828,-247.15753173828125,965.175537109375,109.0472640991211,-102.26504516601562,482.06396484375,190.380615234375,-414.811279296875,878.8197021484375,-147.77955627441406,-489.4990539550781,159.49732971191406,-175.06524658203125,-242.49591064453125,975.126953125,-150.53233337402344,-359.6700744628906,504.9190979003906,-236.7067108154297,-219.87667846679688,821.1242065429688
95.86846160888672,85.66063690185547,157.55023193359375,128.8977813720703,-249.1071014404297,964.4085693359376,107.47876739501952,-103.57443237304688,481.4117431640625,189.1200714111328,-411.8601989746094,876.2208251953125,-147.08935546875,-485.3183898925781,158.41920471191406,-176.41653442382812,-244.891845703125,975.333740234375,-150.70521545410156,-361.6886596679688,505.0805969238281,-238.25021362304688,-221.11105346679688,820.1023559570312
95.61540222167967,91.7802734375,160.84938049316406,127.50753784179688,-251.18603515625,963.7310791015624,105.91007995605467,-105.54127502441406,480.6927795410156,187.9810333251953,-408.6022338867188,873.547119140625,-146.5003662109375,-480.5614318847656,157.3024139404297,-177.81947326660156,-247.24945068359372,975.7181396484376,-150.99725341796875,-363.7290954589844,505.4230041503906,-239.9151306152344,-222.6210174560547,819.2853393554688
95.36957550048828,97.44223022460938,164.43844604492188,126.06670379638672,-253.36013793945312,963.1453247070312,104.40618133544922,-108.19059753417967,479.9000244140625,186.9629364013672,-405.0436401367188,870.82275390625,-146.05020141601562,-475.3314208984375,156.18125915527344,-179.2655487060547,-249.5376892089844,976.27734375,-151.45932006835938,-365.7389831542969,505.9185485839844,-241.6925811767578,-224.4058380126953,818.688720703125
95.14132690429688,102.56787872314452,168.3347930908203,124.58052825927734,-255.5902404785156,962.6534423828124,103.03094482421876,-111.54065704345705,479.02685546875,186.0637359619141,-401.1917724609375,868.0728149414062,-145.762451171875,-469.6990051269531,155.0838623046875,-180.74545288085935,-251.72802734375,977.0057373046876,-152.13356018066406,-367.66204833984375,506.5290832519531,-243.5712890625,-226.46234130859372,818.326904296875
94.94100189208984,107.06906127929688,172.55255126953125,123.05587005615234,-257.8331298828125,962.25732421875,101.8414077758789,-115.60083770751952,478.0677185058594,185.27999877929688,-397.0553894042969,865.3229370117188,-145.645263671875,-463.7052612304688,154.03240966796875,-182.24923706054688,-253.79519653320312,977.8947143554688,-153.04806518554688,-369.4346008300781,507.2076110839844,-245.537841796875,-228.78488159179688,818.2123413085938
94.7780990600586,110.85110473632812,177.10023498535156,121.5009765625,-260.04302978515625,961.9590454101562,100.88241577148438,-120.37017822265624,477.0195617675781,184.6071014404297,-392.6447143554688,862.5989990234375,-145.6921844482422,-457.36724853515625,153.04360961914062,-183.76670837402344,-255.71759033203125,978.933349609375,-154.212646484375,-370.983154296875,507.9021606445313,-247.5769500732422,-231.36529541015625,818.3555297851562
94.6602783203125,113.81700134277344,181.9779357910156,119.92510223388672,-262.1731262207031,961.7606811523438,100.1826400756836,-125.83668518066406,475.8836669921875,184.0395050048828,-387.9716796875,859.9266967773438,-145.88458251953125,-450.6849060058594,152.12925720214844,-185.2877197265625,-257.4773864746094,980.1080932617188,-155.6167755126953,-372.2241516113281,508.5613708496094,-249.6717834472656,-234.19293212890625,818.7644653320312
94.59241485595705,115.87263488769533,187.1743927001953,118.33807373046876,-264.1775817871094,961.66455078125,99.75243377685548,-131.9774627685547,474.6675415039063,183.5709228515625,-383.0498046875,857.3313598632812,-146.19541931152344,-443.6484375,151.29696655273438,-186.80242919921875,-259.0604248046875,981.40380859375,-157.23004150390625,-373.0659790039063,509.140380859375,-251.80441284179688,-237.25477600097656,819.4443969726562
94.57555389404295,116.93265533447266,192.6643524169922,116.74980926513672,-266.0134582519531,961.67333984375,99.58379364013672,-138.75927734375,473.3869323730469,183.19464111328125,-377.8944396972656,854.8372802734375,-146.59300231933594,-436.2451477050781,150.55062866210938,-188.30162048339844,-260.45574951171875,982.8037719726562,-159.00514221191406,-373.4136657714844,509.60595703125,-253.9561920166016,-240.5355682373047,820.3976440429688
94.60585021972656,116.92637634277344,198.4067230224609,115.16997528076172,-267.6424865722656,961.7900390625,99.6523666381836,-146.13954162597656,472.0670166015625,182.9037322998047,-372.52239990234375,852.467529296875,-147.0447235107422,-428.4656066894531,149.89111328125,-189.7769927978516,-261.65509033203125,984.2904663085938,-160.8826904296875,-373.1746826171875,509.9394836425781,-256.1081848144531,-244.0180511474609,821.6234130859375
94.67369842529295,115.8029327392578,204.34429931640625,113.60762786865234,-269.03277587890625,962.0181274414062,99.92108154296876,-154.0675506591797,470.7428588867188,182.6913299560547,-366.9520568847656,850.2435913085938,-147.5200653076172,-420.3080749511719,149.31661987304688,-191.2212677001953,-262.6519470214844,985.845947265625,-162.79721069335938,-372.2652587890625,510.1380310058594,-258.2415466308594,-247.6831817626953,823.1175537109375
94.76351165771484,113.53563690185548,210.40484619140625,112.07086181640624,-270.1602478027344,962.3610229492188,100.34466552734376,-162.48558044433594,469.4588928222656,182.5507659912109,-361.20306396484375,848.1847534179688,-147.99281311035156,-411.7812805175781,148.8231658935547,-192.6285400390625,-263.44110107421875,987.4519653320312,-164.68377685546875,-370.6165161132813,510.2127380371094,-260.3380126953125,-251.5104217529297,824.872802734375
94.8542022705078,110.12561798095705,216.5038909912109,110.56646728515624,-271.0096740722656,962.8222045898438,100.87423706054688,-171.32998657226562,468.2674560546875,182.47581481933597,-355.2960510253906,846.3082275390625,-148.442626953125,-402.90576171875,148.40489196777344,-193.99429321289065,-264.01788330078125,989.0907592773438,-166.48458862304688,-368.1800842285156,510.1851806640625,-262.38006591796875,-255.47808837890625,826.878662109375
94.92057800292967,105.60375213623048,222.54864501953125,109.09967041015624,-271.5750427246094,963.4047241210938,101.46135711669922,-180.5325469970703,467.2265930175781,182.46080017089844,-349.25244140625,844.62841796875,-148.85562133789062,-393.7132873535156,148.05445861816406,-195.31565856933597,-264.37799072265625,990.744873046875,-168.15460205078125,-364.9325256347656,510.08251953125,-264.3514709472656,-259.5636901855469,829.1217041015625
94.935546875,100.02970123291016,228.44241333007807,107.67399597167967,-271.8594665527344,964.1110229492188,102.0611801147461,-190.02194213867188,466.3970947265625,182.50059509277344,-343.09405517578125,843.1566772460938,-149.2241668701172,-384.2444152832031,147.76344299316406,-196.59130859375,-264.51727294921875,992.3976440429688,-169.6652069091797,-360.8775634765625,509.9324951171875,-266.23748779296875,-263.74420166015625,831.5856323242188
94.87246704101562,93.48709869384766,234.08840942382807,106.291259765625,-271.87451171875,964.9425048828124,102.63468933105467,-199.7252960205078,465.8391418457031,182.59071350097656,-336.8428955078125,841.9014282226562,-149.54638671875,-374.54443359375,147.5230255126953,-197.82151794433597,-264.4317321777344,994.0328979492188,-171.0056915283203,-356.0463562011719,509.75927734375,-268.02508544921875,-267.9966125488281,834.2518310546875
94.70719146728516,86.07533264160156,239.39198303222656,104.95169830322266,-271.6390686035156,965.8992309570312,103.15003967285156,-209.56988525390625,465.6082763671875,182.72727966308597,-330.5207214355469,840.8675537109375,-149.82508850097656,-364.65960693359375,147.324462890625,-199.0078582763672,-264.1177673339844,995.6354370117188,-172.18209838867188,-350.4947509765625,509.580810546875,-269.7030639648437,-272.29803466796875,837.0993041992188
94.41964721679688,77.9000473022461,244.2614288330078,103.6542739868164,-271.1776733398437,966.9796142578124,103.58316802978516,-219.4844970703125,465.751708984375,182.9068603515625,-324.1488342285156,840.0564575195312,-150.0666046142578,-354.63427734375,147.15953063964844,-200.1529083251953,-263.5723876953125,997.1907348632812,-173.21432495117188,-344.2982788085937,509.4080200195313,-271.2624206542969,-276.62628173828125,840.1054077148438
93.99456787109376,69.06427001953125,248.6081695556641,102.39714050292967,-270.5185241699219,968.1799926757812,103.91764831542967,-229.4007873535156,466.3044738769531,183.1264495849609,-317.7477722167969,839.466064453125,-150.27940368652344,-344.5087890625,147.02084350585938,-201.25973510742188,-262.79364013671875,998.6851196289062,-174.13165283203125,-337.5453796386719,509.2453918457031,-272.6960754394531,-280.9598388671875,843.24609375
93.42190551757812,59.66179275512695,252.34767150878903,101.17809295654295,-269.6916809082031,969.494140625,104.14397430419922,-239.2541656494141,467.2868041992188,183.3832855224609,-311.3371276855469,839.0906982421875,-150.47280883789062,-334.3185119628906,146.90203857421875,-202.33139038085935,-261.7812805175781,1000.10595703125,-174.96795654296875,-330.3299255371094,509.0924377441406,-273.9991149902344,-285.2784118652344,846.4961547851562
92.69698333740234,49.77280426025391,255.40115356445312,99.99508666992188,-268.72686767578125,970.913330078125,104.25833129882812,-248.9844665527344,468.70220947265625,183.67469787597656,-304.9353942871094,838.9210205078125,-150.6557159423828,-324.09283447265625,146.798095703125,-203.37042236328125,-260.5370178222656,1001.4415283203124,-175.75680541992188,-322.7441101074219,508.9455871582031,-275.16864013671875,-289.5629272460937,849.829833984375
91.82122039794922,39.46167755126953,257.6981811523437,98.8466567993164,-267.6519470214844,972.42529296875,104.2610092163086,-258.5361633300781,470.5369567871094,183.99798583984372,-298.55975341796875,838.944580078125,-150.8358154296875,-313.8549194335937,146.70529174804688,-204.37852478027344,-259.06524658203125,1002.6814575195312,-176.52720642089844,-314.8728332519531,508.8004150390625,-276.2035522460937,-293.79571533203125,853.2210693359375
90.80304718017578,28.776203155517575,259.179443359375,97.73231506347656,-266.49127197265625,974.0146484375,104.15462493896484,-267.85809326171875,472.76123046875,184.35028076171875,-292.2261962890625,839.1456909179688,-151.01881408691406,-303.62176513671875,146.62112426757812,-205.3560791015625,-257.3732604980469,1003.8165893554688,-177.300537109375,-306.7897033691406,508.6534729003906,-277.1045227050781,-297.9606018066406,856.6437377929688
89.65823364257812,17.74820899963379,259.799072265625,96.65277099609376,-265.2649230957031,975.662353515625,103.94244384765624,-276.90313720703125,475.331298828125,184.7284240722656,-285.9492492675781,839.5057373046875,-151.20822143554688,-293.40460205078125,146.54393005371094,-206.30206298828125,-255.47174072265625,1004.8394165039062,-178.0888671875,-298.55499267578125,508.5037536621094,-277.8736572265625,-302.0429382324219,860.0718994140625
88.40928649902344,6.395098686218262,259.5269775390625,95.61013793945312,-263.9881286621094,977.3465576171876,103.62686920166016,-285.6280822753906,478.1929626464844,185.12892150878903,-279.7421875,840.0038452148438,-151.40530395507812,-283.2097473144531,146.47267150878906,-207.2139434814453,-253.37474060058597,1005.7435302734376,-178.89480590820312,-290.2152709960937,508.3534240722656,-278.5142517089844,-306.02960205078125,863.4802856445312
87.0837631225586,-5.278224945068359,258.35028076171875,94.60791015625,-262.67120361328125,979.0430297851562,103.20844268798828,-293.993896484375,481.2852783203125,185.5479431152344,-273.6168518066406,840.6170043945312,-151.60928344726562,-273.03955078125,146.40675354003906,-208.0877685546875,-251.0997467041016,1006.5242919921876,-179.71279907226562,-281.8046875,508.207275390625,-279.0307312011719,-309.908935546875,866.8441162109375
85.71247100830078,-17.277379989624023,256.27423095703125,93.65082550048828,-261.320068359375,980.7259521484376,102.68535614013672,-301.9660339355469,484.5441284179688,185.9812469482422,-267.5838317871094,841.3206176757812,-151.81781005859375,-262.8933410644531,146.3458251953125,-208.9182891845703,-248.6673583984375,1007.178466796875,-180.5315704345703,-273.34747314453125,508.0715942382813,-279.4281616210937,-313.6708374023437,870.139404296875
84.32779693603516,-29.61661720275879,253.32237243652344,92.74461364746094,-259.936767578125,982.369140625,102.05370330810548,-309.514892578125,487.9056701660156,186.42433166503903,-261.65240478515625,842.0892944335938,-152.0272979736328,-252.76840209960935,146.2898712158203,-209.6993865966797,-246.10089111328125,1007.7042236328124,-181.33709716796875,-264.8612365722656,507.9523010253906,-279.7123107910156,-317.3064270019531,873.3429565429688
82.96224212646484,-42.31708526611328,249.5362243652344,91.8957290649414,-258.5205383300781,983.9466552734376,101.30824279785156,-316.6161499023437,491.3086242675781,186.8724670410156,-255.8305511474609,842.89697265625,-152.2333526611328,-242.66099548339844,146.23910522460938,-210.4243621826172,-243.4257049560547,1008.1012573242188,-182.11524963378903,-256.36053466796875,507.8531494140625,-279.8890991210937,-320.8082275390625,876.4325561523438
81.64707946777344,-55.40527725219727,244.9745178222656,91.11089324951172,-257.0687866210937,985.4336547851562,100.44361114501952,-323.25054931640625,494.6960144042969,187.3208770751953,-250.1250762939453,843.7179565429688,-152.43106079101562,-232.5673065185547,146.1940155029297,-211.08644104003903,-240.6685028076172,1008.3705444335938,-182.85353088378903,-247.85997009277344,507.7745666503906,-279.96466064453125,-324.169921875,879.3870239257812
80.41139221191406,-68.91146850585938,239.71237182617188,90.39666748046876,-255.57827758789065,986.8069458007812,99.4557647705078,-329.4038391113281,498.0162048339844,187.7648162841797,-244.5415802001953,844.5269775390625,-152.61537170410156,-222.48411560058597,146.1553192138672,-211.67926025390625,-237.85646057128903,1008.5143432617188,-183.54168701171875,-239.3761138916016,507.7137145996094,-279.94500732421875,-327.3862609863281,882.1861572265625
79.28134155273438,-82.86795043945312,233.83999633789065,89.75897979736328,-254.04586791992188,988.045654296875,98.34344482421876,-335.0661315917969,501.2231140136719,188.19976806640625,-239.0845489501953,845.3001098632812,-152.78140258789062,-212.40921020507807,146.12400817871094,-212.19728088378903,-235.01632690429688,1008.5360717773438,-184.1715545654297,-230.9282684326172,507.6652526855469,-279.83599853515625,-330.4530029296875,884.8109741210938
78.27983856201172,-97.30664825439452,227.46099853515625,89.20256042480469,-252.46946716308597,989.1312255859376,97.1095199584961,-340.2313842773437,504.27630615234375,188.62155151367188,-233.7574005126953,846.0150146484375,-152.9248504638672,-202.34165954589844,146.1011505126953,-212.6362762451172,-232.173583984375,1008.4400634765624,-184.73678588867188,-222.5381317138672,507.6224060058594,-279.6430969238281,-333.3667907714844,887.2437744140625
77.42648315429688,-112.25631713867188,220.6901397705078,88.73065185546875,-250.84841918945312,990.0478515625,95.76192474365234,-344.8966369628906,507.1408081054688,189.02655029296875,-228.5625762939453,846.6513061523438,-153.04229736328125,-192.28179931640625,146.08790588378906,-212.99362182617188,-229.35177612304688,1008.2313232421876,-185.23265075683597,-214.2288818359375,507.5779418945313,-279.3713684082031,-336.12506103515625,889.4680786132812
76.73773956298828,-127.73942565917967,213.6505126953125,88.34477996826172,-249.18402099609372,990.7828369140624,94.31410217285156,-349.0611877441406,509.7864990234375,189.4117431640625,-223.50164794921875,847.1909790039062,-153.131591796875,-182.2310943603516,146.08526611328125,-213.26858520507807,-226.57205200195312,1007.9153442382812,-185.6561279296875,-206.0237579345703,507.5248718261719,-279.0255126953125,-338.72576904296875,891.4690551757812
76.2271499633789,-143.7691650390625,206.47027587890625,88.04467010498047,-247.4796600341797,991.3267822265624,92.78494262695312,-352.7260437011719,512.1880493164062,189.7748107910156,-218.57542419433597,847.6184692382812,-153.1920928955078,-172.19166564941406,146.09390258789062,-213.46237182617188,-223.85287475585935,1007.498046875,-186.00613403320312,-197.94467163085935,507.4572143554688,-278.6098937988281,-341.16748046875,893.2332763671875
75.90538024902344,-160.3466339111328,199.279296875,87.8282699584961,-245.7409820556641,991.6737670898438,91.19811248779295,-355.89324951171875,514.3245849609375,190.1142425537109,-213.7840881347656,847.9208984375,-153.22491455078125,-162.1660614013672,146.114013671875,-213.57815551757807,-221.2097930908203,1006.9854125976562,-186.2838134765625,-190.0108795166016,507.3703308105469,-278.1285095214844,-343.4491577148437,894.7493286132812
75.77996063232422,-177.45838928222656,192.2055511474609,87.69180297851562,-243.9759063720703,991.8212280273438,89.5810317993164,-358.56561279296875,516.1793212890625,190.4293212890625,-209.12733459472656,848.0880126953125,-153.23292541503906,-152.1568603515625,146.1451873779297,-213.62071228027344,-218.6551513671875,1006.38330078125,-186.49282836914065,-182.2381896972656,507.26116943359375,-277.5850524902344,-345.5699768066406,896.0076293945312
75.85464477539062,-195.07421875,185.3716583251953,87.62995910644531,-242.19451904296875,991.7699584960938,87.96345520019531,-360.7467956542969,517.7399291992188,190.7201385498047,-204.6045837402344,848.1123657226562,-153.2206573486328,-142.1663818359375,146.18637084960938,-213.59620666503903,-216.1979217529297,1005.6976318359376,-186.6393585205078,-174.63833618164062,507.1283264160156,-276.98309326171875,-347.5294494628906,897.000732421875
76.12850189208984,-213.1454620361328,178.8914031982422,87.63607788085938,-240.40887451171875,991.5238647460938,86.37590026855469,-362.4416198730469,518.9984741210938,190.9875946044922,-200.21505737304688,847.9888916015625,-153.19386291503906,-132.1963653564453,146.23590087890625,-213.5117034912109,-213.84376525878903,1004.93408203125,-186.7320251464844,-167.2191162109375,506.9718627929688,-276.32598876953125,-349.32720947265625,897.7232666015625
76.59465026855469,-231.603271484375,172.8665313720703,87.70252227783203,-238.6328125,991.0899658203124,84.84796142578125,-363.6571350097656,519.9517822265625,191.23336791992188,-195.9580078125,847.7152709960938,-153.15899658203125,-122.24774932861328,146.2915496826172,-213.37484741210935,-211.5952911376953,1004.09814453125,-186.7812957763672,-159.98486328125,506.79296875,-275.61700439453125,-350.9630126953125,898.1724243164062
77.23802947998047,-250.3561248779297,167.38377380371094,87.82098388671875,-236.88162231445312,990.4778442382812,83.40672302246094,-364.40423583984375,520.6016235351562,191.45989990234372,-191.83287048339844,847.291259765625,-153.12249755859375,-112.32068634033205,146.3508758544922,-213.19342041015625,-209.45266723632807,1003.195068359375,-186.79867553710935,-152.93734741210938,506.5934753417969,-274.8593444824219,-352.4366760253906,898.3475952148438
78.0334243774414,-269.2875061035156,162.5121612548828,87.98298645019531,-235.17169189453125,989.699462890625,82.0753402709961,-364.6998596191406,520.9549560546875,191.67041015625,-187.8393402099609,846.718994140625,-153.0902557373047,-102.41496276855467,146.41140747070312,-212.9749755859375,-207.41409301757807,1002.2296142578124,-186.79563903808597,-146.0767822265625,506.37542724609375,-274.05615234375,-353.7479858398437,898.2507934570312
78.9450454711914,-288.255859375,158.30047607421875,88.1802749633789,-233.5201873779297,988.768798828125,80.87198638916016,-364.56939697265625,521.0238037109375,191.8688201904297,-183.97750854492188,846.0025024414062,-153.06703186035156,-92.53073120117188,146.47105407714844,-212.72642517089844,-205.47653198242188,1001.2062377929688,-186.78233337402344,-139.4030303955078,506.1405334472656,-273.21044921875,-354.8967590332031,897.8864135742188
79.92826080322266,-307.0971069335937,154.77542114257812,88.4052505493164,-231.9447021484375,987.7012939453124,79.80918884277344,-364.04931640625,520.8253784179688,192.0598297119141,-180.24790954589844,845.1475830078125,-153.05618286132812,-82.66926574707031,146.5284423828125,-212.45379638671875,-203.6362762451172,1000.1290893554688,-186.7665557861328,-132.91656494140625,505.8896484375,-272.3253173828125,-355.88262939453125,897.2615356445312
80.93325805664062,-325.6294860839844,151.94027709960938,88.65131378173828,-230.46295166015625,986.513916015625,78.89344024658203,-363.1886596679688,520.3817749023438,192.2488555908203,-176.65162658691406,844.1617431640625,-153.0594482421875,-72.8336410522461,146.58346557617188,-212.16192626953125,-201.8896484375,999.0018920898438,-186.75271606445312,-126.61941528320312,505.62249755859375,-271.40362548828125,-356.7051696777344,896.3858032226562
81.90925598144531,-343.6588134765625,149.7742919921875,88.91321563720703,-229.09259033203125,985.224365234375,78.12515258789062,-362.0492248535156,519.7196655273438,192.4420623779297,-173.1902313232422,843.053955078125,-153.0768585205078,-63.02921676635742,146.6381072998047,-211.85433959960935,-200.2335662841797,997.828125,-186.74124145507807,-120.51580047607422,505.3377075195313,-270.4482116699219,-357.36383056640625,895.2713012695312
82.80818176269531,-360.9835510253906,148.2329864501953,89.18724822998047,-227.8509063720703,983.85107421875,77.49893188476562,-360.7043762207031,518.8696899414062,192.6462860107422,-169.8659210205078,841.83447265625,-153.10675048828125,-53.26382446289063,146.6971435546875,-211.53317260742188,-198.66607666015625,996.6113891601562,-186.7282257080078,-114.6124496459961,505.03326416015625,-269.4617004394531,-357.8577880859375,893.9325561523438
83.58769989013672,-377.4001159667969,147.24961853027344,89.47135925292969,-226.75469970703125,982.4127197265624,77.00433349609375,-359.2356262207031,517.865478515625,192.8690185546875,-166.6814422607422,840.5147705078125,-153.14598083496094,-43.54762268066406,146.76881408691406,-211.1991271972656,-197.186767578125,995.3554077148438,-186.70545959472656,-108.91854858398438,504.707275390625,-268.44659423828125,-358.18621826171875,892.386474609375
84.2136459350586,-392.7092895507813,146.738037109375,89.76514434814453,-225.82003784179688,980.9284057617188,76.62688446044922,-357.72833251953125,516.7425537109375,193.1183319091797,-163.64024353027344,839.1073608398438,-153.19029235839844,-33.89267349243164,146.8647918701172,-210.85157775878903,-195.797119140625,994.0645141601562,-186.6605987548828,-103.44537353515624,504.3587036132813,-267.4051818847656,-358.3479919433594,890.6519775390625
84.66168975830078,-406.7230529785156,146.59703063964844,90.06973266601562,-225.0620574951172,979.4171752929688,76.34925842285156,-356.2660217285156,515.536376953125,193.40272521972656,-160.7463836669922,837.6255493164062,-153.23492431640625,-24.312265396118164,147.0000762939453,-210.48866271972656,-194.5008087158203,992.7435913085938,-186.577880859375,-98.20567321777344,503.9884033203125,-266.3396911621094,-358.342041015625,888.7501220703125
84.91820526123047,-419.2723388671875,146.7163848876953,90.3875961303711,-224.4947967529297,977.8982543945312,76.15258026123047,-354.9245910644531,514.28076171875,193.7310485839844,-158.00462341308594,836.0835571289062,-153.27520751953125,-14.820141792297363,147.1924285888672,-210.1075134277344,-193.3040771484375,991.398681640625,-186.43898010253903,-93.21305084228516,503.5996398925781,-265.252197265625,-358.16705322265625,886.7037353515625
84.98001098632812,-430.2145080566406,146.9838409423828,90.72232818603516,-224.1308441162109,976.390869140625,76.01752471923828,-353.7666931152344,513.00634765625,194.1122131347656,-155.42047119140625,834.496337890625,-153.30722045898438,-5.429717063903809,147.46165466308594,-209.7045440673828,-192.2158966064453,990.0368041992188,-186.22406005859372,-88.48145294189453,503.1985168457031,-264.1446838378906,-357.8218078613281,884.5369873046875
84.8527603149414,-439.4398498535156,147.292236328125,91.07842254638672,-223.9811248779297,974.9143676757812,75.92544555664062,-352.8373107910156,511.7387390136719,194.55506896972656,-153.0001678466797,832.8792114257812,-153.32823181152344,3.846546411514282,147.82864379882812,-209.2756805419922,-191.24806213378903,988.6661376953124,-185.91294860839844,-84.02497863769531,502.7937316894531,-263.01922607421875,-357.3051147460937,882.2753295898438
84.54840087890625,-446.8768310546875,147.5459747314453,91.46099853515624,-224.0544586181641,973.488037109375,75.85929107666016,-352.1607360839844,510.4981994628906,195.06809997558597,-150.75082397460938,831.248046875,-153.33706665039062,12.997403144836426,148.31430053710938,-208.8166046142578,-190.41505432128903,987.2957153320312,-185.48638916015625,-79.85806274414062,502.3959655761719,-261.8778381347656,-356.61590576171875,879.9451293945312
84.08289337158203,-452.4958190917969,147.66708374023438,91.87555694580078,-224.3570709228516,972.13134765625,75.80441284179688,-351.7398986816406,509.2990112304688,195.6592712402344,-148.68035888671875,829.6187133789062,-153.33407592773438,22.01261711120605,148.9384002685547,-208.32305908203125,-189.73362731933597,985.9356689453124,-184.9271240234375,-75.99591827392578,502.0169372558594,-260.7225952148437,-355.7534484863281,877.5732421875
83.47488403320312,-456.3114929199219,147.60012817382812,92.32779693603516,-224.89219665527344,970.8638916015624,75.74922943115234,-351.557861328125,508.150146484375,196.335693359375,-146.79762268066406,828.0073852539062,-153.32107543945312,30.882305145263672,149.71885681152344,-207.7909698486328,-189.22219848632807,984.5963134765624,-184.22097778320312,-72.45536804199219,501.6682434082031,-259.5556945800781,-354.7172241210937,875.1864013671875
82.74537658691406,-458.3834838867188,147.3153839111328,92.82337188720705,-225.6594390869141,969.705078125,75.68557739257812,-351.58135986328125,507.0561828613281,197.103515625,-145.1124267578125,826.4298095703125,-153.301025390625,39.59592056274414,150.67098999023438,-207.2166290283203,-188.8999786376953,983.2884521484376,-183.35806274414065,-69.25593566894531,501.3597717285156,-258.3794250488281,-353.5073547363281,872.8111572265625
81.91787719726562,-458.8146362304688,146.8092041015625,93.36772918701172,-226.6544189453125,968.6741943359376,75.60899353027344,-351.7660827636719,506.0188903808594,197.9675750732422,-143.63552856445312,824.901611328125,-153.27777099609375,48.14095687866211,151.80746459960938,-206.5968017578125,-188.78575134277344,982.0225830078124,-182.3338165283203,-66.42162322998047,501.0984191894531,-257.1961975097656,-352.1243896484375,870.4732666015625
81.01881408691406,-457.7462768554688,146.10154724121094,93.96588134765624,-227.8683319091797,967.7900390625,75.5187759399414,-352.0626525878906,505.03900146484375,198.93133544921875,-142.37863159179688,823.4378662109375,-153.25596618652344,56.50148010253906,153.13841247558594,-205.92886352539065,-188.89671325683597,980.8087158203124,-181.1503448486328,-63.98308944702149,500.88671875,-256.0083923339844,-350.5696716308594,868.197265625
80.07763671875,-455.350830078125,145.23062133789062,94.6221923828125,-229.2877349853516,967.070556640625,75.41812133789062,-352.422607421875,504.1181640625,199.99668884277344,-141.35438537597656,822.0527954101562,-153.2409210205078,64.6566390991211,154.67189025878906,-205.2108459472656,-189.24685668945312,979.6561279296876,-179.81756591796875,-61.9796257019043,500.7218322753906,-254.8184967041016,-348.84527587890625,866.0060424804688
79.12646484375,-451.8211975097656,144.24526977539062,95.3401336669922,-230.8946228027344,966.532470703125,75.3143310546875,-352.803466796875,503.260498046875,201.16384887695312,-140.57627868652344,820.7599487304688,-153.23849487304688,72.57917785644531,156.41461181640625,-204.4415435791016,-189.84555053710935,978.572998046875,-178.3540496826172,-60.46025466918945,500.5950622558594,-253.62893676757807,-346.9542236328125,863.9204711914062
78.19892120361328,-447.3583679199219,143.19630432128906,96.12205505371094,-232.6665802001953,966.1906127929688,75.21916198730469,-353.17236328125,502.4739685058594,202.43130493164065,-140.0585174560547,819.5718994140625,-153.2548370361328,80.23396301269531,158.37281799316406,-203.6205596923828,-190.696044921875,977.5662231445312,-176.7871856689453,-59.48306274414063,500.491943359375,-252.4419860839844,-344.9003601074219,861.9591674804688
77.328369140625,-442.1572265625,142.12896728515625,96.96891021728516,-234.57736206054688,966.0573120117188,75.14925384521484,-353.5074768066406,501.7705078125,203.79574584960935,-139.8157958984375,818.5000610351562,-153.29600524902344,87.57677459716797,160.55335998535156,-202.74835205078125,-191.7941436767578,976.6414794921876,-175.15211486816406,-59.11241149902344,500.3929443359375,-251.25973510742188,-342.6885070800781,860.1382446289062
76.54573822021484,-436.3929748535156,141.07861328125,97.88002014160156,-236.59762573242188,966.1420288085938,75.12630462646484,-353.7970275878906,501.1655578613281,205.2521514892578,-139.8631591796875,817.5548706054688,-153.3673858642578,94.55345916748048,162.96461486816406,-201.82635498046875,-193.1271209716797,975.8031005859376,-173.4905242919922,-59.41472625732422,500.2741088867188,-250.083984375,-340.3244934082031,858.4708862304688
75.8770980834961,-430.2098693847656,140.070556640625,98.85289764404295,-238.6959686279297,966.4503173828124,75.17682647705078,-354.0360412597656,500.6760864257813,206.7937469482422,-140.21559143066406,816.7453002929688,-153.47296142578125,101.0998764038086,165.61746215820312,-200.8568572998047,-194.6730499267578,975.05419921875,-171.84918212890625,-60.45375061035156,500.108154296875,-248.91622924804688,-337.8150939941406,856.9675903320312
75.34114837646484,-423.7145080566406,139.1215362548828,99.8831024169922,-240.8399810791016,966.9834594726562,75.33098602294922,-354.2211303710937,500.3175048828125,208.41217041015625,-140.8877410888672,816.0792846679688,-153.61453247070312,107.14266204833984,168.5255584716797,-199.8431701660156,-196.40077209472656,974.3965454101562,-170.2781524658203,-62.28550338745117,499.8654479980469,-247.7576904296875,-335.1679992675781,855.6358642578125
74.94702911376953,-416.9741516113281,138.2415008544922,100.96426391601562,-242.997314453125,967.7380981445312,75.62026977539062,-354.3441467285156,500.1000671386719,210.09750366210935,-141.89346313476562,815.5632934570312,-153.79098510742188,112.6005401611328,171.70506286621094,-198.78956604003903,-198.27040100097656,973.8309326171876,-168.82839965820312,-64.95326232910156,499.5154418945313,-246.6092529296875,-332.3919372558594,854.4805908203125
74.6933822631836,-410.02001953125,137.4353790283203,102.08821105957033,-245.1366424560547,968.7056884765624,76.07415771484375,-354.38604736328125,500.025390625,211.8384552001953,-143.24549865722656,815.2024536132812,-153.9980010986328,117.3861083984375,175.17372131347656,-197.70132446289065,-200.23458862304688,973.3570556640624,-167.54855346679688,-68.48292541503906,499.0290222167969,-245.4716339111328,-329.4963684082031,853.5037231445312
74.56916046142578,-402.854248046875,136.70440673828125,103.24526977539062,-247.2283477783203,969.872802734375,76.71612548828125,-354.3117980957031,500.0841979980469,213.6224365234375,-144.9550018310547,815.0006103515625,-154.22792053222656,121.40839385986328,178.94961547851562,-196.58457946777344,-202.24012756347656,972.9740600585938,-166.48097229003906,-72.87934875488281,498.3810424804688,-244.3455047607422,-326.4917297363281,852.704833984375
74.5558090209961,-395.45904541015625,136.0471649169922,104.42462921142578,-249.2451019287109,971.220947265625,77.55976867675781,-354.06793212890625,500.2556457519531,215.435791015625,-147.0312042236328,814.9600830078125,-154.46987915039062,124.576416015625,183.049072265625,-195.4462738037109,-204.23004150390625,972.6806030273438,-165.65750122070312,-78.12413024902344,497.5538330078125,-243.23159790039065,-323.3890991210937,852.0811767578125
74.62997436523438,-387.8063354492188,135.4602813720703,105.61487579345705,-251.16200256347656,972.7277221679688,78.60596466064453,-353.5834655761719,500.5086669921875,217.26390075683597,-149.48109436035156,815.0819702148438,-154.71006774902344,126.803955078125,187.4841461181641,-194.2939300537109,-206.14599609375,972.4754028320312,-165.09580993652344,-84.1753921508789,496.5407104492188,-242.13096618652344,-320.20025634765625,851.6281127929688
74.76631164550781,-379.8670959472656,134.93887329101562,106.80465698242188,-252.9566345214844,974.3671264648438,79.84159851074219,-352.7738952636719,500.8049011230469,219.0914764404297,-152.30911254882812,815.3661499023438,-154.9325714111328,128.01486206054688,192.2595672607422,-193.135498046875,-207.9309539794922,972.3574829101562,-164.7971649169922,-90.96984100341795,495.3492736816406,-241.04510498046875,-316.9375915527344,851.3394775390625
74.93987274169922,-371.6188049316406,134.47714233398438,107.98329162597656,-254.6087188720703,976.1107788085938,81.239990234375,-351.5483703613281,501.1026916503906,220.90264892578125,-155.51690673828125,815.8112182617188,-155.12033081054688,128.14849853515625,197.36952209472656,-191.97901916503903,-209.531982421875,972.3265991210938,-164.7461395263672,-98.4269790649414,494.0038757324219,-239.9761657714844,-313.6140441894531,851.2076416015625
75.1279296875,-363.0506896972656,134.06884765625,109.14139556884766,-256.1000366210937,977.9292602539062,82.76302337646484,-349.8182678222656,501.3613586425781,222.68121337890625,-159.10317993164062,816.4151000976562,-155.25640869140625,127.16490173339844,202.7947998046875,-190.83233642578125,-210.90306091308597,972.3834838867188,-164.9120635986328,-106.45480346679688,492.5470275878906,-238.9270782470703,-310.24285888671875,851.2243041992188
75.31124877929688,-354.1664123535156,133.70779418945312,110.27140808105467,-257.4140319824219,979.7928466796876,84.36479949951172,-347.505859375,501.5452270507813,224.4109039306641,-163.06361389160156,817.1747436523438,-155.32498168945312,125.04914855957033,208.50071716308597,-189.7028350830078,-212.00747680664065,972.52978515625,-165.25228881835938,-114.95594787597656,491.0393676757813,-237.90170288085935,-306.8374938964844,851.38037109375
75.47490692138672,-344.98406982421875,133.38816833496094,111.36800384521484,-258.5357666015625,981.6728515625,85.99646759033203,-344.55242919921875,501.62689208984375,226.07554626464844,-167.39089965820312,818.086669921875,-155.31207275390625,121.81396484375,214.4366912841797,-188.59701538085935,-212.81968688964844,972.768310546875,-165.7168731689453,-123.83354949951172,489.5575256347656,-236.90489196777344,-303.41131591796875,851.6666870117188
75.6087417602539,-335.5342102050781,133.10467529296875,112.42829132080078,-259.45172119140625,983.5425415039062,87.61167907714844,-340.9244384765625,501.5893249511719,227.6593017578125,-172.0748291015625,819.14697265625,-155.2061004638672,117.4998779296875,220.53726196289065,-187.52020263671875,-213.3266448974609,973.1028442382812,-166.25404357910156,-132.99618530273438,488.18951416015625,-235.9424285888672,-299.9774475097656,852.07373046875
75.70719146728516,-325.8561096191406,132.85264587402344,113.45182800292967,-260.1500549316406,985.37744140625,89.1715316772461,-336.6171264648437,501.4269409179688,229.14694213867188,-177.1024932861328,820.3516845703125,-154.99851989746094,112.1724624633789,226.72413635253903,-186.47642517089844,-213.52813720703125,973.537841796875,-166.81552124023438,-142.3616180419922,487.02838134765625,-235.02101135253903,-296.54840087890625,852.5919189453125
75.7688217163086,-315.9935607910156,132.62799072265625,114.44042205810548,-260.62078857421875,987.156005859375,90.6483383178711,-331.6546936035156,501.14556884765625,230.52403259277344,-182.45846557617188,821.6967163085938,-154.68479919433594,105.91678619384766,232.9082794189453,-185.4683990478516,-213.4363250732422,974.0780029296876,-167.36109924316406,-151.85916137695312,486.1644592285156,-234.1479949951172,-293.1358642578125,853.2118530273438
75.79562377929688,-305.9909973144531,132.42723083496094,115.39777374267578,-260.85601806640625,988.8595581054688,92.02719116210938,-326.0874938964844,500.7605895996094,231.77716064453125,-188.1249542236328,823.1782836914062,-154.2653045654297,98.82923889160156,238.9913482666016,-184.4975128173828,-213.07437133789065,974.72802734375,-167.86167907714844,-161.43051147460938,485.6777038574219,-233.3311004638672,-289.75048828125,853.923828125
75.79222869873047,-295.8900146484375,132.24754333496094,116.32898712158205,-260.8504638671875,990.4722290039062,93.3050765991211,-319.9856872558594,500.2946166992188,232.89405822753903,-194.08200073242188,824.7926635742188,-153.7458038330078,91.00801849365234,244.86607360839844,-183.5640411376953,-212.47433471679688,975.4915771484376,-168.3005828857422,-171.02870178222656,485.6305541992188,-232.57806396484372,-286.4017028808594,854.7179565429688
75.76497650146484,-285.7270812988281,132.08673095703125,117.24002838134766,-260.601318359375,991.9808959960938,94.48753356933594,-313.43133544921875,499.7741394042969,233.8638458251953,-200.30767822265625,826.5364379882812,-153.13754272460938,82.54407501220703,250.4165496826172,-182.6673583984375,-211.67466735839844,976.3710327148438,-168.67298889160156,-180.61546325683597,486.0628967285156,-231.89622497558597,-283.0975036621094,855.5840454101562
75.72087097167969,-275.5320739746094,131.94334411621094,118.1371612548828,-260.10858154296875,993.3748779296876,95.58365631103516,-306.5097045898437,499.2265319824219,234.6770172119141,-206.7783050537109,828.40625,-152.45669555664062,73.51465606689453,255.51968383789065,-181.80621337890625,-210.71734619140625,977.3665161132812,-168.98336791992188,-190.15707397460935,486.9895324707031,-231.2921295166016,-279.844482421875,856.5112915039062
75.66654205322266,-265.32794189453125,131.81658935546875,119.02640533447266,-259.3749694824219,994.6455688476562,96.60067749023438,-299.3013000488281,498.6772155761719,235.3256072998047,-213.4687042236328,830.3987426757812,-151.72349548339844,63.98041915893555,260.0495300292969,-180.97903442382807,-209.64505004882807,978.4754028320312,-169.2425537109375,-199.6205291748047,488.4002380371094,-230.7710723876953,-276.647705078125,857.4880981445312
75.60737609863281,-255.13047790527344,131.70623779296875,119.91299438476562,-258.40582275390625,995.786376953125,97.5395736694336,-291.87579345703125,498.14739990234375,235.80316162109372,-220.35243225097656,832.5105590820312,-150.96107482910156,53.98573303222656,263.88397216796875,-180.1842803955078,-208.49839782714844,979.691650390625,-169.4645538330078,-208.97080993652344,490.2616882324219,-230.33685302734372,-273.5107116699219,858.5021362304688
75.5469970703125,-244.94895935058597,131.61253356933594,120.80091857910156,-257.2088928222656,996.7920532226562,98.39299774169922,-284.2877502441406,497.6526794433594,236.10470581054688,-227.402099609375,834.7379150390625,-150.19444274902344,43.5608024597168,266.9125671386719,-179.42066955566406,-207.31382751464844,981.0055541992188,-169.6633758544922,-218.1691131591797,492.5208435058594,-229.9914703369141,-270.4355773925781,859.5399780273438
75.48715209960938,-234.7871856689453,131.53585815429688,121.69254302978516,-255.794189453125,997.65869140625,99.1463851928711,-276.5751037597656,497.2026062011719,236.2267608642578,-234.5895538330078,837.0763549804688,-149.44947814941406,32.72423553466797,269.0438537597656,-178.6874542236328,-206.1219024658203,982.4032592773438,-169.84994506835938,-227.1731719970703,495.1096496582031,-229.7349395751953,-267.4229736328125,860.5870971679688
75.42797088623047,-224.64498901367188,131.4765167236328,122.58834075927734,-254.173828125,998.3834228515624,99.78223419189452,-268.7593688964844,496.8006896972656,236.167236328125,-241.8861541748047,839.5208129882812,-148.7521209716797,21.48533821105957,270.2108764648437,-177.984619140625,-204.94625854492188,983.8671264648438,-170.02923583984375,-235.93968200683597,497.950439453125,-229.5653076171875,-264.47235107421875,861.628173828125
75.36852264404297,-214.51976013183597,131.43443298339844,123.48677825927734,-252.36175537109372,998.9642944335938,100.2861557006836,-260.84771728515625,496.4454040527344,235.9252777099609,-249.26303100585935,842.0652465820312,-148.1268768310547,9.846543312072754,270.3746337890625,-177.3129425048828,-203.8032989501953,985.3760986328124,-170.19833374023438,-244.4279327392578,500.9620056152344,-229.4786376953125,-261.5821228027344,862.646728515625
75.30743408203125,-204.40753173828125,131.40896606445312,124.38442993164062,-250.37355041503903,999.4002075195312,100.65234375,-252.83688354492188,496.1314697265625,235.50125122070312,-256.6912536621094,844.702392578125,-147.5955810546875,-2.194352388381958,269.52508544921875,-176.67401123046875,-202.70242309570312,986.9063110351562,-170.3453369140625,-252.60287475585935,504.0654602050781,-229.46913146972656,-258.7496643066406,863.625732421875
75.24335479736328,-194.3039703369141,131.39892578125,125.27610778808594,-248.2261962890625,999.6914672851562,100.88636016845705,-244.7183990478516,495.8512573242188,234.896484375,-264.1419372558594,847.4238891601562,-147.17654418945312,-14.642719268798828,267.6797180175781,-176.07028198242188,-201.64678955078125,988.4320068359376,-170.44979858398438,-260.4361267089844,507.1894226074219,-229.5293731689453,-255.97169494628903,864.5476684570312
75.17524719238281,-184.20477294921875,131.4026336669922,126.15520477294922,-245.9375762939453,999.8392944335938,101.0044174194336,-236.48422241210935,495.5958557128906,234.11328125,-271.5866394042969,850.219970703125,-146.88436889648438,-27.506372451782227,264.8807983398437,-175.50486755371094,-200.63442993164065,989.9263916015624,-170.48416137695312,-267.9049987792969,510.2735595703125,-229.65049743652344,-253.24435424804688,865.3946533203125
75.10244750976562,-174.1060028076172,131.4180908203125,127.0140151977539,-243.5259704589844,999.8466186523438,101.02980041503906,-228.1314849853516,495.3560485839844,233.1547088623047,-278.9971923828125,853.0795288085938,-146.72987365722656,-40.79532241821289,261.1914978027344,-174.9813232421875,-199.65940856933597,991.3626708984376,-170.41639709472656,-274.99041748046875,513.2699584960938,-229.8225860595703,-250.5634002685547,866.1492309570312
75.0245132446289,-164.0041961669922,131.4430694580078,127.84413146972656,-241.00942993164065,999.7177734375,100.98819732666016,-219.6656646728516,495.12298583984375,232.02456665039065,-286.3460388183594,855.9902954101562,-146.71994018554688,-54.5215950012207,256.6917419433594,-174.50338745117188,-198.7130584716797,992.7152709960938,-170.21340942382812,-281.67413330078125,516.1425170898438,-230.03494262695312,-247.92437744140625,866.7943115234375
74.94098663330078,-153.89671325683594,131.4753875732422,128.6370086669922,-238.40554809570312,999.4583740234376,100.90331268310548,-211.1025390625,494.8885803222656,230.72726440429688,-293.606201171875,858.9388427734375,-146.85743713378906,-68.69879150390625,251.47462463378903,-174.07472229003906,-197.78526306152344,993.9603271484376,-169.8448944091797,-287.9364624023437,518.8639526367188,-230.27647399902344,-245.32278442382807,867.3138427734375
74.85102081298828,-143.7820587158203,131.51309204101562,129.3844757080078,-235.73133850097656,999.0753784179688,100.79362487792967,-202.46871948242188,494.6457214355469,229.2678375244141,-300.75146484375,861.9105224609375,-147.14085388183594,-83.34099578857422,245.64329528808597,-173.69851684570312,-196.8654937744141,995.0764770507812,-169.2870635986328,-293.75457763671875,521.4121704101562,-230.53599548339844,-242.75424194335935,867.6929321289062
74.75309753417969,-133.66009521484375,131.55453491210938,130.0791778564453,-233.0032196044922,998.5767211914062,100.67071533203124,-193.80096435546875,494.3882751464844,227.65187072753903,-307.75634765625,864.8900146484375,-147.5638885498047,-98.4608154296875,239.30853271484372,-173.3773651123047,-195.94386291503903,996.0452880859376,-168.5259246826172,-299.102294921875,523.7666625976562,-230.8026580810547,-240.21463012695312,867.9185180664062
74.64485931396484,-123.53209686279295,131.59849548339844,130.7150421142578,-230.2372131347656,997.9708251953124,100.5391082763672,-185.14439392089844,494.1111145019531,225.885498046875,-314.59625244140625,867.8610229492188,-148.11488342285156,-114.0664291381836,232.58692932128903,-173.11300659179688,-195.0120086669922,996.8514404296876,-167.55978393554688,-303.9512634277344,525.905517578125,-231.06619262695312,-237.7001953125,867.9793701171875
74.52317810058594,-113.40076446533205,131.64422607421875,131.2874755859375,-227.44918823242188,997.2665405273438,100.39749145507812,-176.54965209960938,493.8102111816406,223.9754638671875,-321.2474975585937,870.806884765625,-148.77659606933594,-130.15814208984375,225.5991668701172,-172.90623474121094,-194.06370544433597,997.4829711914062,-166.40003967285156,-308.2728881835937,527.8046875,-231.31723022460935,-235.20774841308597,867.8665161132812
74.38455963134766,-103.2702407836914,131.6917724609375,131.79348754882812,-224.6551513671875,996.4727783203124,100.24085235595705,-168.06948852539062,493.4826354980469,221.92901611328125,-327.6875,873.71044921875,-149.5260467529297,-146.72508239746094,218.46820068359372,-172.75680541992188,-193.095458984375,997.9310302734376,-165.07069396972656,-312.0400085449219,529.438232421875,-231.5475006103516,-232.73464965820312,867.5733032226562
74.22582244873047,-93.1461944580078,131.7423095703125,132.23165893554688,-221.8714599609375,995.5980224609376,100.0630340576172,-159.75479125976562,493.126953125,219.7540435791016,-333.894775390625,876.5540771484375,-150.33505249023438,-163.74264526367188,211.31707763671875,-172.66354370117188,-192.10679626464844,998.1901245117188,-163.60658264160156,-315.2287292480469,530.780029296875,-231.75006103515625,-230.27902221679688,867.0955200195312
74.04486846923828,-83.03578186035156,131.79827880859375,132.60198974609375,-219.1150054931641,994.6502685546876,99.85924530029295,-151.6505889892578,492.74359130859375,217.4590301513672,-339.8490295410156,879.3203125,-151.1708984375,-181.1710968017578,204.26666259765625,-172.62428283691406,-191.1004638671875,998.2575073242188,-162.05101013183594,-317.8199157714844,531.8049926757812,-231.91946411132807,-227.83978271484372,866.4312133789062
73.84143829345703,-72.9473876953125,131.8634490966797,132.90570068359375,-216.4032745361328,993.6365966796876,99.62809753417967,-143.79290771484375,492.3351440429688,215.05307006835935,-345.53131103515625,881.9913940429688,-151.99781799316406,-198.95510864257807,197.4331817626953,-172.6361541748047,-190.08255004882807,998.1336059570312,-160.45294189453125,-319.80078125,532.4915161132812,-232.05172729492188,-225.41671752929688,865.5811767578125
73.61772918701172,-62.89032745361328,131.9427490234375,133.14488220214844,-213.75424194335935,992.5634155273438,99.37277221679688,-136.20709228515625,491.90631103515625,212.5458526611328,-350.9241027832031,884.5498657226562,-152.77882385253906,-217.0241241455078,190.9259185791016,-172.6956329345703,-189.06234741210935,997.821533203125,-158.8639678955078,-321.166259765625,532.8230590820312,-232.14453125,-223.0105743408203,864.5482788085938
73.37864685058594,-52.87433242797852,132.042236328125,133.322265625,-211.1861724853516,991.4360961914062,99.10115814208984,-128.9077606201172,491.4636840820313,209.94772338867188,-356.01129150390625,886.9783935546875,-153.47808837890625,-235.29258728027344,184.84451293945312,-172.79879760742188,-188.0523223876953,997.3271484375,-157.33522033691406,-321.92047119140625,532.7901000976562,-232.1970672607422,-220.62307739257807,863.337646484375
73.13179779052734,-42.909156799316406,132.1688232421875,133.44088745117188,-208.71734619140625,990.2591552734376,98.8251495361328,-121.90001678466795,491.0151977539063,207.2696075439453,-360.7783508300781,889.2599487304688,-154.06321716308594,-253.65977478027344,179.27609252929688,-172.94151306152344,-187.067626953125,996.6587524414062,-155.91441345214844,-322.07794189453125,532.3914184570312,-232.21011352539065,-218.25701904296875,861.9564208984375
72.88702392578125,-33.00411605834961,132.33010864257812,133.50384521484375,-206.3658447265625,989.0364990234376,98.55933380126952,-115.18147277832033,490.5691528320313,204.5231170654297,-365.2122802734375,891.3780517578125,-154.50706481933594,-272.0094299316406,174.29225158691406,-173.1195831298828,-186.125732421875,995.8271484375,-154.6431427001953,-321.6646423339844,531.6344604492188,-232.1859588623047,-215.91624450683597,860.4136962890625
72.65557098388672,-23.16781234741211,132.53411865234375,133.51406860351562,-204.1492462158203,987.771240234375,98.31937408447266,-108.74480438232422,490.1332092285156,201.720458984375,-369.3016662597656,893.3167114257812,-154.7887725830078,-290.2093811035156,169.9462890625,-173.32888793945312,-185.2456817626953,994.845458984375,-153.55442810058594,-320.7190856933594,530.5352783203125,-232.1282501220703,-213.60574340820312,858.72021484375
72.4488296508789,-13.407888412475586,132.78909301757812,133.47410583496094,-202.08453369140625,986.4659423828124,98.12027740478516,-102.58058166503906,489.7131652832031,198.87445068359372,-373.0366516113281,895.0606689453125,-154.89401245117188,-308.1120300292969,166.27069091796875,-173.56552124023438,-184.447509765625,993.7290649414062,-152.6707305908203,-319.2928771972656,529.1177368164062,-232.04202270507807,-211.33155822753903,856.8883666992188
72.27684020996094,-3.7309730052948,133.10299682617188,133.38600158691406,-200.1878662109375,985.1227416992188,97.97463989257812,-96.6799774169922,489.3121032714844,195.99859619140625,-376.4089965820313,896.595703125,-154.8144989013672,-325.5561218261719,163.27545166015625,-173.82594299316406,-183.7514495849609,992.495361328125,-152.0024871826172,-317.4512939453125,527.4124755859375,-231.9335479736328,-209.1008453369141,854.931884765625
72.14677429199219,5.857290744781494,133.483154296875,133.2512664794922,-198.47442626953125,983.7433471679688,97.8909912109375,-91.03720092773438,488.9297180175781,193.1070556640625,-379.4118347167969,897.9085083007812,-154.54727172851562,-342.3699035644531,160.9473876953125,-174.10693359375,-183.17724609375,991.1635131835938,-151.5472869873047,-315.2731018066406,525.4563598632812,-231.8101806640625,-206.9218292236328,852.8657836914062
72.06185913085938,15.35205078125,133.93603515625,133.07089233398438,-196.95811462402344,982.32958984375,97.87234497070312,-85.65122985839844,488.5621948242188,190.2146148681641,-382.0398254394531,898.9869995117188,-154.09375,-358.3750915527344,159.25048828125,-174.40586853027344,-182.7435607910156,989.7546997070312,-151.28990173339844,-312.8498229980469,523.2921752929688,-231.68032836914065,-204.80372619628903,850.706298828125
72.02090454101562,24.748872756958008,134.46759033203125,132.84552001953125,-195.6512756347656,980.8839721679688,97.9149398803711,-80.5269546508789,488.2024841308594,187.3367919921875,-384.2889404296875,899.8207397460938,-153.45907592773438,-373.3924560546875,158.1273651123047,-174.72067260742188,-182.46722412109372,988.29150390625,-151.20298767089844,-310.2836608886719,520.96875,-231.5532684326172,-202.7567596435547,848.4706420898438
72.0184555053711,34.043304443359375,135.0837860107422,132.57562255859375,-194.5643310546875,979.410400390625,98.00748443603516,-75.67559051513672,487.8411560058594,184.48974609375,-386.1563720703125,900.4008178710938,-152.65170288085938,-387.2480163574219,157.501953125,-175.04994201660156,-182.36282348632807,986.7978515625,-151.24896240234375,-307.6846008300781,518.5409545898438,-231.43893432617188,-200.7919921875,846.1771850585938
72.04535675048828,43.23042297363281,135.79122924804688,132.26161193847656,-193.70556640625,977.91455078125,98.13101959228516,-71.1144790649414,487.4675903320313,181.69027709960935,-387.6403198242188,900.7201538085938,-151.68310546875,-399.7803955078125,157.28334045410156,-175.39292907714844,-182.44216918945312,985.2986450195312,-151.3826446533203,-305.1661682128906,516.0689086914062,-231.3477783203125,-198.92124938964844,843.8450927734375
72.08961486816406,52.304466247558594,136.59774780273438,131.90414428710938,-193.08094787597656,976.404052734375,98.2595672607422,-66.86654663085938,487.0711669921875,178.9557647705078,-388.7400207519531,900.7734375,-150.56710815429688,-410.8471984863281,157.37095642089844,-175.74942016601562,-182.71389770507807,983.819580078125,-151.55494689941406,-302.840087890625,513.616455078125,-231.2905731201172,-197.15704345703125,841.4942016601562
72.13748931884766,61.25850296020508,137.5128631591797,131.5040283203125,-192.69406127929688,974.8883666992188,98.36176300048828,-62.95935821533203,486.642578125,176.30410766601562,-389.4554138183594,900.5576171875,-149.31907653808594,-420.33148193359375,157.6608123779297,-176.11972045898438,-183.1831970214844,982.3866577148438,-151.7168426513672,-300.8100891113281,511.2484436035156,-231.27804565429688,-195.5123443603516,839.145263671875
72.17472839355469,70.08404541015625,138.54808044433594,131.0623321533203,-192.5460968017578,973.3788452148438,98.40324401855467,-59.423954010009766,486.1745910644531,173.7536163330078,-389.78717041015625,900.0716552734375,-147.95603942871094,-428.1484069824219,158.05191040039062,-176.50453186035156,-183.8515167236328,981.02587890625,-151.8233184814453,-299.1654052734375,509.0276794433594,-231.32080078125,-194.00045776367188,836.8196411132812
72.18785858154297,78.77057647705078,139.7170867919922,130.58016967773438,-192.6361389160156,971.88818359375,98.34972381591795,-56.2935905456543,485.6625671386719,171.32286071777344,-389.7366027832031,899.3169555664062,-146.49757385253906,-434.2516784667969,158.45260620117188,-176.9048614501953,-184.71641540527344,979.7628784179688,-151.83709716796875,-297.9750366210937,507.0114440917969,-231.42886352539065,-192.6348876953125,834.5390625
72.16545104980469,87.30494689941406,141.03579711914062,130.0584716796875,-192.96131896972656,970.4301147460938,98.17035675048828,-53.60247421264648,485.1044616699219,169.03048706054688,-389.3054504394531,898.29736328125,-144.9668731689453,-438.63861083984375,158.7859649658203,-177.32196044921875,-185.77154541015625,978.6224365234376,-151.73187255859375,-297.28338623046875,505.24908447265625,-231.61154174804688,-191.4291076660156,832.3258056640625
72.09927368164062,95.67073822021484,142.5223388671875,129.49794006347656,-193.51681518554688,969.0189208984376,97.84098052978516,-51.38469314575195,484.5008239746094,166.89498901367188,-388.4960021972656,897.0193481445312,-143.39187622070312,-441.3524169921875,158.99349975585938,-177.7571563720703,-187.006591796875,977.6280517578124,-151.49496459960938,-297.1085510253906,503.7798461914063,-231.8770904541016,-190.39634704589844,830.2022705078125
71.98516845703125,103.8474349975586,144.19676208496094,128.89895629882812,-194.29563903808597,967.6690673828124,97.3470458984375,-49.67347717285156,483.8541259765625,164.93450927734375,-387.3108520507813,895.4918212890625,-141.8057098388672,-442.4810485839844,159.0366668701172,-178.21188354492188,-188.40745544433597,976.8013916015624,-151.12916564941406,-297.4426574707031,502.6319274902344,-232.2324981689453,-189.5494537353516,828.190673828125
71.82361602783203,111.80963897705078,146.08078002929688,128.2617950439453,-195.2880859375,966.3946533203124,96.6859893798828,-48.50091171264648,483.16839599609375,163.1664581298828,-385.7531127929688,893.7266235351562,-140.24659729003906,-442.1523132324219,158.8961639404297,-178.68743896484375,-189.9563751220703,976.1617431640624,-150.65354919433594,-298.2544250488281,501.8221130371094,-232.6832733154297,-188.90069580078125,826.3132934570312
71.6198501586914,119.52617645263672,148.19737243652344,127.58682250976562,-196.481201171875,965.2093505859376,95.86888885498048,-47.897987365722656,482.4482727050781,161.60733032226562,-383.82623291015625,891.7380981445312,-138.75674438476562,-440.5245361328125,158.56951904296875,-179.18504333496094,-191.63229370117188,975.7252197265624,-150.1027069091797,-299.4931640625,501.3560791015625,-233.23326110839844,-188.4614715576172,824.591552734375
71.38335418701172,126.95951080322266,150.57034301757812,126.87483215332033,-197.85794067382807,964.1259765625,94.92147064208984,-47.89487075805664,481.6982727050781,160.27227783203125,-381.5341491699219,889.543212890625,-137.38026428222656,-437.77386474609375,158.06817626953125,-179.7056884765625,-193.411376953125,975.5045166015624,-149.52430725097656,-301.09356689453125,501.2286376953125,-233.88449096679688,-188.24221801757807,823.0462036132812
71.1269760131836,134.06515502929688,153.22337341308594,126.12730407714844,-199.39666748046875,963.156005859375,93.88410186767578,-48.52107620239258,480.9217224121094,159.1748809814453,-378.88134765625,887.1613159179688,-136.15988159179688,-434.0795593261719,157.41415405273438,-180.2501983642578,-195.26768493652344,975.5076293945312,-148.97528076171875,-302.9804992675781,501.4236755371094,-234.63717651367188,-188.25213623046875,821.696533203125
70.86631774902344,140.7904815673828,156.17860412597656,125.34661865234376,-201.07066345214844,962.3095092773438,92.8108367919922,-49.80524444580078,480.1200866699219,158.32675170898438,-375.8730163574219,884.6141967773438,-135.13302612304688,-429.610107421875,156.6360321044922,-180.81907653808597,-197.17388916015625,975.73779296875,-148.51673889160156,-305.0731506347656,501.9136047363281,-235.4895782470703,-188.4990692138672,820.5604248046875
70.61941528320312,147.07308959960938,159.45460510253906,124.53614807128906,-202.84817504882807,961.5947875976562,91.7670440673828,-51.7743034362793,479.2919616699219,157.73739624023438,-372.5151977539063,881.9256591796875,-134.3273468017578,-424.5123291015625,155.765380859375,-181.4125823974609,-199.10227966308597,976.192626953125,-148.20823669433594,-307.2878723144531,502.6581726074219,-236.43814086914065,-188.9893035888672,819.6535034179688
70.40646362304688,152.8399200439453,163.06491088867188,123.70018768310548,-204.69293212890625,961.0178833007812,90.82551574707033,-54.45176315307617,478.4330139160156,157.413818359375,-368.8149108886719,879.12109375,-133.75704956054688,-418.9044799804688,154.8345947265625,-182.03065490722656,-201.0254821777344,976.8639526367188,-148.1017608642578,-309.539306640625,503.6038513183594,-237.4774932861328,-189.72740173339844,818.9891357421875
70.24918365478516,158.00802612304688,167.01776123046875,122.84367370605467,-206.5652008056641,960.5823364257812,90.06090545654297,-57.85519027709961,477.5359497070313,157.3604736328125,-364.78033447265625,876.2276611328125,-133.42037963867188,-412.8736572265625,153.87545776367188,-182.67286682128903,-202.9172821044922,977.7381591796876,-148.2359161376953,-311.7400817871094,504.6847229003906,-238.6005401611328,-190.716064453125,818.5778198242188
70.16978454589844,162.48699951171875,171.31631469726562,121.97185516357422,-208.42323303222656,960.2891235351562,89.5428695678711,-61.99324035644531,476.5914916992188,157.5790252685547,-360.4209289550781,873.2733764648438,-133.2997283935547,-406.4765930175781,152.91798400878906,-183.3383331298828,-204.7530670166016,978.7962646484376,-148.63116455078125,-313.79949951171875,505.8258972167969,-239.7986297607422,-191.95602416992188,818.427001953125
70.18949127197266,166.18223571777344,175.9582977294922,121.08991241455078,-210.22496032714844,960.13623046875,89.32898712158203,-66.863037109375,475.5900573730469,158.06832885742188,-355.7475891113281,870.287109375,-133.3637237548828,-399.7431945800781,151.98924255371094,-184.02561950683597,-206.5100250244141,980.0152587890624,-149.28675842285156,-315.6225280761719,506.9499206542969,-241.0617218017578,-193.4458923339844,818.5409545898438
70.32658386230469,168.9990997314453,180.93438720703125,120.20259857177734,-211.9296875,960.1188354492188,89.45906066894531,-72.44893646240234,474.52447509765625,158.8244171142578,-350.77264404296875,867.2982177734375,-133.5713348388672,-392.6822814941406,151.1125030517578,-184.73269653320312,-208.1670684814453,981.368896484375,-150.1802215576172,-317.1097412109375,507.9844970703125,-242.3785552978516,-195.1821136474609,818.9203491210938
70.59435272216797,170.84786987304688,186.225830078125,119.31401824951172,-213.49986267089844,960.22998046875,89.95138549804688,-78.72254180908203,473.3931274414063,159.840576171875,-345.5099792480469,864.3359375,-133.8767852783203,-385.2889709472656,150.30650329589844,-185.4569091796875,-209.70452880859372,982.8290405273438,-151.26974487304688,-318.1588134765625,508.8702392578125,-243.73681640625,-197.15890502929688,819.562744140625
70.99919128417969,171.64874267578125,191.8017120361328,118.42749786376952,-214.9027099609375,960.4608764648438,90.8013153076172,-85.64358520507812,472.2029418945313,161.10740661621094,-339.974853515625,861.4293212890625,-134.23439025878906,-377.5523986816406,149.58505249023438,-186.19503784179688,-211.10369873046875,984.3672485351562,-152.4989013671875,-318.6679382324219,509.5661315917969,-245.12338256835935,-199.3682556152344,820.4622192382812
71.53875732421875,171.33714294433594,197.61622619628903,117.5455551147461,-216.11160278320312,960.8020629882812,91.98248291015624,-93.16162109375,470.9718933105469,162.61305236816406,-334.18389892578125,858.606689453125,-134.6027374267578,-369.4630432128906,148.9567413330078,-186.94342041015625,-212.34642028808597,985.9558715820312,-153.80323791503906,-318.5409240722656,510.0526123046875,-246.5244903564453,-201.79998779296875,821.6099243164062
72.20067596435547,169.86866760253906,203.6073303222656,116.6700210571289,-217.10694885253903,961.2439575195312,93.4503402709961,-101.2184829711914,469.7298583984375,164.34329223632812,-328.1550598144531,855.8953857421875,-134.9478302001953,-361.0189208984375,148.4249725341797,-187.69813537597656,-213.41482543945312,987.56884765625,-155.11721801757812,-317.6933898925781,510.3313293457031,-247.92601013183597,-204.44189453125,822.9942016601562
72.96247100830078,167.22349548339844,209.6980743408203,115.8021469116211,-217.876708984375,961.7780151367188,95.14720916748048,-109.75106048583984,468.518310546875,166.28184509277344,-321.9073486328125,853.3212890625,-135.24490356445312,-352.2296142578125,147.98829650878906,-188.45538330078125,-214.291259765625,989.1827392578124,-156.38113403320312,-316.0594177246094,510.42181396484375,-249.31362915039065,-207.2798614501953,824.6008911132812
73.79306030273438,163.40966796875,215.79966735839844,114.94271850585938,-218.41632080078125,962.3972778320312,97.00787353515624,-118.69403839111328,467.38873291015625,168.41049194335938,-315.46075439453125,850.908447265625,-135.4791259765625,-343.11773681640625,147.64077758789062,-189.21157836914065,-214.95852661132807,990.77685546875,-157.5470428466797,-313.59771728515625,510.3565979003906,-250.673095703125,-210.2981414794922,826.4139404296875
74.65557861328125,158.46449279785156,221.8157501220703,114.09223175048828,-218.72833251953125,963.0970458984376,98.9647445678711,-127.98207092285156,466.3995056152344,170.70938110351562,-308.836181640625,848.6785888671875,-135.6452178955078,-333.7177429199219,147.37295532226562,-189.9637451171875,-215.40023803710935,992.3334350585938,-158.58287048339844,-310.2962646484375,510.1745910644531,-251.99041748046875,-213.4796142578125,828.4155883789062
75.51136016845703,152.4534149169922,227.6468963623047,113.25104522705078,-218.8214263916016,963.8753662109376,100.9523696899414,-137.5513458251953,465.6125183105469,173.1572265625,-302.0551452636719,846.6508178710938,-135.7462158203125,-324.0724182128906,147.17286682128906,-190.70950317382807,-215.6014862060547,993.8377075195312,-159.4745635986328,-306.1745910644531,509.9149169921875,-253.25210571289065,-216.80604553222656,830.5869140625
76.32440185546875,145.4654541015625,233.19461059570312,112.41950225830078,-218.70941162109372,964.7327880859376,102.91116333007812,-147.34036254882812,465.0892333984375,175.7316131591797,-295.1397399902344,844.8412475585938,-135.79180908203125,-314.2287902832031,147.02732849121094,-191.4472503662109,-215.54937744140625,995.2774658203124,-160.2256317138672,-301.2833557128906,509.61175537109375,-254.4453582763672,-220.25840759277344,832.9082641601562
77.0650634765625,137.60540771484375,238.3636016845703,111.59806060791016,-218.4098663330078,965.672119140625,104.7901382446289,-157.29013061523438,464.88665771484375,178.40924072265625,-288.11248779296875,843.2623901367188,-135.7962646484375,-304.2340393066406,146.9231719970703,-192.1759490966797,-215.2338409423828,996.6432495117188,-160.85455322265625,-295.70050048828125,509.2909240722656,-255.55816650390625,-223.8172607421875,835.359375
77.71245574951172,128.98361206054688,243.0625762939453,110.78742218017578,-217.94293212890625,966.6971435546876,106.54865264892578,-167.34384155273438,465.05377197265625,181.166259765625,-280.9959411621094,841.9232788085938,-135.77601623535156,-294.1319885253906,146.8482666015625,-192.89495849609372,-214.64822387695312,997.9276733398438,-161.3904266357422,-289.5244140625,508.9688720703125,-256.5795593261719,-227.4629364013672,837.9201049804688
78.25530242919922,119.70568084716795,247.20425415039065,109.98871612548828,-217.3298492431641,967.811767578125,108.15697479248048,-177.44570922851562,465.62841796875,183.97854614257807,-273.81268310546875,840.828857421875,-135.7471466064453,-283.96014404296875,146.79251098632812,-193.6036529541016,-213.78982543945312,999.125244140625,-161.86761474609375,-282.8653564453125,508.6534423828125,-257.4996337890625,-231.1759490966797,840.5703735351562
78.6917495727539,109.8639907836914,250.7059631347656,109.20362091064452,-216.59181213378903,969.0186767578124,109.59549713134766,-187.53973388671875,466.6347351074219,186.82200622558597,-266.5851135253906,839.9800415039062,-135.72344970703125,-273.7479553222656,146.74839782714844,-194.30108642578125,-212.6603546142578,1000.2323608398438,-162.31997680664062,-275.8357238769531,508.34564208984375,-258.3096618652344,-234.9372100830078,843.29052734375
79.02864837646484,99.53211975097656,253.4913330078125,108.43451690673828,-215.7488250732422,970.3182373046876,110.85304260253906,-197.56846618652344,468.0818786621094,189.67282104492188,-259.3351745605469,839.3734130859375,-135.71487426757812,-263.5165710449219,146.71124267578125,-194.98565673828125,-211.26608276367188,1001.2466430664062,-162.7755889892578,-268.54052734375,508.04248046875,-259.0021057128906,-238.728271484375,846.0614013671875
79.28054809570312,88.76243591308594,255.49246215820312,107.68456268310548,-214.8188323974609,971.7076416015624,111.9244155883789,-207.47254943847656,469.96331787109375,192.5077362060547,-252.08436584472656,839.0011596679688,-135.72686767578125,-253.2794952392578,146.678955078125,-195.65478515625,-209.61798095703125,1002.1668701171876,-163.25286865234375,-261.06964111328125,507.739990234375,-259.5706481933594,-242.53152465820312,848.8645629882812
79.46879577636719,77.58636474609375,256.65264892578125,106.9577407836914,-213.8170928955078,973.1802978515624,112.80784606933594,-217.1910400390625,472.2573852539063,195.30435180664065,-244.85353088378903,838.8514404296875,-135.76060485839844,-243.0441436767578,146.65170288085938,-196.30487060546875,-207.73147583007807,1002.9928588867188,-163.75839233398438,-253.492431640625,507.43560791015625,-260.0102233886719,-246.33030700683597,851.6820068359375
79.6204833984375,66.01643371582031,256.9287109375,106.25884246826172,-212.755859375,974.7255249023438,113.50269317626952,-226.6628570556641,474.9284973144531,198.0413055419922,-237.6626739501953,838.9080810546875,-135.81373596191406,-232.81336975097656,146.63116455078125,-196.93118286132807,-205.6261444091797,1003.724853515625,-164.2869873046875,-245.8554534912109,507.1301879882813,-260.3168640136719,-250.1090545654297,854.4964599609375
79.76741027832031,54.049224853515625,256.2932434082031,105.59337615966795,-211.644287109375,976.3287353515624,114.00772094726562,-235.8290100097656,477.9292297363281,200.69859313964844,-230.53097534179688,839.1513061523438,-135.8816680908203,-222.58712768554688,146.6197509765625,-197.5279541015625,-203.3251800537109,1004.3634643554688,-164.82388305664062,-238.18316650390625,506.8283386230469,-260.4877014160156,-253.8533477783203,857.2909545898438
79.94479370117188,41.66858673095703,254.7364959716797,104.9673309326172,-210.48858642578125,977.9712524414062,114.3201675415039,-244.63465881347656,481.2030944824219,203.2577362060547,-223.4765167236328,839.5578002929688,-135.95877075195312,-212.3638153076172,146.6197967529297,-198.08860778808597,-200.8545379638672,1004.9095458984376,-165.34840393066406,-230.48147583007807,506.5378723144531,-260.5207824707031,-257.5499267578125,860.0491943359375
80.18946838378906,28.849098205566406,252.26763916015625,104.3869400024414,-209.29251098632807,979.6312866210938,114.43568420410156,-253.03073120117188,484.6874084472656,205.70196533203125,-216.5163116455078,840.101318359375,-136.03939819335938,-202.14138793945312,146.6330108642578,-198.60595703125,-198.24208068847656,1005.3640747070312,-165.83843994140625,-222.74349975585935,506.2684631347656,-260.4151916503906,-261.1867370605469,862.7549438476562
80.53755950927734,15.559656143188477,248.91539001464844,103.85832977294922,-208.0578155517578,981.284423828125,114.34909057617188,-260.9749755859375,488.3163146972656,208.01644897460935,-209.6661071777344,840.7534790039062,-136.1187286376953,-191.91827392578125,146.6601104736328,-199.07254028320312,-195.5165252685547,1005.7279052734376,-166.27452087402344,-214.9563140869141,506.0293273925781,-260.1706237792969,-264.7528381347656,865.3922729492188
81.02171325683594,1.7670027017593384,244.72821044921875,103.3872299194336,-206.7849273681641,982.9044799804688,114.05585479736328,-268.4324645996094,492.0231323242188,210.1883850097656,-202.9403076171875,841.4840698242188,-136.19302368164062,-181.69412231445312,146.70082092285156,-199.48092651367188,-192.7064971923828,1006.0018310546876,-166.642822265625,-207.1076202392578,505.8273010253906,-259.7876281738281,-268.23846435546875,867.9453125
81.66826629638672,-12.560914993286133,239.77394104003903,102.97872161865234,-205.4738006591797,984.4644775390624,113.5538101196289,-275.3753967285156,495.7423706054688,212.20703125,-196.35198974609372,842.2619018554688,-136.25999450683594,-171.47019958496094,146.75389099121094,-199.8240966796875,-189.83958435058597,1006.186767578125,-166.93634033203125,-199.1910095214844,505.6654357910156,-259.2672424316406,-271.6349792480469,870.3983764648438
82.49478149414062,-27.4517822265625,234.13877868652344,102.63714599609376,-204.1246490478516,985.9371337890624,112.84513854980467,-281.7823486328125,499.4107360839844,214.0638427734375,-189.91282653808597,843.0556030273438,-136.31869506835938,-161.24935913085938,146.8173065185547,-200.09573364257807,-186.9414978027344,1006.283447265625,-167.1544952392578,-191.20892333984372,505.5426940917969,-258.6112060546875,-274.9347229003906,872.7357177734375
83.50822448730469,-42.92588424682617,227.92575073242188,102.3659210205078,-202.7385406494141,987.295654296875,111.93816375732422,-287.6373291015625,502.9681396484375,215.75245666503903,-183.633056640625,843.8340454101562,-136.36944580078125,-151.0355682373047,146.88845825195312,-200.2905120849609,-184.03536987304688,1006.2926025390624,-167.3017578125,-183.17333984375,505.45458984375,-257.8217163085937,-278.1310119628906,874.9419555664062
84.70397186279297,-58.993202209472656,221.25228881835935,102.16753387451172,-201.3177032470703,988.5148315429688,110.84877014160156,-292.9288635253906,506.3580932617188,217.2685546875,-177.5216064453125,844.5673217773438,-136.41368103027344,-140.83326721191406,146.9644012451172,-200.4043731689453,-181.14157104492188,1006.2147827148438,-167.385986328125,-175.1045379638672,505.3941955566406,-256.90167236328125,-281.2179260253906,877.0018310546875
86.06573486328125,-75.65081787109375,214.24703979492188,102.0434799194336,-199.86557006835935,989.5714721679688,109.6010971069336,-297.64923095703125,509.5283203125,218.60992431640625,-171.58599853515625,845.2269287109375,-136.45359802246094,-130.64651489257812,147.04220581054688,-200.43472290039065,-178.27757263183594,1006.0504150390624,-167.4169158935547,-167.02854919433594,505.3531799316406,-255.8544769287109,-284.19024658203125,878.9004516601562
87.5665283203125,-92.88093566894533,207.0461578369141,101.99434661865234,-198.3867645263672,990.4453735351562,108.22742462158205,-301.794189453125,512.4312744140625,219.7762908935547,-165.83255004882812,845.786865234375,-136.4917755126953,-120.47824096679688,147.1190948486328,-200.3805389404297,-175.4584197998047,1005.7996215820312,-167.405029296875,-158.97415161132812,505.3230285644531,-254.68431091308597,-287.043212890625,880.6234741210938
89.17076873779297,-110.64981842041016,199.78880310058597,102.0198745727539,-196.88706970214844,991.1195678710938,106.76712036132812,-305.3631591796875,515.0250854492188,220.7691650390625,-160.2664031982422,846.223388671875,-136.53085327148438,-110.32975006103516,147.1926727294922,-200.24240112304688,-172.69703674316406,1005.4620971679688,-167.36080932617188,-150.96958923339844,505.2958984375,-253.3961181640625,-289.7724609375,882.1572875976562
90.83734893798828,-128.90765380859375,192.61251831054688,102.1190414428711,-195.37326049804688,991.5811157226562,105.26468658447266,-308.3597717285156,517.2744750976562,221.5917816162109,-154.8916473388672,846.5159912109375,-136.5731964111328,-100.20068359375,147.2611083984375,-200.0223846435547,-170.00477600097656,1005.0374145507812,-167.29437255859375,-143.0397491455078,505.265380859375,-251.99562072753903,-292.3738708496094,883.4893188476562
92.52330780029295,-147.58929443359375,185.6485137939453,102.2901382446289,-193.85299682617188,991.821044921875,103.76725006103516,-310.7930908203125,519.1516723632812,222.24887084960935,-149.7115478515625,846.6473999023438,-136.6207733154297,-90.0892562866211,147.3231964111328,-199.7239227294922,-167.39163208007812,1004.5247192382812,-167.2153778076172,-135.20436096191406,505.2269287109375,-250.4893493652344,-294.8435974121094,884.6082153320312
94.1869888305664,-166.61497497558594,179.0174560546875,102.5308609008789,-192.3347930908203,991.8347778320312,102.32158660888672,-312.6788330078125,520.637939453125,222.74655151367188,-144.72862243652344,846.6038208007812,-136.67491149902344,-79.99272918701172,147.37843322753906,-199.35153198242188,-164.8665313720703,1003.9229125976562,-167.1330108642578,-127.47750854492188,505.1775207519531,-248.88470458984372,-297.1779479980469,885.5042114257812
95.79044342041016,-185.8906707763672,172.8262176513672,102.83837127685548,-190.82794189453125,991.6219482421876,100.9711685180664,-314.04071044921875,521.7241821289062,223.0922698974609,-139.9448699951172,846.3751831054688,-136.7361602783203,-69.9081039428711,147.42713928222656,-198.9105682373047,-162.43739318847656,1003.2310180664062,-167.05592346191406,-119.86831665039062,505.1154479980469,-247.1898956298828,-299.37335205078125,886.1693725585938
97.30110931396484,-205.3078765869141,167.16526794433594,103.20933532714844,-189.3426055908203,991.1862182617188,99.75357055664062,-314.91168212890625,522.411865234375,223.2946014404297,-135.3618621826172,845.9551391601562,-136.8041229248047,-59.83293533325195,147.4705810546875,-198.40689086914065,-160.1113739013672,1002.4481201171876,-166.99183654785156,-112.38265991210938,505.0393981933594,-245.41387939453125,-301.4263916015625,886.5979614257812
98.69277954101562,-224.7440490722656,162.10667419433594,103.64000701904295,-187.889892578125,990.5354614257812,98.69841003417967,-315.33465576171875,522.713134765625,223.36334228515625,-130.98098754882812,845.341064453125,-136.8772430419922,-49.7662239074707,147.51092529296875,-197.84661865234372,-157.8950958251953,1001.573974609375,-166.94703674316406,-105.0253448486328,504.9479064941406,-243.56637573242188,-303.3336486816406,886.78662109375
99.94615173339844,-244.0634765625,157.7021026611328,104.1262664794922,-186.48199462890625,989.6810913085938,97.8258819580078,-315.362548828125,522.6506958007812,223.3092803955078,-126.80348205566406,844.5341796875,-136.95281982421875,-39.7090950012207,147.55126953125,-197.2357940673828,-155.79490661621094,1000.6087036132812,-166.9254913330078,-97.80245971679688,504.8385009765625,-241.6576690673828,-305.0917358398437,886.734619140625
101.0489501953125,-263.1185913085937,153.981201171875,104.66364288330078,-185.1323089599609,988.6380615234376,97.14582061767578,-315.0572509765625,522.2565307617188,223.14425659179688,-122.8306884765625,843.539306640625,-137.0271453857422,-29.665380477905277,147.59568786621094,-196.58010864257807,-153.81695556640625,999.5535888671876,-166.92823791503906,-90.72339630126952,504.7076110839844,-239.6986541748047,-306.697265625,886.4442138671875
101.99543762207033,-281.7511901855469,150.9503936767578,105.24730682373048,-183.85569763183597,987.4243774414062,96.65744018554688,-314.4876708984375,521.570556640625,222.88108825683597,-119.06415557861328,842.36474609375,-137.09584045410156,-19.64202690124512,147.64927673339844,-195.88473510742188,-151.96730041503906,998.4109497070312,-166.9525604248047,-83.80228424072266,504.5503540039063,-237.7006378173828,-308.1466369628906,885.9205322265625
102.78510284423828,-299.79376220703125,148.59205627441406,105.87210083007812,-182.66856384277344,986.0609130859376,96.3497085571289,-313.7269287109375,520.6380615234375,222.53350830078125,-115.50580596923828,841.0220947265625,-137.1544952392578,-9.649371147155762,147.7185821533203,-195.15415954589844,-150.25177001953125,997.1845092773438,-166.9915008544922,-77.05845642089844,504.361083984375,-235.6753387451172,-309.436279296875,885.1720581054688
103.420654296875,-317.0705261230469,146.86453247070312,106.53258514404295,-181.5889434814453,984.5709838867188,96.202392578125,-312.8489990234375,519.5072631835938,222.1160430908203,-112.15806579589844,839.5258178710938,-137.19911193847656,0.29889577627182,147.8118896484375,-194.39219665527344,-148.67593383789062,995.879638671875,-167.03367614746094,-70.51607513427734,504.134033203125,-233.6347503662109,-310.56231689453125,884.21044921875
103.90647888183594,-333.40045166015625,145.7037353515625,107.2231216430664,-180.6363525390625,982.9800415039062,96.18782043457033,-311.92449951171875,518.226318359375,221.64389038085935,-109.02392578125,837.8933715820312,-137.22633361816406,10.18645477294922,147.93972778320312,-193.6020355224609,-147.24476623535156,994.50341796875,-167.06326293945312,-64.20298767089844,503.8644104003906,-231.59109497070312,-311.5207824707031,883.0504760742188
104.24784088134766,-348.6019592285156,145.0264892578125,107.93807220458984,-179.83131408691406,981.3152465820312,96.27318572998048,-311.0170593261719,516.8409423828125,221.1327667236328,-106.10700225830078,836.1443481445312,-137.2333984375,19.99552726745605,148.114990234375,-192.7864990234375,-145.96270751953125,993.06494140625,-167.06051635742188,-58.149444580078125,503.54925537109375,-229.5566864013672,-312.3074645996094,881.7103271484375
104.45045471191406,-362.4996643066406,144.73529052734375,108.67189025878906,-179.19482421875,979.6051025390624,96.42330932617188,-310.1800231933594,515.3919067382812,220.5987701416016,-103.41158294677734,834.3004150390625,-137.2181854248047,29.708131790161133,148.3528594970703,-191.9482269287109,-144.83367919921875,991.5753173828124,-167.00257873535156,-52.38691329956055,503.1882629394531,-227.5438690185547,-312.91802978515625,880.2108154296875
104.52043151855467,-374.9317626953125,144.7241973876953,109.41931915283205,-178.74746704101562,977.8792114257812,96.60358428955078,-309.4540100097656,513.9140625,220.05810546875,-100.9426040649414,832.384765625,-137.17930603027344,39.30717086791992,148.6704864501953,-191.08995056152344,-143.86117553710938,990.04736328125,-166.86474609375,-46.94701766967773,502.7841796875,-225.56488037109372,-313.3479919433594,878.5758666992188
104.46451568603516,-385.7579040527344,144.885498046875,110.1755142211914,-178.50857543945312,976.1676635742188,96.78279876708984,-308.8658752441406,512.4358520507812,219.5270233154297,-98.70572662353516,830.4218139648438,-137.1162109375,48.777130126953125,149.0864715576172,-190.2148284912109,-143.0485076904297,988.49560546875,-166.621826171875,-41.86067199707031,502.3430786132813,-223.6317596435547,-313.5928039550781,876.8314208984375
104.29078674316406,-394.8665771484375,145.11660766601562,110.93624114990234,-178.49513244628906,974.5007934570312,96.93563842773438,-308.4284362792969,510.9792175292969,219.02149963378903,-96.7072982788086,828.4365234375,-137.02920532226562,58.10435485839844,149.62033081054688,-189.326416015625,-142.39903259277344,986.9359130859376,-166.2498321533203,-37.15742111206055,501.8741149902344,-221.7562255859375,-313.6478576660156,875.005615234375
104.00946044921876,-402.1820068359375,145.32675170898438,111.69805908203124,-178.7208709716797,972.908447265625,97.04447174072266,-308.1414794921875,509.5608215332031,218.55715942382807,-94.95437622070312,826.4540405273438,-136.91954040527344,67.27682495117188,150.29164123535156,-188.42881774902344,-141.91636657714844,985.38525390625,-165.72752380371094,-32.86513900756836,501.3889770507813,-219.9495086669922,-313.5086669921875,873.1279296875
103.63375854492188,-407.6694641113281,145.442626953125,112.4585189819336,-179.19508361816406,971.4197998046876,97.10039520263672,-307.99322509765625,508.19281005859375,218.14898681640625,-93.45471954345705,824.4992065429688,-136.7894744873047,76.28352355957031,151.1192169189453,-187.52642822265625,-141.60450744628906,983.8607177734376,-165.03797912597656,-29.010154724121094,500.9010620117188,-218.2223358154297,-313.1709289550781,871.2288208007812
103.18058013916016,-411.3390197753906,145.41268920898438,113.21636962890624,-179.92173767089844,970.0626831054688,97.10347747802734,-307.96270751953125,506.88421630859375,217.81124877929688,-92.2168197631836,822.595947265625,-136.6424560546875,85.11339569091797,152.12042236328125,-186.623779296875,-141.4677734375,982.3795166015624,-164.16981506347656,-25.617830276489254,500.4243469238281,-216.58468627929688,-312.63055419921875,869.3389282226562
102.67069244384766,-413.2464294433594,145.20913696289062,113.97177124023438,-180.8986358642578,968.86328125,97.06238555908205,-308.0223388671875,505.6423034667969,217.5572509765625,-91.24988555908205,820.76708984375,-136.48309326171875,93.75399780273438,153.3107147216797,-185.72520446777344,-141.51055908203125,980.9581909179688,-163.1183624267578,-22.71357536315918,499.97174072265625,-215.04574584960935,-311.8840026855469,867.4886474609375
102.12830352783205,-413.4913635253906,144.82716369628906,114.72633361816406,-182.1167755126953,967.845458984375,96.99346923828124,-308.1407775878906,504.4741516113281,217.3992156982422,-90.56378173828124,819.0335693359375,-136.317138671875,102.18982696533205,154.70362854003906,-184.8345489501953,-141.73672485351562,979.612060546875,-161.88644409179688,-20.32424545288086,499.5538024902344,-213.6137542724609,-310.9281311035156,865.7070922851562
101.58011627197266,-412.2123718261719,144.2813720703125,115.48319244384766,-183.56002807617188,967.0306396484376,96.91963958740234,-308.2859191894531,503.38818359375,217.34815979003903,-90.16900634765624,817.4144287109375,-136.15133666992188,110.4003677368164,156.31106567382812,-183.9548492431641,-142.14898681640625,978.35498046875,-160.485107421875,-18.47960662841797,499.1770935058594,-212.2958526611328,-309.7604675292969,864.0217895507812
101.05378723144533,-409.5785827636719,143.5996551513672,116.2467803955078,-185.20530700683597,966.4368286132812,96.86917114257812,-308.42706298828125,502.3954772949219,217.4137725830078,-90.0765151977539,815.9265747070312,-135.99302673339844,118.35810089111328,158.1439208984375,-183.088134765625,-142.7478485107422,977.1989135742188,-158.93397521972656,-17.213510513305664,498.8429565429688,-211.0980224609375,-308.3793029785156,862.4579467773438
100.57609558105467,-405.7784729003906,142.81597900390625,117.02261352539062,-187.0229034423828,966.07861328125,96.8744125366211,-308.5367736816406,501.5101623535156,217.60433959960935,-90.29757690429688,814.5844116210938,-135.8497314453125,126.02655029296876,160.21304321289062,-182.2352294921875,-143.53076171875,976.1534423828124,-157.26150512695312,-16.564441680908203,498.5466613769531,-210.02493286132807,-306.7837219238281,861.0375366210938
100.17095947265624,-401.00628662109375,141.96397399902344,117.81681060791016,-188.97755432128903,965.9660034179688,96.9704360961914,-308.59136962890625,500.7491455078125,217.9266357421875,-90.84358215332033,813.4000244140625,-135.7286376953125,133.35877990722656,162.530029296875,-181.3957061767578,-144.49098205566406,975.2259521484376,-155.50498962402344,-16.575153350830078,498.2770690917969,-209.0798492431641,-304.9737854003906,859.779296875
99.85761260986328,-395.4476623535156,141.0732421875,118.63560485839844,-191.0296936035156,966.104248046875,97.19343566894533,-308.57037353515625,500.1304931640625,218.3858642578125,-91.7257080078125,812.3829956054688,-135.63592529296875,140.29644775390625,165.10794067382812,-180.5679168701172,-145.61676025390625,974.4212036132812,-153.71002197265625,-17.291105270385742,498.01666259765625,-208.26454162597656,-302.9504699707031,858.6978149414062
99.6490478515625,-389.2671813964844,140.16854858398438,119.48472595214844,-193.13706970214844,966.4933471679688,97.57868194580078,-308.4545593261719,499.6707763671875,218.98562622070312,-92.95467376708984,811.5407104492188,-135.57591247558594,146.76971435546875,167.96160888671875,-179.74920654296875,-146.89065551757812,973.7416381835938,-151.92958068847656,-18.75758552551269,497.7420654296875,-207.57928466796875,-300.7158203125,857.803466796875
99.55116271972656,-382.6000061035156,139.27061462402344,120.3688507080078,-195.2566680908203,967.1273193359376,98.15773010253906,-308.2229919433594,499.38177490234375,219.72789001464844,-94.54031372070312,810.8783569335938,-135.55039978027344,152.6977081298828,171.1075439453125,-178.9359588623047,-148.28929138183594,973.1870727539062,-150.22207641601562,-21.015687942504883,497.4251708984375,-207.02279663085935,-298.2729797363281,857.1019287109375
99.56265258789062,-375.5490417480469,138.39669799804688,121.2911148071289,-197.34642028808597,967.9945068359376,98.95510864257812,-307.84967041015625,499.2668151855469,220.61289978027344,-96.49128723144533,810.399169921875,-135.55819702148438,157.9898223876953,174.56341552734375,-178.12391662597656,-149.78372192382812,972.7553100585938,-148.64842224121094,-24.0976619720459,497.0347290039063,-206.59234619140625,-295.626220703125,856.5944213867188
99.67559814453124,-368.1863403320313,137.56076049804688,122.25277709960938,-199.36671447753903,969.0772705078124,99.98462677001952,-307.3003234863281,499.3181762695313,221.63917541503903,-98.81470489501952,810.1046752929688,-135.59494018554688,162.54774475097656,178.34683227539062,-177.30844116210938,-151.33999633789062,972.44189453125,-147.26754760742188,-28.022266387939453,496.5389709472656,-206.28375244140625,-292.781005859375,856.27734375
99.87646484375,-360.5578918457031,136.77359008789062,123.25303649902344,-201.28163146972656,970.352783203125,101.2462158203125,-306.53057861328125,499.5154418945313,222.8034820556641,-101.51588439941406,809.9949340820312,-135.65335083007812,166.26889038085938,182.47344970703125,-176.48477172851562,-152.92002868652344,972.2410888671876,-146.1310272216797,-32.79084777832031,495.9091491699219,-206.0915679931641,-289.7439270019531,856.1428833007812
100.14733123779295,-352.689453125,136.0428924560547,124.28898620605467,-203.05992126464844,971.7935791015624,102.72382354736328,-305.4861145019531,499.8265075683594,224.10073852539065,-104.59803009033205,810.0687866210938,-135.72344970703125,169.0511474609375,186.95416259765625,-175.6484832763672,-154.48269653320312,972.14599609375,-145.27735900878906,-38.38478088378906,495.1237487792969,-206.00927734375,-286.52264404296875,856.178955078125
100.46715545654295,-344.5930480957031,135.37364196777344,125.3557357788086,-204.67550659179688,973.3688354492188,104.38502502441406,-304.1051025390625,500.21044921875,225.52398681640625,-108.0620346069336,810.3240966796875,-135.79331970214844,170.79885864257812,191.79161071777344,-174.79580688476562,-155.98513793945312,972.1494750976562,-144.72714233398438,-44.76476287841797,494.17291259765625,-206.0294952392578,-283.1259155273437,856.369873046875
100.81304931640624,-336.2725830078125,134.76841735839844,126.44670104980467,-206.1077117919922,975.0455322265624,106.18265533447266,-302.3231201171875,500.62200927734375,227.0643768310547,-111.90626525878906,810.7579956054688,-135.8495635986328,171.4295654296875,196.9762420654297,-173.92396545410156,-157.38458251953125,972.2448120117188,-144.480224609375,-51.8721923828125,493.0623474121094,-206.1442108154297,-279.5634460449219,856.6971435546875
101.16168975830078,-327.7291259765625,134.2277374267578,127.5539779663086,-207.34100341796875,976.7901000976562,108.05860137939452,-300.0790100097656,501.0165100097656,228.71116638183597,-116.12644958496094,811.3675537109375,-135.8782196044922,170.88084411621094,202.48265075683597,-173.0314178466797,-158.6402130126953,972.4261474609376,-144.51559448242188,-59.6324348449707,491.81640625,-206.34506225585935,-275.8457946777344,857.139892578125
101.4908218383789,-318.9644470214844,133.7503662109375,128.66891479492188,-208.3646545410156,978.5697021484376,109.94929504394533,-297.3212890625,501.3544616699219,230.45172119140625,-120.715576171875,812.1495971679688,-135.86537170410156,169.1160888671875,208.2668609619141,-172.1179656982422,-159.7152557373047,972.6889038085938,-144.7939453125,-67.95939636230469,490.4793395996094,-206.6236267089844,-271.98419189453125,857.6757202148438
101.78085327148438,-309.9833984375,133.3336639404297,129.78265380859375,-209.1719970703125,980.3539428710938,111.79210662841795,-294.01373291015625,501.6047668457031,232.27171325683597,-125.6639633178711,813.1011962890625,-135.798095703125,166.12844848632812,214.2653961181641,-171.18478393554688,-160.57872009277344,973.030517578125,-145.2625732421875,-76.7607421875,489.114501953125,-206.97164916992188,-267.9904479980469,858.2816772460938
102.0163803100586,-300.7948913574219,132.97381591796875,130.88668823242188,-209.7598419189453,982.1154174804688,113.53160858154295,-290.1395568847656,501.7468872070313,234.15516662597656,-130.95933532714844,814.2200317382812,-135.66543579101562,161.942626953125,220.39617919921875,-170.23435974121094,-161.20700073242188,973.4501342773438,-145.8613739013672,-85.94293975830078,487.801025390625,-207.38121032714844,-263.8768005371094,858.9349365234375
102.18743133544922,-291.41217041015625,132.66600036621094,131.97341918945312,-210.12782287597656,983.8310546875,115.12483215332033,-285.70330810546875,501.7716064453125,236.0846710205078,-136.58692932128906,815.5043334960938,-135.45985412597656,156.61390686035156,226.56141662597656,-169.27044677734375,-161.58499145507812,973.9488525390624,-146.5293426513672,-95.41573333740234,486.6283874511719,-207.8448486328125,-259.6558837890625,859.6134033203125
102.290283203125,-281.8523864746094,132.40452575683594,133.03652954101562,-210.2777404785156,985.4819946289062,116.5447998046875,-280.7304077148437,501.6803588867188,238.0416412353516,-142.52972412109375,816.952880859375,-135.17857360839844,150.22372436523438,232.65155029296875,-168.2977752685547,-161.70654296875,974.529296875,-147.21034240722656,-105.09559631347656,485.689208984375,-208.3555908203125,-255.34063720703125,860.29638671875
102.3276138305664,-272.1358337402344,132.1829833984375,134.0712890625,-210.21316528320312,987.053955078125,117.78174591064452,-275.2641296386719,501.4835815429688,240.0064849853516,-148.7684783935547,818.5653686523438,-134.8242645263672,142.87196350097656,238.5495758056641,-167.32186889648438,-161.57437133789062,975.1953735351562,-147.85763549804688,-114.90802001953124,485.0712585449219,-208.90701293945312,-250.9441680908203,860.9652709960938
102.3078384399414,-262.2849426269531,131.99461364746094,135.07460021972656,-209.93893432617188,988.5368041992188,118.8416748046875,-269.36090087890625,501.1983947753906,241.958984375,-155.28196716308594,820.341796875,-134.405029296875,134.66668701171875,244.13461303710935,-166.34866333007812,-161.1994171142578,975.9512939453124,-148.43626403808594,-124.7876968383789,484.8499450683594,-209.49305725097656,-246.47972106933597,861.603515625
102.24373626708984,-252.32290649414065,131.8328399658203,136.04498291015625,-209.46087646484372,989.9240112304688,119.74242401123048,-263.08453369140625,500.8457946777344,243.8785400390625,-162.0470428466797,822.2826538085938,-133.93333435058594,125.71392059326172,249.28501892089844,-165.3842315673828,-160.59970092773438,976.8011474609376,-148.92356872558594,-134.67669677734375,485.082275390625,-210.1080474853516,-241.96055603027344,862.1970825195312
102.15040588378906,-242.27218627929688,131.6918182373047,136.98245239257812,-208.7855682373047,991.2117309570312,120.5081558227539,-256.5003356933594,500.4479370117188,245.7445526123047,-169.03884887695312,824.388427734375,-133.42431640625,116.10972595214844,253.88157653808597,-164.4344940185547,-159.79901123046875,977.74755859375,-149.30844116210938,-144.52210998535156,485.8023071289063,-210.74647521972656,-237.39979553222656,862.7344970703125
102.04299926757812,-232.1537170410156,131.5668487548828,137.88844299316406,-207.919921875,992.3980712890624,121.16336822509766,-249.66961669921875,500.02587890625,247.5367431640625,-176.23104858398438,826.6594848632812,-132.89373779296875,105.93607330322266,257.8122253417969,-163.50503540039062,-158.8253936767578,978.7910766601562,-149.58995056152344,-154.27383422851562,487.0188598632813,-211.40293884277344,-232.81039428710935,863.20654296875
101.93464660644533,-221.9864044189453,131.45448303222656,138.76564025878906,-206.87095642089844,993.4822387695312,121.72781372070312,-242.6455993652344,499.5975036621094,249.2354278564453,-183.5960693359375,829.095458984375,-132.3562774658203,95.26038360595705,260.9776916503906,-162.60092163085938,-157.7095947265625,979.9290161132812,-149.77511596679688,-163.88294982910156,488.7151794433594,-212.0719451904297,-228.205078125,863.6065673828125
101.83501434326172,-211.7868804931641,131.35256958007812,139.61766052246094,-205.6456756591797,994.4634399414062,122.21349334716795,-235.4705047607422,499.1764221191406,250.8218231201172,-191.1053009033203,831.695068359375,-131.8247528076172,84.13690948486328,263.2974548339844,-161.72665405273438,-156.4834747314453,981.1552734375,-149.8760223388672,-173.30091857910156,490.8509826660156,-212.7478179931641,-223.5962677001953,863.9295654296875
101.74954986572266,-201.5693206787109,131.26028442382812,140.44845581054688,-204.25132751464844,995.3406982421876,122.62425231933594,-228.1744384765625,498.7711791992188,252.27828979492188,-198.7293243408203,834.45556640625,-131.31033325195312,72.60858154296875,264.7138671875,-160.8861846923828,-155.17864990234375,982.4594116210938,-149.9066162109375,-182.4796142578125,493.366943359375,-213.42459106445312,-218.9961395263672,864.172607421875
101.67955017089844,-191.34536743164065,131.17784118652344,141.26174926757812,-202.6957550048828,996.112060546875,122.9581527709961,-220.77545166015625,498.3857421875,253.588623046875,-206.438232421875,837.3726806640625,-130.82310485839844,60.70852279663086,265.1944885253906,-160.0828857421875,-153.82534790039062,983.8271484375,-149.8793487548828,-191.3721923828125,496.1903381347656,-214.09600830078125,-214.4165954589844,864.333740234375
101.62274169921876,-181.1241455078125,131.10618591308594,142.0604248046875,-200.9874420166016,996.7747802734376,123.21150207519533,-213.2811584472656,498.01995849609375,254.7381134033203,-214.20169067382807,840.4398193359375,-130.37254333496094,48.46108627319336,264.7319030761719,-159.31967163085938,-152.45140075683594,985.240478515625,-149.80209350585938,-199.93423461914065,499.2415161132813,-214.75547790527344,-209.86920166015625,864.4122924804688
101.5743637084961,-170.9122772216797,131.04661560058594,142.84617614746094,-199.1355743408203,997.3257446289062,123.38312530517578,-205.6918029785156,497.6708679199219,255.7137756347656,-221.98931884765625,843.6484375,-129.96788024902344,35.88215637207031,263.3416442871094,-158.59901428222656,-151.0816192626953,986.6783447265624,-149.67584228515625,-208.12503051757807,502.4402465820313,-215.39622497558597,-205.36526489257807,864.4080200195312
101.52833557128906,-160.71417236328125,131.0003662109375,143.6190948486328,-197.14990234375,997.7614135742188,123.47748565673828,-198.0042266845703,497.33392333984375,256.5044250488281,-229.770751953125,846.987548828125,-129.61834716796875,22.979026794433597,261.05908203125,-157.9230194091797,-149.7372589111328,988.1173706054688,-149.49411010742188,-215.9081573486328,505.7107238769531,-216.0112762451172,-200.9158172607422,864.3212890625
101.47843933105467,-150.53216552734375,130.9684600830078,144.37774658203125,-195.04086303710935,998.0789184570312,123.50563049316406,-190.21633911132807,497.0039367675781,257.1007385253906,-237.51589965820312,850.44384765625,-129.33335876464844,9.75011920928955,257.9360656738281,-157.29347229003906,-148.43577575683594,989.5330810546876,-149.2440185546875,-223.25196838378903,508.9849853515625,-216.5937042236328,-196.53152465820312,864.15234375
101.41915130615234,-140.36692810058594,130.95147705078125,145.11917114257812,-192.81968688964844,998.2760009765624,123.4838638305664,-182.3309326171875,496.6757507324219,257.49530029296875,-245.19505310058597,854.001708984375,-129.12232971191406,-3.8151235580444336,254.037353515625,-156.71188354492188,-147.19068908691406,990.9004516601562,-148.90914916992188,-230.1299591064453,512.2039184570312,-217.1367950439453,-192.22276306152344,863.9015502929688
101.34605407714844,-130.2179412841797,130.94949340820312,145.839111328125,-190.4986572265625,998.3515625,123.43083190917967,-174.35841369628906,496.3446350097656,257.6827087402344,-252.77903747558597,857.6434936523438,-128.99417114257812,-17.735801696777344,249.4379119873047,-156.17950439453125,-146.01177978515625,992.195068359375,-148.47325134277344,-236.52145385742188,515.3161010742188,-217.6341857910156,-187.99951171875,863.569091796875
101.25592041015624,-120.08399200439452,130.96217346191406,146.5322265625,-188.0913543701172,998.305908203125,123.36410522460938,-166.31813049316406,496.0065002441406,257.659423828125,-260.23944091796875,861.349609375,-128.956787109375,-32.038211822509766,244.22105407714844,-155.69735717773438,-144.9052734375,993.3935546875,-147.92376708984375,-242.4111785888672,518.2759399414062,-218.08010864257807,-183.8714141845703,863.15478515625
101.14644622802734,-109.96366119384766,130.98875427246094,147.19241333007812,-185.61282348632807,998.140625,123.29710388183594,-158.2380828857422,495.6578979492188,257.4237976074219,-267.5487060546875,865.098876953125,-129.0159149169922,-46.75291061401367,238.47743225097656,-155.2662811279297,-143.87428283691406,994.4746704101562,-147.25442504882812,-247.7883758544922,521.0419921875,-218.46954345703125,-179.84765625,862.658203125
101.01592254638672,-99.85572814941406,131.02804565429688,147.81307983398438,-183.07965087890625,997.8585205078124,123.2371597290039,-150.15367126464844,495.2960205078125,256.97613525390625,-274.6802978515625,868.8687744140625,-129.17372131347656,-61.91006088256836,232.30462646484372,-154.8868408203125,-142.91928100585938,995.4190063476562,-146.46676635742188,-252.6456451416016,523.5755615234375,-218.7983856201172,-175.93707275390625,862.0786743164062
100.8628387451172,-89.75945281982422,131.0784454345703,148.38748168945312,-180.50994873046875,997.4633178710938,123.18494415283205,-142.10545349121094,494.9185791015625,256.3184814453125,-281.6088562011719,872.6356201171875,-129.42771911621094,-77.53425598144531,225.8067626953125,-154.55946350097656,-142.0386962890625,996.2099609375,-145.57041931152344,-256.9779052734375,525.8407592773438,-219.06362915039065,-172.1480255126953,861.4150390625
100.6855239868164,-79.67477416992188,131.13803100585938,148.90911865234375,-177.92323303222656,996.9592895507812,123.13509368896484,-134.13612365722656,494.5237426757813,255.4545440673828,-288.3103332519531,876.375,-129.77088928222656,-93.63970947265624,219.09393310546875,-154.28427124023438,-141.2296142578125,996.8334350585938,-144.58255004882812,-260.7817687988281,527.8046264648438,-219.2633514404297,-168.48846435546875,860.666015625
100.48202514648438,-69.602294921875,131.20462036132812,149.37210083007812,-175.3401336669922,996.3511352539062,123.0779037475586,-126.28709411621094,494.1102600097656,254.38970947265625,-294.7621765136719,880.0618896484375,-130.19232177734375,-110.2262725830078,212.2810211181641,-154.0612335205078,-140.48846435546875,997.2781982421876,-143.5265350341797,-264.05548095703125,529.438720703125,-219.39691162109372,-164.9658966064453,859.830078125
100.25006103515624,-59.54319381713867,131.27606201171875,149.77130126953125,-172.7819061279297,995.6434326171876,123.00147247314452,-118.59532165527344,493.6773376464844,253.1307678222656,-300.943359375,883.6709594726562,-130.6781005859375,-127.27626037597656,205.4857635498047,-153.89010620117188,-139.81166076660156,997.5358276367188,-142.43028259277344,-266.799072265625,530.7196655273438,-219.46481323242188,-161.58743286132812,858.9054565429688
99.98715209960938,-49.49908065795898,131.3504638671875,150.102783203125,-170.26991271972656,994.8406372070312,122.89398956298828,-111.09088897705078,493.2247009277344,251.6858673095703,-306.8346252441406,887.1768798828125,-131.21221923828125,-144.75244140625,198.82601928710935,-153.7704620361328,-139.1962890625,997.6005859375,-141.32464599609375,-269.0152893066406,531.6307983398438,-219.4687957763672,-158.3598175048828,857.890380859375
99.69094848632812,-39.47202301025391,131.4265594482422,150.36387634277344,-167.82510375976562,993.94677734375,122.74573516845705,-103.79617309570312,492.7524108886719,250.0642547607422,-312.4183959960937,890.5543823242188,-131.77755737304688,-162.5972442626953,192.41644287109372,-153.70167541503906,-138.640625,997.4698486328124,-140.24151611328125,-270.7110900878906,532.1626586914062,-219.4117431640625,-155.2894287109375,856.783203125
99.35961151123048,-29.46462821960449,131.50399780273438,150.5532684326172,-165.46737670898438,992.9656982421876,122.55078125,-96.7266082763672,492.2604064941406,248.27618408203125,-317.6789855957031,893.7783813476562,-132.3570556640625,-180.7331695556641,186.3650054931641,-153.68301391601562,-138.14462280273438,997.1436767578124,-139.21229553222656,-271.8992004394531,532.3140258789062,-219.297607421875,-152.38241577148438,855.582275390625
98.99231719970705,-19.48014259338379,131.58380126953125,150.67100524902344,-163.21517944335938,991.9009399414062,122.3080596923828,-89.89187622070312,491.7482604980469,246.33267211914065,-322.6023864746094,896.8244018554688,-132.93484497070312,-199.0638885498047,180.7694091796875,-153.71359252929688,-137.7101287841797,996.6251220703124,-138.26634216308594,-272.5998840332031,532.0923461914062,-219.13134765625,-149.64463806152344,854.2864990234375
98.58989715576172,-9.522575378417969,131.66868591308594,150.7183380126953,-161.0850372314453,990.7559204101562,122.02159118652344,-83.29716491699219,491.2154541015625,244.24542236328125,-327.176513671875,899.668701171875,-133.4972686767578,-217.4758453369141,175.71356201171875,-153.79244995117188,-137.34095764160156,995.9203491210938,-137.42967224121094,-272.8419189453125,531.5136108398438,-218.91888427734372,-147.0818328857422,852.8952026367188
98.15540313720705,0.4031743109226227,131.763427734375,150.69757080078125,-159.0914306640625,989.5343017578124,121.69989013671876,-76.94435119628906,490.6614990234375,242.02664184570312,-331.3908386230469,902.2882690429688,-134.0336456298828,-235.8402557373047,171.26429748535156,-153.91859436035156,-137.04281616210938,995.0382690429688,-136.72390747070312,-272.6636047363281,530.6017456054688,-218.66705322265625,-144.69961547851562,851.4086303710938
97.69467163085938,10.291159629821776,131.8750457763672,150.61170959472656,-157.2467041015625,988.2398071289062,121.35491180419922,-70.83306121826172,490.08642578125,239.6888885498047,-335.2364807128906,904.6612548828124,-134.53662109375,-254.01551818847656,167.46839904785156,-154.09104919433594,-136.82308959960938,993.990966796875,-136.16522216796875,-272.1128845214844,529.3873901367188,-218.38351440429688,-142.50357055664062,849.828125
97.21661376953124,20.13412475585937,132.0128936767578,150.46434020996094,-155.56118774414062,986.8768920898438,121.00064086914062,-64.9616928100586,489.4910583496094,237.2450256347656,-338.7060241699219,906.7671508789062,-135.00181579589844,-271.8498229980469,164.3499755859375,-154.30894470214844,-136.69065856933594,992.7933349609376,-135.76348876953125,-271.2471923828125,527.9060668945312,-218.0767364501953,-140.499267578125,848.1563720703125
96.73321533203124,29.92326545715332,132.18829345703125,150.2591552734375,-154.0435028076172,985.4505004882812,120.65157318115234,-59.32833862304688,488.8771362304688,234.7080993652344,-341.7933654785156,908.5867919921876,-135.4268798828125,-289.1840209960937,161.90866088867188,-154.57159423828125,-136.65550231933594,991.4633178710938,-135.52166748046875,-270.1328430175781,526.1964721679688,-217.7559967041016,-138.69235229492188,846.3975830078125
96.25897216796876,39.64822769165039,132.41409301757812,149.99974060058594,-152.70083618164062,983.9664916992188,120.32109832763672,-53.93157196044922,488.2474060058594,232.0912628173828,-344.4935607910156,910.1029663085938,-135.81028747558594,-305.8544616699219,160.1190185546875,-154.87852478027344,-136.72840881347656,990.021484375,-135.43527221679688,-268.8435974121094,524.2997436523438,-217.43121337890625,-137.08860778808594,844.55810546875
95.80929565429688,49.29757690429688,132.70382690429688,149.68923950195312,-151.53944396972656,982.431640625,120.01998901367188,-48.77117156982422,487.6054992675781,229.40777587890625,-346.8026733398437,911.3002319335938,-136.14971923828125,-321.6963806152344,158.9313201904297,-155.22950744628906,-136.92044067382812,988.4910278320312,-135.4923553466797,-267.4588623046875,522.2586669921875,-217.11294555664065,-135.69386291503906,842.6461181640625
95.39868927001952,58.85941696166992,133.0712432861328,149.33004760742188,-150.5649871826172,980.8540649414062,119.75493621826172,-43.84881591796875,486.955810546875,226.6709899902344,-348.7177124023437,912.1653442382812,-136.4408416748047,-336.547607421875,158.2738494873047,-155.6245574951172,-137.24256896972656,986.8973999023438,-135.6739959716797,-266.0611267089844,520.1181030273438,-216.8122711181641,-134.5141143798828,840.6724243164062
95.03897857666016,68.32183837890625,133.53009033203125,148.923583984375,-149.782958984375,979.24267578125,119.52727508544922,-39.16873550415039,486.3033752441406,223.894287109375,-350.236328125,912.6876831054688,-136.67626953125,-350.253173828125,158.056640625,-156.06396484375,-137.70498657226562,985.267822265625,-135.95516967773438,-264.7326965332031,517.9249267578125,-216.5406188964844,-133.55543518066406,838.64990234375
94.73796844482422,77.67320251464844,134.09402465820312,148.4700927734375,-149.19906616210938,977.6078491210938,119.33199310302734,-34.73838424682617,485.6536254882813,221.09115600585935,-351.3568420410156,912.8590087890624,-136.8453826904297,-362.6700134277344,158.17662048339844,-156.5483856201172,-138.31661987304688,983.6309814453124,-136.306396484375,-263.55224609375,515.7274780273438,-216.30960083007807,-132.8239288330078,836.5940551757812
94.49856567382812,86.90229034423828,134.77662658691406,147.96859741210938,-148.81932067871094,975.9606323242188,119.15711212158205,-30.56909942626953,485.0121765136719,218.2751922607422,-352.0780944824219,912.674072265625,-136.9349822998047,-373.6725158691406,158.52386474609375,-157.07875061035156,-139.08457946777344,982.0162353515624,-136.69532775878906,-262.5908203125,513.5746459960938,-216.13079833984372,-132.32568359375,834.5225830078125
94.31874084472656,95.99835968017578,135.59164428710938,147.41693115234375,-148.65000915527344,974.3133544921876,118.9837646484375,-26.676755905151367,484.3844299316406,215.4601287841797,-352.3993530273437,912.130615234375,-136.93064880371094,-383.15814208984375,158.98883056640625,-157.6562957763672,-140.01364135742188,980.4531860351562,-137.08892822265625,-261.9084777832031,511.5143432617188,-216.0155792236328,-132.06668090820312,832.4554443359375
94.1921157836914,104.9510498046875,136.5529022216797,146.8119354248047,-148.69760131835938,972.6788330078124,118.78697204589844,-23.08238983154297,483.77532958984375,212.6598663330078,-352.3202819824219,911.2294311523438,-136.81875610351562,-391.05279541015625,159.46961975097656,-158.2824249267578,-141.10586547851562,978.9708862304688,-137.45574951171875,-261.5512390136719,509.592041015625,-215.9747772216797,-132.05262756347656,830.4146118164062
94.10904693603516,113.75,137.67457580566406,146.14955139160156,-148.9683380126953,971.07080078125,118.53744506835938,-19.812744140625,483.188720703125,209.88853454589844,-351.8409423828125,909.9747924804688,-136.5888214111328,-397.3156127929688,159.8787841796875,-158.958740234375,-142.36033630371094,977.5972900390624,-137.76856994628906,-261.5492858886719,507.8493347167969,-216.0185089111328,-132.2888946533203,828.4235229492188
94.0581283569336,122.38412475585938,138.97105407714844,145.4252166748047,-149.4676971435547,969.5035400390624,118.2042007446289,-16.900590896606445,482.6271057128906,207.1604156494141,-350.9617614746094,908.3743286132812,-136.23574829101562,-401.9425048828125,160.148681640625,-159.6868438720703,-143.77291870117188,976.3585815429688,-138.00698852539062,-261.9162292480469,506.3232727050781,-216.1559295654297,-132.78024291992188,826.5069580078125
94.02779388427734,130.840576171875,140.45706176757812,144.63421630859375,-150.19976806640625,967.991943359375,117.75797271728516,-14.384716033935549,482.0910949707031,204.4900665283203,-349.68365478515625,906.4391479492188,-135.76187133789062,-404.96728515625,160.23435974121094,-160.4684295654297,-145.3361053466797,975.2788696289062,-138.15980529785156,-262.64910888671875,505.04541015625,-216.39498901367188,-133.53082275390625,824.6906127929688
94.00789642333984,139.10345458984375,142.14756774902344,143.77220153808594,-151.1663055419922,966.5514526367188,117.17497253417967,-12.309491157531738,481.5789794921875,201.89210510253903,-348.00799560546875,904.183837890625,-135.1786346435547,-406.4609680175781,160.11380004882812,-161.30506896972656,-147.03897094726562,974.3792114257812,-138.22705078125,-263.7299499511719,504.0414123535156,-216.74224853515625,-134.54385375976562,823.0003051757812
93.99105072021484,147.15235900878906,144.057861328125,142.8354949951172,-152.36595153808594,965.1979370117188,116.44060516357422,-10.72390365600586,481.0866088867188,199.38128662109372,-345.93670654296875,901.6265258789062,-134.50741577148438,-406.52777099609375,159.78546142578125,-162.19818115234375,-148.8672637939453,973.6776123046876,-138.2212677001953,-265.1279602050781,503.3302917480469,-217.2027282714844,-135.82151794433594,821.4619750976562
93.97362518310548,154.96107482910156,146.20362854003906,141.8216094970703,-153.79344177246094,963.947265625,115.55276489257812,-9.68012523651123,480.6072387695313,196.97227478027344,-343.47247314453125,898.7890014648438,-133.77932739257812,-405.2984008789063,159.26416015625,-163.1487579345703,-150.80364990234375,973.1880493164062,-138.16781616210938,-266.80255126953125,502.923583984375,-217.77978515625,-137.36480712890625,820.1007080078125
93.9564437866211,162.4962615966797,148.6009521484375,140.72947692871094,-155.43898010253906,962.8148803710938,114.52409362792967,-9.231694221496582,480.131591796875,194.67955017089844,-340.6188049316406,895.6962890625,-133.03370666503906,-402.92083740234375,158.57675170898438,-164.15721130371094,-152.828125,972.920654296875,-138.1038818359375,-268.7064514160156,502.8238830566406,-218.47503662109372,-139.17333984375,818.9404907226562
93.94507598876952,169.7164306640625,151.26663208007812,139.55967712402344,-157.2877655029297,961.8153686523438,113.38294219970705,-9.431341171264648,479.6480712890625,192.51715087890625,-337.3802185058594,892.3767700195312,-132.31463623046875,-399.5495910644531,157.7577667236328,-165.22325134277344,-154.91864013671875,972.8806762695312,-138.07615661621094,-270.7879943847656,503.0229187011719,-219.28829956054688,-141.2451934814453,818.0037841796875
93.94966888427734,176.5708770751953,154.21829223632812,138.31454467773438,-159.31973266601562,960.961669921875,112.17266845703124,-10.328551292419434,479.1434326171875,190.4985198974609,-333.76251220703125,888.8618774414062,-131.6660919189453,-395.3347473144531,156.8450164794922,-166.345703125,-157.0517120361328,973.06884765625,-138.13693237304688,-272.9927062988281,503.4993591308594,-220.21766662597656,-143.57679748535156,817.3107299804688
93.98435974121094,182.9980926513672,157.473876953125,136.99819946289062,-161.50949096679688,960.2640991210938,110.94925689697266,-11.967066764831545,478.6032409667969,188.63626098632807,-329.7729797363281,885.1856079101562,-131.1261749267578,-390.4125671386719,155.87582397460938,-167.5223846435547,-159.2032012939453,973.4808959960938,-138.33892822265625,-275.2630615234375,504.2171020507813,-221.25950622558597,-146.16287231445312,816.8790283203125
94.0661849975586,188.9244079589844,161.05081176757812,135.6164093017578,-163.8265380859375,959.7301025390624,109.77730560302734,-14.382528305053713,478.0128784179688,186.9418182373047,-325.42059326171875,881.3843994140625,-130.72227478027344,-384.8987426757813,154.88458251953125,-168.75010681152344,-161.3489990234375,974.10791015625,-138.7292022705078,-277.537109375,505.1244812011719,-222.4085693359375,-148.9962615966797,816.7232666015625
94.21350860595705,194.2633056640625,164.9645233154297,134.17645263671875,-166.2357635498047,959.363525390625,108.72467041015624,-17.600440979003906,477.3584899902344,185.42526245117188,-320.7164306640625,877.4963989257812,-130.46791076660156,-378.884521484375,153.90145874023438,-170.0246124267578,-163.46556091308594,974.9364013671876,-139.34271240234375,-279.7461853027344,506.1557312011719,-223.65814208984372,-152.06797790527344,816.854736328125
94.4442367553711,198.91677856445312,169.22671508789062,132.68685913085938,-168.69815063476562,959.164306640625,107.85610961914062,-21.63462257385254,476.6281127929688,184.09507751464844,-315.673828125,873.5609741210938,-130.36172485351562,-372.4359436035156,152.9519500732422,-171.34060668945312,-165.53033447265625,975.9491577148438,-140.19680786132812,-281.8125305175781,507.2352600097656,-225.0001220703125,-155.3671417236328,817.281005859375
94.77379608154295,202.7783966064453,173.84336853027344,131.1571044921875,-171.1719207763672,959.128662109375,107.22675323486328,-26.486248016357425,475.8131713867188,182.9579162597656,-310.3085632324219,869.618408203125,-130.38882446289062,-365.5951843261719,152.0569305419922,-172.69183349609375,-167.52186584472656,977.1257934570312,-141.28759765625,-283.6481018066406,508.2846984863281,-226.42523193359372,-158.8809814453125,818.0057373046875
95.2132339477539,205.73809814453125,178.81214904785156,129.59735107421875,-173.61373901367188,959.249267578125,106.87622833251952,-32.143611907958984,474.9100036621094,182.0184783935547,-304.6390075683594,865.7089233398438,-130.5238800048828,-358.3846435546875,151.23281860351562,-174.07119750976562,-169.4197998046875,978.4439086914062,-142.58934020996094,-285.1553955078125,509.2312927246094,-227.92320251464844,-162.594970703125,819.0287475585938
95.76773071289062,207.68801879882807,184.11965942382807,128.01806640625,-175.98031616210938,959.5165405273438,106.82476043701172,-38.58259582519531,473.9217224121094,181.27932739257807,-298.68609619140625,861.8723754882812,-130.73562622070312,-350.8127746582031,150.49171447753906,-175.47093200683594,-171.20469665527344,979.8798828125,-144.0570831298828,-286.23052978515625,510.0162353515625,-229.48284912109372,-166.4928741455078,820.3456420898438
96.4355010986328,208.52932739257807,189.7386474609375,126.42970275878906,-178.2301483154297,959.9191284179688,107.07168579101562,-45.76768493652344,472.8600463867188,180.74090576171875,-292.4733581542969,858.1475830078125,-130.9916229248047,-342.88140869140625,149.8413543701172,-176.88279724121094,-172.85768127441406,981.4102172851562,-145.6322784423828,-286.76806640625,510.6009216308594,-231.0923614501953,-170.556884765625,821.9482421875
97.2071533203125,208.17953491210935,195.6260223388672,124.84233856201172,-180.32516479492188,960.44580078125,107.59680938720705,-53.65328979492188,471.7466125488281,180.4015045166016,-286.0267028808594,854.5718994140625,-131.26231384277344,-334.5926513671875,149.28509521484375,-178.2983856201172,-174.36013793945312,983.0118408203124,-147.24981689453125,-286.6671447753906,510.9703369140625,-232.7394561767578,-174.7678985595703,823.82470703125
98.06546783447266,206.57960510253903,201.7221527099609,123.2652816772461,-182.23245239257807,961.0862426757812,108.36382293701172,-62.1850471496582,470.6137390136719,180.25718688964844,-279.374267578125,851.1803588867188,-131.52401733398438,-325.9550476074219,148.82205200195312,-179.70945739746094,-175.69349670410156,984.6633911132812,-148.84585571289062,-285.8382568359375,511.1329345703125,-234.41148376464844,-179.1056365966797,825.9596557617188
98.98580932617188,203.70004272460935,207.9520568847656,121.7067642211914,-183.9254913330078,961.8319091796876,109.32508850097656,-71.30105590820312,469.5044860839844,180.30197143554688,-272.5461730957031,848.00537109375,-131.76051330566406,-316.9871520996094,148.4472198486328,-181.1083984375,-176.8390655517578,986.344970703125,-150.36509704589844,-284.2100830078125,511.1170349121094,-236.09573364257807,-183.54901123046875,828.3346557617188
99.93739318847656,199.545166015625,214.22836303710935,120.1735610961914,-185.3852081298828,962.6766967773438,110.42671966552734,-80.93305206298828,468.4713134765625,180.52780151367188,-265.5741271972656,845.0760498046875,-131.96353149414062,-307.71844482421875,148.15211486816406,-182.4886474609375,-177.77813720703125,988.0386352539062,-151.766845703125,-281.73614501953125,510.9644775390625,-237.77952575683597,-188.07638549804688,830.9287109375
100.88552856445312,194.1554107666016,220.4555206298828,118.6707763671875,-186.60040283203125,963.6171264648438,111.61305236816406,-91.00753784179688,467.5740051269531,180.92474365234372,-258.4910583496094,842.4175415039062,-132.13206481933594,-298.1874084472656,147.92562866210938,-183.84503173828125,-178.4922637939453,989.7283325195312,-153.02879333496094,-278.400146484375,510.7229309082031,-239.450439453125,-192.66586303710935,833.718505859375
101.79435729980467,187.6061553955078,226.5346527099609,117.2016372680664,-187.5678558349609,964.6517944335938,112.83019256591795,-101.44702911376952,466.8766784667969,181.48117065429688,-251.33071899414065,840.0508422851562,-132.27090454101562,-288.4385070800781,147.75515747070312,-185.17401123046875,-178.96372985839844,991.3993530273438,-154.14813232421875,-274.2193908691406,510.4380187988281,-241.0964508056641,-197.295654296875,836.6790161132812
102.6296615600586,180.00213623046875,232.367919921875,115.76749420166016,-188.2917938232422,965.78125,114.02872467041016,-112.1712875366211,466.4440307617188,182.18389892578125,-244.1272430419922,837.9922485351562,-132.3887176513672,-278.51873779296875,147.62767028808594,-186.47384643554688,-179.1761016845703,993.0386962890624,-155.13983154296875,-269.2447509765625,510.1471862792969,-242.7061309814453,-201.9443206787109,839.783935546875
103.3609848022461,171.46774291992188,237.8612518310547,114.36790466308594,-188.78306579589844,967.0068359375,115.16568756103516,-123.09867095947266,466.33740234375,183.0184631347656,-236.91458129882807,836.2528686523438,-132.49606323242188,-268.47412109375,147.53076171875,-187.7444610595703,-179.11497497558594,994.63427734375,-156.03244018554688,-263.5569152832031,509.8758850097656,-244.26870727539065,-206.59104919433597,843.006103515625
103.96306610107422,162.1351318359375,242.9252777099609,113.0009536743164,-189.05780029296875,968.330322265625,116.20573425292967,-134.14723205566406,466.6103820800781,183.9693298339844,-229.7259979248047,834.8387451171875,-132.6035919189453,-258.346435546875,147.45372009277344,-188.9871826171875,-178.768798828125,996.1751098632812,-156.86227416992188,-257.25927734375,509.6365356445313,-245.77426147460935,-211.21597290039065,846.3182983398438
104.41642761230467,152.1331787109375,247.47503662109372,111.66366577148438,-189.13597106933597,969.7525634765624,117.1217041015625,-145.23574829101562,467.304931640625,185.02020263671875,-222.59364318847656,833.7503051757812,-132.72052001953125,-248.1709442138672,147.3882293701172,-190.20420837402344,-178.12966918945312,997.651123046875,-157.66676330566406,-250.4681701660156,509.4299011230469,-247.21372985839844,-215.8002777099609,849.6934204101562
104.7071762084961,141.5784454345703,251.4300994873047,110.35256958007812,-189.03956604003903,971.272705078125,117.89432525634766,-156.2846221923828,468.44769287109375,186.1542053222656,-215.548095703125,832.982666015625,-132.85357666015625,-237.97537231445312,147.32882690429688,-191.3980255126953,-177.1941375732422,999.052978515625,-158.47824096679688,-243.3018341064453,509.2483215332031,-248.5790863037109,-220.3264617919922,853.1047973632812
104.82667541503906,130.56932067871094,254.71527099609372,109.06430053710938,-188.79104614257807,972.88720703125,118.51112365722656,-167.216796875,470.0474243164063,187.3542022705078,-208.6179656982422,832.5256958007812,-133.00636291503906,-227.7799072265625,147.27297973632812,-192.5707855224609,-175.9639434814453,1000.372314453125,-159.31890869140625,-235.87022399902344,509.0797119140625,-249.8632659912109,-224.7784423828125,856.527099609375
104.77149200439452,119.18267059326172,257.2623596191406,107.79621887207033,-188.41177368164065,974.5891723632812,118.96483612060548,-177.9586181640625,472.09368896484375,188.6029815673828,-201.82960510253903,832.3641357421875,-133.179443359375,-217.59732055664065,147.22061157226562,-193.72366333007807,-174.446533203125,1001.6013793945312,-160.19808959960938,-228.26698303222656,508.9120178222656,-251.0603179931641,-229.14163208007807,859.93603515625
104.54377746582033,107.47308349609376,259.0119323730469,106.54695129394533,-187.9208831787109,976.3675537109376,119.25142669677734,-188.4404144287109,474.5572814941406,189.8835906982422,-195.206787109375,832.4779663085938,-133.37083435058594,-207.4336853027344,147.17327880859375,-194.85646057128903,-172.65518188476562,1002.7333984375,-161.11187744140625,-220.5643615722656,508.7367858886719,-252.16531372070312,-233.40301513671875,863.3089599609375
104.15143585205078,95.47390747070312,259.91510009765625,105.31684112548828,-187.3346099853516,978.2069091796876,119.36835479736328,-198.5972900390625,477.3919372558594,191.17950439453125,-188.7705535888672,832.8429565429688,-133.57675170898438,-197.2897491455078,147.13323974609375,-195.9672393798828,-170.60894775390625,1003.7626342773438,-162.04510498046875,-212.8116607666016,508.5511779785156,-253.1744079589844,-237.5512237548828,866.6248779296875
103.60751342773438,83.19979095458984,259.9346008300781,104.10819244384766,-186.6659393310547,980.0875854492188,119.31317138671876,-208.36965942382807,480.5376281738281,192.4748687744141,-182.53903198242188,833.43115234375,-133.79270935058594,-187.1626434326172,147.10263061523438,-197.05224609375,-168.33204650878906,1004.68408203125,-162.97537231445312,-205.0366668701172,508.3587036132813,-254.0847320556641,-241.5764312744141,869.8646850585938
102.92877197265624,70.65008544921875,259.0456237792969,102.92540740966795,-185.92474365234372,981.9857177734376,119.08269500732422,-217.7040252685547,483.9246520996094,193.7546844482422,-176.52740478515625,834.2115478515625,-134.014404296875,-177.04762268066406,147.0828857421875,-198.1058349609375,-165.85317993164062,1005.494140625,-163.87802124023438,-197.2497100830078,508.1679992675781,-254.89437866210935,-245.4704132080078,873.0108032226562
102.13384246826172,57.812530517578125,257.2369384765625,101.77490234375,-185.11810302734372,983.874267578125,118.67282104492188,-226.55337524414065,487.4779968261719,195.0050048828125,-170.7479248046875,835.1507568359375,-134.2383575439453,-166.9396209716797,147.07440185546875,-199.1207275390625,-163.2045135498047,1006.1901245117188,-164.7308807373047,-189.44924926757807,507.9903564453125,-255.60232543945312,-249.2264404296875,876.047607421875
101.241943359375,44.66632461547852,254.5124969482422,100.66481018066406,-184.2507781982422,985.7235717773438,118.07897186279295,-234.87747192382807,491.1211242675781,196.21299743652344,-165.20993041992188,836.2136840820312,-134.46224975585938,-156.83425903320312,147.0765838623047,-200.0883026123047,-160.4205322265625,1006.7703857421876,-165.5178985595703,-181.62796020507807,507.8368835449219,-256.20831298828125,-252.8390350341797,878.9607543945312
100.27216339111328,31.184701919555664,250.8936309814453,99.60456848144533,-183.32565307617188,987.502685546875,117.29688262939452,-242.6427001953125,494.77935791015625,197.3671417236328,-159.92001342773438,837.3643798828125,-134.6847686767578,-146.7284393310547,147.0880126953125,-200.99913024902344,-157.5368194580078,1007.234375,-166.23065185546875,-173.77830505371094,507.7157287597656,-256.7128601074219,-256.3038024902344,881.7373657226562
99.24293518066406,17.336971282958984,246.4207763671875,98.60430908203124,-182.34410095214844,989.1806030273438,116.32378387451172,-249.82167053222656,498.38226318359375,198.457275390625,-154.8822021484375,838.5667724609375,-134.9052276611328,-136.6206817626953,147.1068115234375,-201.84344482421875,-154.5887451171875,1007.5823974609376,-166.86785888671875,-165.89659118652344,507.6304321289063,-257.1170959472656,-259.61724853515625,884.3657836914062
98.1715850830078,3.090150117874145,241.1543426513672,97.67430114746094,-181.3065185546875,990.7274169921876,115.1596221923828,-256.39276123046875,501.8650207519531,199.4747009277344,-150.09814453125,839.7853393554688,-135.123046875,-126.5109405517578,147.13096618652344,-202.61178588867188,-151.61041259765625,1007.8153076171876,-167.43341064453125,-157.98541259765625,507.5794677734375,-257.4227905273437,-262.7763671875,886.8350830078125
97.07406616210938,-11.58929443359375,235.1749420166016,96.82427978515624,-180.2126617431641,992.1152954101562,113.80840301513672,-262.3400573730469,505.1695861816406,200.4121856689453,-145.56736755371094,840.9859008789062,-135.33717346191406,-116.4001693725586,147.15867614746094,-203.29563903808597,-148.63385009765625,1007.9345092773438,-167.93392944335938,-150.0538787841797,507.5571594238281,-257.6321716308594,-265.77862548828125,889.1354370117188
95.96492004394533,-26.73320579528809,228.58236694335935,96.0628662109375,-179.06216430664062,993.3195190429688,112.2791976928711,-267.6532287597656,508.2450256347656,201.26400756835935,-141.28758239746094,842.1360473632812,-135.54583740234375,-106.28987884521484,147.1885986328125,-203.88803100585935,-145.6884002685547,1007.94140625,-168.3765106201172,-142.11685180664062,507.5550231933594,-257.7479553222656,-268.6217041015625,891.2572631835938
94.85755920410156,-42.36889266967773,221.49371337890625,95.39701080322266,-177.8550262451172,994.3187866210938,110.58685302734376,-272.32794189453125,511.04779052734375,202.0259246826172,-137.2549285888672,843.205810546875,-135.74636840820312,-96.18169403076172,147.2199249267578,-204.3839111328125,-142.80026245117188,1007.8373413085938,-168.7672882080078,-134.19314575195312,507.5631103515625,-257.7732238769531,-271.3032531738281,893.1917724609375
93.76476287841795,-58.51580810546875,214.0406036376953,94.83159637451172,-176.59205627441406,995.095947265625,108.75208282470705,-276.3662109375,513.5418701171875,202.6952209472656,-133.4642791748047,844.1680908203125,-135.93545532226562,-86.07710266113281,147.2524871826172,-204.78060913085935,-139.99208068847656,1007.62353515625,-169.11097717285156,-126.3035888671875,507.5712585449219,-257.7113647460937,-273.821044921875,894.9304809570312
92.69930267333984,-75.18213653564453,206.36550903320312,94.36913299560548,-175.27529907226562,995.6378784179688,106.80101776123048,-279.7767333984375,515.698974609375,203.27056884765625,-129.90957641601562,844.9988403320312,-136.1094207763672,-75.97726440429688,147.28671264648438,-205.07794189453125,-137.28250122070312,1007.3008422851562,-169.41128540039062,-118.46912384033205,507.5700073242188,-257.5660705566406,-276.17254638671875,896.4652099609375
91.67430877685548,-92.3615951538086,198.61741638183597,94.00965881347656,-173.9085693359375,995.9357299804688,104.76416778564452,-282.5753173828125,517.4984130859375,203.7520294189453,-126.5841064453125,845.6776123046875,-136.26470947265625,-65.88294219970703,147.3235321044922,-205.2783203125,-134.68601989746094,1006.8700561523438,-169.67169189453125,-110.70928955078124,507.551025390625,-257.34136962890625,-278.3551330566406,897.788330078125
90.70315551757812,-110.03072357177734,190.94705200195312,93.750732421875,-172.49761962890625,995.9849243164062,102.67505645751952,-284.784912109375,518.927734375,204.14096069335935,-123.480712890625,846.1875610351562,-136.39816284179688,-55.794525146484375,147.36434936523438,-205.38658142089844,-132.2129364013672,1006.3320922851562,-169.89622497558594,-103.041259765625,507.5076293945313,-257.04150390625,-280.3658447265625,898.8924560546875
89.7987060546875,-128.1466827392578,183.50173950195312,93.58756256103516,-171.05047607421875,995.7852172851562,100.5684051513672,-286.435546875,519.9826049804688,204.4399261474609,-120.59207916259766,846.5155639648438,-136.50743103027344,-45.71229553222656,147.41082763671875,-205.4098052978516,-129.86956787109375,1005.6881103515624,-170.09014892578125,-95.47947692871094,507.4347229003906,-256.67095947265625,-282.2013854980469,899.7709350585938
88.97225952148438,-146.6453399658203,176.4202423095703,93.51324462890624,-169.57740783691406,995.3404541015624,98.47833251953124,-287.56396484375,520.6673583984375,204.65261840820312,-117.9109115600586,846.65234375,-136.59117126464844,-35.63688278198242,147.46461486816406,-205.35699462890625,-127.65859985351562,1004.9397583007812,-170.2604217529297,-88.03570556640625,507.3287963867188,-256.2345275878906,-283.8582763671875,900.4176635742188
88.23216247558594,-165.4397430419922,169.8279266357422,93.5190887451172,-168.0908660888672,994.65869140625,96.43658447265624,-288.2131042480469,520.9947509765625,204.7837371826172,-115.43004608154295,846.5927124023438,-136.64923095703125,-25.56987953186035,147.5272979736328,-205.23863220214844,-125.5794448852539,1004.089599609375,-170.41555786132812,-80.71952819824219,507.1875305175781,-255.73719787597656,-285.33258056640625,900.8274536132812
87.58250427246094,-184.41917419433597,163.83229064941406,93.59500122070312,-166.60540771484375,993.7518920898438,94.47097778320312,-288.43115234375,520.9859008789062,204.8388671875,-113.14252471923828,846.3349609375,-136.68267822265625,-15.514396667480469,147.60025024414062,-205.06626892089844,-123.6288070678711,1003.1410522460938,-170.565185546875,-73.538818359375,507.0095520019531,-255.18423461914065,-286.62017822265625,900.9961547851562
87.02198791503906,-203.4492645263672,158.51882934570312,93.72991180419922,-165.13742065429688,992.6361083984376,92.60420989990234,-288.27117919921875,520.669189453125,204.824462890625,-111.04164123535156,845.8814086914062,-136.69383239746094,-5.475561141967773,147.6847381591797,-204.85198974609372,-121.80120849609376,1002.0986328125,-170.71900939941406,-66.50050354003906,506.79400634765625,-254.5811309814453,-287.7165832519531,900.9209594726562
86.54344177246094,-222.37332153320312,153.9476776123047,93.9122543334961,-163.70480346679688,991.3308715820312,90.85310363769533,-287.7901611328125,520.0791015625,204.74761962890625,-109.12092590332033,845.23779296875,-136.68609619140625,4.539124011993408,147.7822265625,-204.60791015625,-120.08956146240234,1000.9680786132812,-170.88560485839844,-59.61164474487305,506.5402526855469,-253.9335479736328,-288.6172180175781,900.6007080078125
86.134033203125,-241.01544189453125,150.1509246826172,94.13037872314452,-162.32669067382812,989.8593139648438,89.22807312011719,-287.0481872558594,519.2544555664062,204.6161651611328,-107.37420654296876,844.4130859375,-136.66383361816406,14.519500732421877,147.8948974609375,-204.3456268310547,-118.48590850830078,999.7565307617188,-171.07102966308594,-52.88071441650391,506.2476806640625,-253.2472686767578,-289.3172607421875,900.0358276367188
85.776123046875,-259.1849975585937,147.1310272216797,94.3730010986328,-161.02310180664062,988.2474365234376,87.73307800292969,-286.1069641113281,518.2364501953125,204.4384613037109,-105.795654296875,843.4195556640625,-136.6320343017578,24.45283317565918,148.02633666992188,-204.0757293701172,-116.9822235107422,998.4722900390624,-171.27774047851562,-46.31851577758789,505.9156494140625,-252.5281982421875,-289.8118896484375,899.2288208007812
85.44866943359375,-276.6825256347656,144.86094665527344,94.62960052490234,-159.8144989013672,986.5241088867188,86.36578369140625,-285.0280456542969,517.0667724609375,204.2234039306641,-104.37987518310548,842.2720336914062,-136.59552001953125,34.324562072753906,148.1824188232422,-203.80751037597656,-115.57137298583984,997.1249389648438,-171.50340270996094,-39.93852996826172,505.5439758300781,-251.7822113037109,-290.0963439941406,898.1844482421875
85.12903594970703,-293.3069152832031,143.28582763671875,94.8908233642578,-158.72142028808594,984.7200927734376,85.11822509765625,-283.8706359863281,515.7857666015625,203.9803466796875,-103.12199401855467,840.98779296875,-136.55828857421875,44.11939239501953,148.37196350097656,-203.5485076904297,-114.24805450439452,995.7254028320312,-171.74037170410156,-33.75676727294922,505.1334838867188,-251.0151824951172,-290.1659545898437,896.9096069335938
84.79457092285156,-308.8631286621094,142.32650756835938,95.14876556396484,-157.7639923095703,982.8678588867188,83.977783203125,-282.6895446777344,514.4308471679688,203.7190399169922,-102.0177764892578,839.5860595703125,-136.52317810058594,53.82234573364258,148.6067657470703,-203.3043975830078,-113.00965118408205,994.2852783203124,-171.9754638671875,-27.79128074645996,504.6871948242188,-250.2327880859375,-290.0164794921875,895.413818359375
84.42364501953125,-323.1692199707031,141.88429260253906,95.39730834960938,-156.96160888671875,981.0003662109376,82.9285659790039,-281.5334777832031,513.0355834960938,203.44955444335935,-101.0636978149414,838.0874633789062,-136.49180603027344,63.419559478759766,148.9012451171875,-203.07872009277344,-111.85694885253906,992.8173828125,-172.19015502929688,-22.061603546142575,504.2110900878906,-249.44058227539065,-289.64410400390625,893.708984375
83.996337890625,-336.06256103515625,141.84722900390625,95.63235473632812,-156.33245849609375,979.1507568359376,81.95299530029297,-280.443603515625,511.6294860839844,203.1821746826172,-100.25704956054688,836.5139770507812,-136.46487426757812,72.89871215820312,149.27169799804688,-202.87290954589844,-110.79464721679688,991.3347778320312,-172.3615264892578,-16.58818244934082,503.7151794433594,-248.64390563964844,-289.0456237792969,891.8095092773438
83.49518585205078,-347.4051818847656,142.0972137451172,95.8519515991211,-155.89305114746094,977.351318359375,81.03349304199219,-279.45281982421875,510.2377014160156,202.92730712890625,-99.59591674804688,834.88818359375,-136.44268798828125,82.24913787841797,149.73524475097656,-202.6862335205078,-109.83172607421876,989.8510131835938,-172.46348571777344,-11.391972541809082,503.2134704589844,-247.8478546142578,-288.2187194824219,889.732177734375
82.9059829711914,-357.0888977050781,142.5175323486328,96.05635833740234,-155.6577606201172,975.6326904296876,80.15408325195312,-278.5853881835937,508.8817443847656,202.69534301757807,-99.07926940917967,833.2328491210938,-136.42576599121094,91.46160888671876,150.30874633789062,-202.51593017578125,-108.98145294189452,988.3795776367188,-172.4686279296875,-6.494273662567139,502.7236633300781,-247.05723571777344,-287.1620178222656,887.4962158203125
82.21868896484375,-365.0397644042969,143.00033569335938,96.24801635742188,-155.6382598876953,974.0235595703124,79.3016586303711,-277.85699462890625,507.5800476074219,202.49644470214844,-98.70693969726562,831.5706176757812,-136.41554260253906,100.52796936035156,151.0078582763672,-202.3572540283203,-108.26107788085938,986.9334716796876,-172.35037231445312,-1.916834831237793,502.2657775878906,-246.27659606933597,-285.8752746582031,885.122802734375
81.42841339111328,-371.22161865234375,143.45310974121094,96.43140411376952,-155.8430938720703,972.5498657226562,78.46686553955078,-277.2756652832031,506.3486022949219,202.3404083251953,-98.47966766357422,829.9237670898438,-136.41513061523438,109.44063568115234,151.84629821777344,-202.20384216308597,-107.69112396240234,985.525146484375,-172.08551025390625,2.3177928924560547,501.8603515625,-245.51011657714844,-284.3594970703125,882.6351928710938
80.53655242919922,-375.6382751464844,143.80372619628906,96.61280059814452,-156.27723693847656,971.2343139648438,77.64470672607422,-276.8427734375,505.201416015625,202.2364654541016,-98.39906311035156,828.3135375976562,-136.4296417236328,118.19197845458984,152.83541870117188,-202.04786682128903,-107.29420471191406,984.1661376953124,-171.6568145751953,6.1855878829956055,501.52642822265625,-244.7616729736328,-282.6171875,880.0580444335938
79.55167388916016,-378.3344421386719,144.0032958984375,96.79994201660156,-156.9416961669922,970.0963745117188,76.83477020263672,-276.5545654296875,504.1512451171875,202.1930389404297,-98.46761322021484,826.7600708007812,-136.4663848876953,126.77345275878906,153.98426818847656,-201.8805389404297,-107.09339904785156,982.866943359375,-171.05545043945312,9.660113334655762,501.279296875,-244.03477478027344,-280.6522521972656,877.41748046875
78.4901351928711,-379.3946533203125,144.0266571044922,97.00151824951172,-157.8334197998047,969.1519775390624,76.0413818359375,-276.4039306640625,503.2095031738281,202.21763610839844,-98.68862915039062,825.2821655273438,-136.53480529785156,135.17449951171875,155.2999267578125,-201.69256591796875,-107.11041259765624,981.63720703125,-170.2827911376953,12.711556434631348,501.1287231445313,-243.33258056640625,-278.47027587890625,874.7404174804688
77.37609100341797,-378.9402465820313,143.8699188232422,97.22665405273438,-158.945068359375,968.4131469726562,75.27356719970703,-276.3814697265625,502.38665771484375,202.3166046142578,-99.06619262695312,823.8970947265625,-136.6458282470703,143.3811492919922,156.78819274902344,-201.4746856689453,-107.3636245727539,980.4854125976562,-169.3511505126953,15.30624294281006,501.07763671875,-242.6578369140625,-276.0784606933594,872.0542602539062
76.24066162109375,-377.12347412109375,143.5458526611328,97.4842758178711,-160.2652587890625,967.8886108398438,74.54484558105469,-276.4767150878906,501.69183349609375,202.4951019287109,-99.6051025390625,822.6202392578125,-136.81092834472656,151.37428283691406,158.45423889160156,-201.21815490722656,-107.86629486083984,979.4190673828124,-168.28346252441406,17.40689468383789,501.1212463378906,-242.01292419433597,-273.48565673828125,869.3865356445312
75.12017822265625,-374.118896484375,143.07769775390625,97.78246307373048,-161.7786407470703,967.5833740234376,73.87277221679688,-276.6786193847656,501.1325073242188,202.7568206787109,-100.31075286865234,821.4655151367188,-137.04083251953125,159.12786865234375,160.30311584472656,-200.9152374267578,-108.62488555908205,978.4443969726562,-167.11244201660156,18.973180770874023,501.2468566894531,-241.39984130859372,-270.7023010253906,866.7644653320312
74.05327606201172,-370.1121215820313,142.49319458007812,98.12784576416016,-163.4664306640625,967.4990844726562,73.27799224853516,-276.9757385253906,500.71380615234375,203.10401916503903,-101.18901824951172,820.44482421875,-137.34445190429688,166.60696411132812,162.34036254882812,-200.55963134765625,-109.6377410888672,977.5665893554688,-165.87942504882812,19.962364196777344,501.433837890625,-240.82015991210935,-267.740478515625,864.2144165039062
73.07736206054688,-365.2864685058594,141.82032775878906,98.52507781982422,-165.30679321289062,967.6342163085938,72.78305053710938,-277.35565185546875,500.4375,203.53733825683597,-102.24613189697266,819.5684814453125,-137.7281494140625,173.76614379882812,164.57275390625,-200.1468505859375,-110.89413452148438,976.7894287109376,-164.63284301757812,20.33012580871582,501.6537170410156,-240.27513122558597,-264.6136169433594,861.7613525390625
72.2245101928711,-359.80963134765625,141.08544921875,98.97647094726562,-167.27545166015625,967.9840698242188,72.41089630126953,-277.80328369140625,500.3009338378906,204.05584716796875,-103.4885025024414,818.8449096679688,-138.19515991210938,180.5482177734375,167.00909423828125,-199.6744079589844,-112.37388610839844,976.115234375,-163.42636108398438,20.031871795654297,501.8709106445313,-239.765625,-261.3365783691406,859.4288940429688
71.51764678955078,-353.82244873046875,140.31292724609375,99.48175811767578,-169.34628295898438,968.5409545898438,72.18286895751953,-278.2989196777344,500.29595947265625,204.6569976806641,-104.9225616455078,818.2808837890625,-138.7452850341797,186.8839569091797,169.66091918945312,-199.1420745849609,-114.04759979248048,975.5447998046876,-162.31629943847656,19.024620056152344,502.0439758300781,-239.29222106933597,-257.92535400390625,857.2384033203125
70.96764373779297,-347.4320983886719,139.52590942382812,100.03809356689452,-171.4918670654297,969.2941284179688,72.1164321899414,-278.8153686523437,500.4081726074219,205.3366241455078,-106.55458068847656,817.8814086914062,-139.37477111816406,192.69261169433597,172.54283142089844,-198.5518035888672,-115.87759399414062,975.0772094726562,-161.35877990722656,17.26948356628418,502.1274108886719,-238.85528564453125,-254.39691162109372,855.208984375
70.572265625,-340.7105712890625,138.7464599609375,100.64024353027344,-173.68399047851562,970.2301635742188,72.22281646728516,-279.3151550292969,500.61669921875,206.08905029296875,-108.3904800415039,817.6498413085938,-140.0765380859375,197.8836669921875,175.67230224609375,-197.9076690673828,-117.8193130493164,974.7098388671876,-160.60604858398438,14.734498977661133,502.0745849609375,-238.4550628662109,-250.7689971923828,853.3572387695312
70.31722259521484,-333.69775390625,137.9949188232422,101.28093719482422,-175.8941192626953,971.332763671875,72.50496673583984,-279.74822998046875,500.8949279785156,206.9071044921875,-110.43563079833984,817.5877075195312,-140.8406219482422,202.3599548339844,179.06886291503906,-197.2155914306641,-119.82312774658205,974.4386596679688,-160.1026611328125,11.397491455078123,501.8413696289063,-238.09176635742188,-247.0599365234375,851.6969604492188
70.1790771484375,-326.4075622558594,137.2888946533203,101.95135498046876,-178.09381103515625,972.5831909179688,72.95637512207031,-280.0509033203125,501.2121887207031,207.7823028564453,-112.6947021484375,817.6950073242188,-141.6546173095703,206.0216827392578,182.75228881835935,-196.48301696777344,-121.8363037109375,974.25830078125,-159.8817596435547,7.248525619506836,501.3905944824219,-237.76580810546875,-243.288330078125,850.2391357421875
70.1292495727539,-318.8361511230469,136.64224243164062,102.64173126220705,-180.2549743652344,973.9606323242188,73.56096649169922,-280.14654541015625,501.53607177734375,208.7049560546875,-115.17145538330078,817.969970703125,-142.5039825439453,208.77137756347656,186.7398834228516,-195.718505859375,-123.80506896972656,974.1626586914062,-159.96200561523438,2.291644096374512,500.6964111328125,-237.4778594970703,-239.47288513183597,848.9921264648438
70.13800811767578,-310.9706115722656,136.064208984375,103.34191131591795,-182.3502197265625,975.44287109375,74.2943115234375,-279.9484558105469,501.8349304199219,209.6644287109375,-117.86865997314452,818.4093017578125,-143.3726043701172,210.5191650390625,191.04312133789065,-194.93148803710935,-125.67684173583984,974.1456298828124,-160.34580993652344,-3.454301595687866,499.7483825683594,-237.2290496826172,-235.6321258544922,847.9614868164062
70.17781066894531,-302.7968139648437,135.55914306640625,104.04202270507812,-184.35305786132807,977.006591796875,75.12605285644531,-279.3645935058594,502.0805969238281,210.64930725097656,-120.78794860839844,819.008056640625,-144.24339294433594,211.18829345703125,195.6641998291016,-194.13189697265625,-127.40255737304688,974.2011108398438,-161.0189666748047,-9.95588493347168,498.5548400878906,-237.02101135253903,-231.7842712402344,847.150146484375
70.22575378417969,-294.3065795898437,135.12655639648438,104.73302459716795,-186.2382049560547,978.6282958984376,76.02316284179688,-278.3041076660156,502.2501220703125,211.6476593017578,-123.9297332763672,819.7603149414062,-145.0988311767578,210.720458984375,200.59280395507807,-193.32989501953125,-128.93885803222656,974.3242797851562,-161.9520263671875,-17.16652488708496,497.1448974609375,-236.85595703125,-227.9468994140625,846.5586547851562
70.2647705078125,-285.5024719238281,134.76170349121094,105.40727996826172,-187.98187255859372,980.2849731445312,76.95360565185547,-276.6845703125,502.3271484375,212.6473846435547,-127.2931900024414,820.6587524414062,-145.92152404785156,209.08108520507807,205.80406188964844,-192.5354766845703,-130.25001525878906,974.5114135742188,-163.10333251953125,-25.02890014648437,495.5688781738281,-236.7366485595703,-224.1367950439453,846.185302734375
70.28402709960938,-276.4003601074219,134.45652770996094,106.05896759033205,-189.56201171875,981.9545288085938,77.88972473144531,-274.4393920898437,502.3025512695313,213.63641357421875,-130.876220703125,821.6954345703125,-146.69439697265625,206.2636260986328,211.2582092285156,-191.75814819335935,-131.3094482421875,974.7606811523438,-164.4230194091797,-33.47771453857422,493.8970642089844,-236.66632080078125,-220.3695831298828,846.0262451171875
70.27848815917969,-267.02899169921875,134.20079040527344,106.68440246582033,-190.9586944580078,983.6162109375,78.81083679199219,-271.524169921875,502.1742248535156,214.60299682617188,-134.67547607421875,822.861572265625,-147.4011688232422,202.29193115234372,216.9019775390625,-191.00650024414065,-132.10073852539062,975.0722045898438,-165.8574981689453,-42.44229888916016,492.2162170410156,-236.6486053466797,-216.65953063964844,846.0755004882812
70.24806213378906,-257.4269714355469,133.9833221435547,107.28218841552734,-192.15444946289065,985.2512817382812,79.70455932617188,-267.92144775390625,501.9469299316406,215.53585815429688,-138.68626403808594,824.1482543945312,-148.02696228027344,197.21961975097656,222.67095947265625,-190.287841796875,-132.61802673339844,975.4483032226562,-167.3536376953125,-51.848777770996094,490.6245727539063,-236.68728637695312,-213.019287109375,846.3253173828125
70.19637298583984,-247.63812255859372,133.79327392578125,107.85308837890624,-193.1345672607422,986.8427124023438,80.56678009033203,-263.6423034667969,501.6313171386719,216.4243621826172,-142.9026336669922,825.5462646484375,-148.5594940185547,191.12631225585935,228.49220275878903,-189.6079864501953,-132.8658447265625,975.8931884765624,-168.86236572265625,-61.62162399291992,489.2250671386719,-236.78610229492188,-209.459716796875,846.7661743164062
70.12938690185547,-237.7074737548828,133.62103271484375,108.39981842041016,-193.88739013671875,988.3757934570312,81.40034484863281,-258.725341796875,501.2424621582031,217.25860595703125,-147.31727600097656,827.0465087890625,-148.990478515625,184.11070251464844,234.2860870361328,-188.97097778320312,-132.85829162597656,976.412841796875,-170.34117126464844,-71.6843490600586,488.1182556152344,-236.94847106933597,-205.9896697998047,847.3866577148438
70.0539779663086,-227.677978515625,133.45909118652344,108.92666625976562,-194.40463256835935,989.8375854492188,82.2127685546875,-253.23216247558597,500.7982482910156,218.0294342041016,-151.92156982421875,828.6400756835938,-149.31687927246094,176.2811737060547,239.9669647216797,-188.3791046142578,-132.61776733398438,977.0142211914062,-171.75540161132812,-81.95919799804688,487.3949890136719,-237.17721557617188,-202.61595153808597,848.1740112304688
69.97672271728516,-217.5878143310547,133.30242919921875,109.43896484375,-194.6814422607422,991.2169189453124,83.01313018798828,-247.2404327392578,500.31732177734375,218.72848510742188,-156.70562744140625,830.3186645507812,-149.54144287109375,167.74530029296875,245.4424743652344,-187.83297729492188,-132.17320251464844,977.7047729492188,-173.078369140625,-92.36631774902344,487.1300354003906,-237.47422790527344,-199.3432159423828,849.1137084960938
69.90286254882812,-207.4687957763672,133.14871215820312,109.94259643554688,-194.7165069580078,992.50439453125,83.80872344970703,-240.8355407714844,499.8172912597656,219.3481292724609,-161.6582794189453,832.0743408203125,-149.6726837158203,158.6004638671875,250.61257934570312,-187.331787109375,-131.55807495117188,978.4915771484376,-174.29122924804688,-102.82376861572266,487.37689208984375,-237.84030151367188,-196.1739959716797,850.189697265625
69.835693359375,-197.3452606201172,132.99819946289062,110.44335174560548,-194.5117645263672,993.691650390625,84.60186767578125,-234.1023712158203,499.3133850097656,219.88145446777344,-166.7671661376953,833.9000854492188,-149.7240447998047,148.92755126953125,255.37034606933597,-186.87353515625,-130.80828857421875,979.3799438476562,-175.38307189941406,-113.2489242553711,488.1638793945313,-238.2748260498047,-193.1087951660156,851.3845825195312
69.77617645263672,-187.2338409423828,132.85311889648438,110.9464111328125,-194.0721893310547,994.771484375,85.38772583007812,-227.11822509765625,498.8175964355469,220.32220458984372,-172.018798828125,835.7894287109375,-149.71279907226562,138.7883758544922,259.60546875,-186.45556640625,-129.96006774902344,980.3726196289062,-176.350341796875,-123.56072998046876,489.4920959472656,-238.7757110595703,-190.1461944580078,852.6793823242188
69.7230224609375,-177.14381408691406,132.71707153320312,111.45586395263672,-193.40533447265625,995.7377319335938,86.15370178222656,-219.9478759765625,498.3382568359375,220.66476440429688,-177.3986358642578,837.7366333007812,-149.658935546875,128.22621154785156,263.2099914550781,-186.0749969482422,-129.04806518554688,981.468994140625,-177.19580078125,-133.68223571777344,491.3355712890625,-239.3392791748047,-187.28306579589844,854.053955078125
69.67317199707031,-167.07821655273438,132.59425354003906,111.9743194580078,-192.52096557617188,996.5848999023438,86.88090515136719,-212.640869140625,497.88031005859375,220.9040679931641,-182.8912048339844,839.7366943359375,-149.58404541015625,117.26832580566406,266.08465576171875,-185.72906494140625,-128.10362243652344,982.6640014648438,-177.92648315429688,-143.54345703125,493.6433715820313,-239.9603271484375,-184.51483154296875,855.4866943359375
69.6224594116211,-157.0355682373047,132.4887237548828,112.5027313232422,-191.43072509765625,997.308349609375,87.54764556884766,-205.23068237304688,497.4456176757813,221.0355987548828,-188.4801177978516,841.784912109375,-149.51060485839844,105.92894744873048,268.14471435546875,-185.4155731201172,-127.15361785888672,983.9481201171876,-178.55136108398438,-153.08444213867188,496.3442687988281,-240.6320953369141,-181.83575439453125,856.9551391601562
69.56635284423828,-147.0119171142578,132.4040985107422,113.04033660888672,-190.14794921875,997.9044799804688,88.13436126708984,-197.7359619140625,497.0339050292969,221.05520629882807,-194.14830017089844,843.876953125,-149.46160888671875,94.21208953857422,269.3240661621094,-185.1330718994141,-126.21959686279295,985.3070678710938,-179.0790557861328,-162.25823974609375,499.3528137207031,-241.34657287597656,-179.23916625976562,858.4357299804688
69.50044250488281,-137.0023193359375,132.34320068359375,113.5846939086914,-188.68756103515625,998.37060546875,88.62822723388672,-190.1633758544922,496.6435546875,220.9591522216797,-199.87808227539065,846.0086059570312,-149.46038818359375,82.11385345458984,269.57769775390625,-184.88096618652344,-125.31751251220705,986.722412109375,-179.5157012939453,-171.03294372558594,502.5765075683594,-242.0946502685547,-176.7178497314453,859.904541015625
69.42084503173828,-127.00184631347656,132.3081512451172,114.13178253173828,-187.0658721923828,998.7051391601562,89.0256576538086,-182.51205444335935,496.27239990234375,220.7439727783203,-205.6512451171875,848.1754150390625,-149.53053283691406,69.62438201904297,268.88262939453125,-184.6595001220703,-124.4578094482422,988.1720581054688,-179.86354064941406,-179.391845703125,505.9230651855469,-242.86639404296875,-174.2642822265625,861.3369750976562
69.32445526123047,-117.00633239746094,132.30047607421875,114.67621612548828,-185.30035400390625,998.9077758789062,89.33148193359375,-174.77830505371094,495.91839599609375,220.4065093994141,-211.44924926757807,850.3724975585938,-149.69580078125,56.7293586730957,267.2376708984375,-184.46961975097656,-123.64594268798828,989.6311645507812,-180.1200408935547,-187.3311004638672,509.3068542480469,-243.65142822265625,-171.87091064453125,862.708740234375
69.20915985107422,-107.0127944946289,132.32144165039062,115.21142578125,-183.4090881347656,998.9794311523438,89.55557250976562,-166.9600372314453,495.5796203613281,219.94378662109372,-217.25328063964844,852.5943603515625,-149.97970581054688,43.4113883972168,264.6627502441406,-184.31283569335935,-122.88316345214844,991.073486328125,-180.27813720703125,-194.85543823242188,512.6533203125,-244.43927001953125,-169.53045654296875,863.9957885742188
69.07389068603516,-97.0198745727539,132.37229919433594,115.72998809814452,-181.4104766845703,998.9221801757812,89.708740234375,-159.05999755859375,495.2544860839844,219.3531494140625,-223.04440307617188,854.8348388671875,-150.4045867919922,29.65120887756348,261.19781494140625,-184.19091796875,-122.16748809814452,992.4722290039062,-180.32749938964844,-201.9729766845703,515.901123046875,-245.2196350097656,-167.236083984375,865.1749877929688
68.9187240600586,-87.02794647216797,132.4544219970703,116.22409057617188,-179.3227996826172,998.7394409179688,89.79963684082031,-151.08787536621094,494.9415588378906,218.63217163085935,-228.8035888671875,857.0868530273438,-150.99044799804688,15.429046630859377,256.9014892578125,-184.1057891845703,-121.49475860595705,993.8011474609376,-180.25657653808597,-208.69036865234372,519.0012817382812,-245.98287963867188,-164.98158264160156,866.2244262695312
68.7448501586914,-77.03900146484375,132.56935119628906,116.68588256835938,-177.16412353515625,998.4356689453124,89.83332061767578,-143.06149291992188,494.6396484375,217.7788848876953,-234.51190185546875,859.34228515625,-151.75341796875,0.7261850833892822,251.84982299804688,-184.05931091308597,-120.85977935791016,995.035400390625,-180.05516052246094,-215.0089263916016,521.9147338867188,-246.7202911376953,-162.7615966796875,867.1240234375
68.55448913574219,-67.0563735961914,132.71864318847656,117.10794067382812,-174.9520263671875,998.016357421875,89.81133270263672,-135.00665283203125,494.34759521484375,216.7917633056641,-240.15061950683597,861.5921020507812,-152.70413208007812,-14.472981452941896,246.134765625,-184.0531005859375,-120.25726318359376,996.1519775390624,-179.71633911132812,-220.92202758789065,524.6094970703125,-247.4243927001953,-160.57168579101562,867.8556518554688
68.35076141357422,-57.0842399597168,132.90354919433594,117.48355865478516,-172.70370483398438,997.4877319335938,89.7329330444336,-126.95598602294922,494.06439208984375,215.6698455810547,-245.7013092041016,863.826171875,-153.8461151123047,-30.178386688232425,239.8621368408203,-184.08848571777344,-119.68270874023438,997.1304931640624,-179.23779296875,-226.41395568847656,527.0574951171875,-248.0891876220703,-158.408447265625,868.4036254882812
68.13733673095703,-47.12721252441406,133.12464904785156,117.8070297241211,-170.43580627441406,996.8568115234376,89.59681701660156,-118.9465560913086,493.7892150878906,214.41294860839844,-251.14593505859372,866.0335083007812,-155.17442321777344,-46.39147186279297,233.1493988037109,-184.16632080078125,-119.13301849365234,997.9533081054688,-178.62252807617188,-231.4600830078125,529.2327270507812,-248.7103729248047,-156.2695770263672,868.7550048828125
67.91801452636719,-37.19025802612305,133.38168334960938,118.07380676269533,-168.16452026367188,996.131103515625,89.4029541015625,-111.01707458496094,493.52154541015625,213.02169799804688,-256.4670104980469,868.2021484375,-156.67446899414062,-63.10258865356445,226.12266540527344,-184.28697204589844,-118.60701751708984,998.605712890625,-177.87918090820312,-236.02816772460935,531.1101684570312,-249.2854156494141,-154.15391540527344,868.8998413085938
67.6965103149414,-27.278589248657227,133.673583984375,118.2806625366211,-165.905517578125,995.3184204101562,89.15414428710938,-103.20533752441406,493.26116943359375,211.49774169921875,-261.6475830078125,870.3191528320312,-158.32144165039062,-80.28910064697266,218.91346740722656,-184.45016479492188,-118.1057357788086,999.0761108398438,-177.0220947265625,-240.08106994628903,532.66552734375,-249.8135986328125,-152.06143188476562,868.8309936523438
67.47627258300781,-17.39741325378418,133.99868774414062,118.42562866210938,-163.67405700683594,994.4266967773438,88.85694122314453,-95.5457992553711,493.0079345703125,209.8438720703125,-266.6713562011719,872.3711547851562,-160.08018493652344,-97.91443634033205,211.6553497314453,-184.6550750732422,-117.632568359375,999.3560180664062,-176.0714874267578,-243.58030700683597,533.8756103515625,-250.29600524902344,-149.99330139160156,868.5445556640625
67.26038360595703,-7.551713466644287,134.3550262451172,118.50800323486328,-161.48489379882812,993.4636840820312,88.52191925048828,-88.06744384765625,492.7621154785156,208.06411743164065,-271.5227966308594,874.3439331054688,-161.90611267089844,-115.92828369140624,204.4806365966797,-184.90020751953125,-117.19332885742188,999.4403076171876,-175.053466796875,-246.49058532714844,534.7192993164062,-250.7354278564453,-147.95181274414062,868.0394897460938
67.0514144897461,2.253854274749756,134.740478515625,118.52820587158205,-159.35226440429688,992.436767578125,88.1630859375,-80.79248809814453,492.5241088867188,206.16380310058597,-276.1871337890625,876.2232666015625,-163.74697875976562,-134.2675323486328,197.5174102783203,-185.18353271484372,-116.7961883544922,999.326904296875,-173.99928283691406,-248.78384399414065,535.1791381835938,-251.1361846923828,-145.9404296875,867.317626953125
66.85137176513672,12.0148286819458,135.153076171875,118.48760986328124,-157.28982543945312,991.352294921875,87.7968521118164,-73.73627471923828,492.2944641113281,204.1496124267578,-280.6504821777344,877.9944458007812,-165.5457305908203,-152.8571319580078,190.8863220214844,-185.5024871826172,-116.45137786865234,999.0169677734376,-172.94366455078125,-250.4425201416016,535.2433471679688,-251.5039825439453,-143.96371459960938,866.383544921875
66.6616439819336,21.72672843933105,135.5914306640625,118.38837432861328,-155.31072998046875,990.2156982421876,87.44047546386719,-66.9083251953125,492.0732727050781,202.0294952392578,-284.8999328613281,879.6431884765625,-167.2439727783203,-171.60987854003906,184.69728088378903,-185.8541717529297,-116.1707992553711,998.5147705078124,-171.92266845703125,-251.46218872070312,534.90771484375,-251.8456573486328,-142.02731323242188,865.244140625
66.48297882080078,31.384899139404297,136.054931640625,118.23321533203124,-153.42774963378906,989.0310668945312,87.11040496826172,-60.31418991088867,491.8598327636719,199.81272888183597,-288.923583984375,881.1550903320312,-168.78565979003906,-190.42474365234372,179.0454559326172,-186.2354736328125,-115.96751403808594,997.8275146484376,-170.97142028808594,-251.85379028320312,534.1775512695312,-252.16900634765625,-140.137939453125,863.90869140625
66.31549835205078,40.98446273803711,136.5442657470703,118.025146484375,-151.6534881591797,987.8012084960938,86.8207015991211,-53.95757293701172,491.6520385742188,197.50973510742188,-292.7105712890625,882.5166015625,-170.12014770507812,-209.1846160888672,174.0074920654297,-186.643310546875,-115.85519409179688,996.9653930664062,-170.12196350097656,-251.6455841064453,533.06787109375,-252.4825134277344,-138.3032684326172,862.388427734375
66.15876007080078,50.520294189453125,137.0615997314453,117.76721954345705,-150.0006866455078,986.5277709960938,86.58169555664062,-47.842247009277344,491.4460144042969,195.1321258544922,-296.25103759765625,883.7147216796875,-171.20445251464844,-227.75474548339844,169.6379852294922,-187.07476806640625,-115.84764099121094,995.9412841796876,-169.40142822265625,-250.88461303710935,531.6036987304688,-252.79519653320312,-136.53195190429688,860.6964111328125
66.0119400024414,59.98690414428711,137.61093139648438,117.4623565673828,-148.4822998046875,985.2115478515624,86.3990478515625,-41.97357940673828,491.2359008789063,192.69248962402344,-299.5361328125,884.7376098632812,-172.00469970703125,-245.98272705078125,165.96678161621094,-187.5272979736328,-115.9582748413086,994.7706298828124,-168.830322265625,-249.63739013671875,529.8187255859375,-253.1163330078125,-134.83351135253906,858.84716796875
65.8741226196289,69.37825775146484,138.19818115234375,117.11328125,-147.1116485595703,983.8532104492188,86.27311706542969,-36.359493255615234,491.0138244628906,190.20440673828125,-302.5579528808594,885.5745849609375,-172.49700927734375,-263.70050048828125,162.99742126464844,-187.99891662597656,-116.19978332519533,993.4712524414062,-168.42115783691406,-247.9893951416016,527.7545776367188,-253.45530700683597,-133.21823120117188,856.8569946289062
65.74468231201172,78.68757629394531,138.83116149902344,116.72248840332033,-145.90245056152344,982.4537963867188,86.19869995117188,-31.010887145996094,490.770263671875,187.68228149414065,-305.309326171875,886.2167358398438,-172.66827392578125,-280.7284545898437,160.70681762695312,-188.4882354736328,-116.58377075195312,992.0632934570312,-168.17709350585938,-246.0434112548828,525.4589233398438,-253.8214263916016,-131.6971435546875,854.7433471679688
65.62342071533203,87.9072265625,139.51931762695312,116.29226684570312,-144.86854553222656,981.0153198242188,86.1648941040039,-25.941627502441406,490.4944458007813,185.14129638671875,-307.7839660644531,886.65673828125,-172.51693725585938,-296.8812255859375,159.04661560058594,-188.9944610595703,-117.12045288085938,990.56884765625,-168.09092712402344,-243.9163360595703,522.98486328125,-254.22373962402344,-130.2818603515625,852.5250244140625
65.50984954833984,97.02903747558594,140.2730712890625,115.82473754882812,-144.02357482910156,979.5414428710938,86.15531158447266,-21.16834831237793,490.1751403808594,182.59727478027344,-309.9760437011719,886.8895263671875,-172.05357360839844,-311.9753112792969,157.94590759277344,-189.51742553710935,-117.81842041015624,989.0119018554688,-168.1443328857422,-241.73440551757807,520.3897094726562,-254.6708984375,-128.98452758789062,850.22216796875
65.40235900878906,106.04473114013672,141.1034698486328,115.3218994140625,-143.38038635253906,978.03759765625,86.14844512939453,-16.71018409729004,489.8016052246094,180.06661987304688,-311.8802490234375,886.9122314453125,-171.3006591796875,-325.83709716796875,157.3159637451172,-190.05740356445312,-118.68433380126952,987.4181518554688,-168.30819702148438,-239.6273193359375,517.7346801757812,-255.17095947265625,-127.8176040649414,847.856201171875
65.29766845703125,114.94605255126952,142.02212524414062,114.78572845458984,-142.95028686523438,976.5114135742188,86.11849212646484,-12.588555335998535,489.364501953125,177.56619262695312,-313.4916381835937,886.7245483398438,-170.29039001464844,-338.3100280761719,157.05648803710938,-190.61502075195312,-119.72271728515624,985.8147583007812,-168.54425048828125,-237.7214813232422,515.0831909179688,-255.7312469482422,-126.79381561279295,845.4495239257812
65.19072723388672,123.72445678710938,143.04136657714844,114.21827697753906,-142.74234008789062,974.9728393554688,86.03660583496094,-8.827109336853027,488.8569030761719,175.11322021484375,-314.8054504394531,886.3286743164062,-169.0616455078125,-349.26055908203125,157.06285095214844,-191.19097900390625,-120.9356918334961,984.2301025390624,-168.80833435058594,-236.1328582763672,512.4994506835938,-256.3581848144531,-125.92596435546876,843.0260009765625
65.07496643066406,132.37042236328125,144.17449951171875,113.62175750732422,-142.7626190185547,973.4341430664062,85.87261199951172,-5.451861381530762,488.27490234375,172.72511291503906,-315.81719970703125,885.7294921875,-167.65701293945312,-358.584228515625,157.23316955566406,-191.78591918945312,-122.32272338867188,982.6935424804688,-169.05494689941406,-234.9603271484375,510.0462341308594,-257.0571594238281,-125.22682189941406,840.6103515625
64.94288635253906,140.87240600585938,145.43618774414062,112.99855041503906,-143.01385498046875,971.9092407226562,85.59732055664062,-2.491496562957764,487.6180114746094,170.4193115234375,-316.5224914550781,884.9346313476562,-166.120849609375,-366.211181640625,157.4741668701172,-192.40023803710935,-123.88047790527344,981.2348022460938,-169.24246215820312,-234.28012084960935,507.7830505371094,-257.8323059082031,-124.7089385986328,838.228271484375
64.78678894042969,149.21548461914062,146.8427276611328,112.3510513305664,-143.49517822265625,970.4136962890624,85.18521881103516,0.0222880858927965,486.8890380859375,168.21316528320312,-316.9170837402344,883.9541625976562,-164.49826049804688,-372.1109619140625,157.70529174804688,-193.03396606445312,-125.60254669189452,979.8838500976562,-169.33810424804688,-234.1420135498047,505.7640686035156,-258.6864318847656,-124.38449096679688,835.90625
64.59976959228516,157.37997436523438,148.41238403320312,111.68157958984376,-144.20193481445312,968.9639892578124,84.61739349365234,2.0545430183410645,486.09381103515625,166.12362670898438,-316.9970092773437,882.8006591796875,-162.83499145507812,-376.2951354980469,157.861328125,-193.6867218017578,-127.47935485839844,978.6700439453124,-169.32212829589844,-234.5673065185547,504.0362854003906,-259.6206970214844,-124.26512145996094,833.6712036132812
64.37663269042969,165.3401336669922,150.16558837890625,110.9921417236328,-145.1257781982422,967.5770263671876,83.8844985961914,3.5670738220214844,485.24029541015625,164.1670379638672,-316.7584533691406,881.4889526367188,-161.1778106689453,-378.8174133300781,157.8936309814453,-194.35765075683597,-129.49803161621094,977.62158203125,-169.19052124023438,-235.54888916015625,502.6377258300781,-260.6346740722656,-124.36175537109376,831.5503540039062
64.11486053466797,173.06289672851562,152.12501525878906,110.28434753417967,-146.25454711914062,966.27001953125,82.98925018310547,4.518744468688965,484.3378601074219,162.35888671875,-316.19805908203125,880.0358276367188,-159.57437133789062,-379.7705993652344,157.77056884765625,-195.04563903808597,-131.64239501953125,976.7645874023438,-168.95608520507812,-237.05294799804688,501.5960998535156,-261.72607421875,-124.68441009521484,829.5704345703125
63.81544876098633,180.5067443847656,154.3154754638672,109.55936431884766,-147.57228088378906,965.0596313476562,81.94831848144531,4.866133689880371,483.3960876464844,160.71351623535156,-315.3129272460937,878.4598999023438,-158.07249450683594,-379.2808532714844,157.47731018066406,-195.74925231933597,-133.8930206298828,976.1220092773438,-168.64784240722656,-239.0223693847656,500.9275817871094,-262.8907470703125,-125.24207305908205,827.7578735351562
63.48356246948242,187.62098693847656,156.76345825195312,108.81803131103516,-149.05908203125,963.96142578125,80.79317474365234,4.564629554748535,482.4241027832031,159.2438201904297,-314.10089111328125,876.7809448242188,-156.71820068359375,-377.4981384277344,157.01522827148438,-196.46701049804688,-136.2275848388672,975.7130737304688,-168.30856323242188,-241.3811187744141,500.6358642578125,-264.1227722167969,-126.04247283935548,826.1376342773438
63.12882995605469,194.3451690673828,159.49630737304688,108.0610122680664,-150.6909637451172,962.9895629882812,79.56969451904297,3.570042610168457,481.4297180175781,157.96102905273438,-312.5606689453125,875.0198974609375,-155.55267333984375,-374.5845336914063,156.4000244140625,-197.19744873046875,-138.621337890625,975.5517578125,-167.99073791503906,-244.0393829345703,500.7112731933594,-265.4144287109375,-127.09203338623048,824.7330322265625
62.76520538330078,200.60890197753903,162.5408935546875,107.28898620605467,-152.43972778320312,962.1560668945312,78.33627319335938,1.8408024311065676,480.4187316894531,156.87442016601562,-310.6920471191406,873.1982421875,-154.60862731933594,-370.7014770507813,155.657958984375,-197.939208984375,-141.04782104492188,975.6460571289062,-167.75132751464844,-246.89825439453125,501.1296691894531,-266.7562866210937,-128.39569091796875,823.5651245117188
62.41041946411133,206.3318023681641,165.92161560058594,106.50279998779295,-154.2732391357422,961.470458984375,77.160400390625,-0.6593087315559387,479.3946533203125,155.99119567871094,-308.4961853027344,871.3375854492188,-153.90647888183594,-365.9987182617188,154.8216552734375,-198.69113159179688,-143.4798126220703,975.99755859375,-167.64585876464844,-249.85366821289065,501.8514099121094,-268.1376037597656,-129.95680236816406,822.652099609375
62.0850830078125,211.4241180419922,169.6580352783203,105.7034912109375,-156.1558837890625,960.939208984375,76.11387634277344,-3.9580390453338623,478.3582153320313,155.31634521484375,-305.9757080078125,869.45947265625,-153.45191955566406,-360.6064453125,153.9261474609375,-199.4522705078125,-145.89024353027344,976.6007690429688,-167.72268676757812,-252.7989501953125,502.8207702636719,-269.5462951660156,-131.7770538330078,822.0089111328125
61.81132125854492,215.78880310058597,173.7624969482422,104.89234924316406,-158.0493621826172,960.5658569335938,75.26677703857422,-8.07149887084961,477.307861328125,154.85250854492188,-303.13494873046875,867.584716796875,-153.23504638671875,-354.6313781738281,153.00595092773438,-200.22174072265625,-148.2532196044922,977.443115234375,-168.01751708984375,-255.6261444091797,503.9668273925781,-270.9694519042969,-133.85633850097656,821.6466064453125
61.61104583740234,219.3256378173828,178.23794555664062,104.07090759277344,-159.9137725830078,960.3506469726562,74.68087768554688,-13.001437187194824,476.2403259277344,154.60008239746094,-299.9800720214844,865.7332153320312,-153.23179626464844,-348.1561279296875,152.0927734375,-200.9986572265625,-150.54466247558594,978.505615234375,-168.54905700683594,-258.2265625,505.2072143554688,-272.3934020996094,-136.1927032470703,821.5723266601562
61.503868103027344,221.9364776611328,183.0758514404297,103.24105834960938,-161.70877075195312,960.2909545898438,74.40332794189453,-18.73356056213379,475.15240478515625,154.55714416503906,-296.5190734863281,863.9237670898438,-153.40725708007812,-341.2411804199219,151.2137908935547,-201.78192138671875,-152.74278259277344,979.7635498046876,-169.31625366210938,-260.4911193847656,506.4546813964844,-273.8041687011719,-138.7822265625,821.7890014648438
61.50504302978516,223.5308990478516,188.2543487548828,102.4051284790039,-163.39515686035156,960.3818359375,74.46190643310547,-25.23733711242676,474.0432739257813,154.71971130371094,-292.7618103027344,862.173583984375,-153.72021484375,-333.9286499023437,150.3907470703125,-202.570068359375,-154.8280792236328,981.18798828125,-170.2979736328125,-262.3116760253906,507.62591552734375,-275.187744140625,-141.61903381347656,822.295166015625
61.62356185913086,224.0317840576172,193.73684692382807,101.56594848632812,-164.93650817871094,960.6166381835938,74.86273956298828,-32.46708297729492,472.91741943359375,155.08180236816406,-288.7198486328125,860.498291015625,-154.12750244140625,-326.2471618652344,149.63951110839844,-203.3612060546875,-156.7830352783203,982.7468872070312,-171.4552001953125,-263.583251953125,508.65032958984375,-276.5303039550781,-144.69525146484375,823.0853881835938
61.86069869995117,223.3804626464844,199.47157287597656,100.72672271728516,-166.30093383789062,960.98779296875,75.59077453613281,-40.36415100097656,471.7876586914063,155.63571166992188,-284.40631103515625,858.9118041992188,-154.5879669189453,-318.2171936035156,148.97024536132812,-204.15293884277344,-158.5915985107422,984.4072265625,-172.73573303222656,-264.2080383300781,509.4772033691406,-277.8185119628906,-148.0010528564453,824.1502075195312
62.20902633666992,221.5409393310547,205.3925323486328,99.89085388183594,-167.46261596679688,961.487548828125,76.6126480102539,-48.85990524291992,470.6768798828125,156.37220764160156,-279.8356628417969,857.4263916015625,-155.06546020507812,-309.8559875488281,148.38790893554688,-204.9424591064453,-160.23870849609375,986.1361083984376,-174.0802001953125,-264.10009765625,510.0798950195313,-279.0396728515625,-151.52468872070312,825.4765625
62.652339935302734,218.50267028808597,211.4219665527344,99.06169891357422,-168.4030303955078,962.1083984375,77.881103515625,-57.87915802001953,469.6187133789063,157.2808074951172,-275.0233459472656,856.0524291992188,-155.53077697753906,-301.1820373535156,147.89285278320312,-205.7266845703125,-161.7097625732422,987.90234375,-175.4287567138672,-263.1905517578125,510.4564514160156,-280.18194580078125,-155.2526092529297,827.0484619140625
63.16670989990234,214.2822113037109,217.4734649658203,98.24227905273438,-169.11178588867188,962.8438720703124,79.33999633789062,-67.34358215332031,468.6569519042969,158.3499298095703,-269.98565673828125,854.7986450195312,-155.96255493164062,-292.2186584472656,147.4815216064453,-206.5025634765625,-162.9903564453125,989.677001953125,-176.7274169921875,-261.4327392578125,510.626708984375,-281.2343444824219,-159.16961669921875,828.8472900390625
63.72283935546875,208.9234161376953,223.45558166503903,97.43504333496094,-169.58677673339844,963.6887817382812,80.92910766601562,-77.17487335205078,467.84320068359375,159.56715393066406,-264.7393798828125,853.6720581054688,-156.3470458984375,-282.9957275390625,147.14712524414062,-207.2672882080078,-164.0662841796875,991.4343872070312,-177.93348693847656,-258.8069152832031,510.6265563964844,-282.1869812011719,-163.2590789794922,830.8524169921875
64.28934478759766,202.49496459960935,229.27536010742188,96.6417465209961,-169.833984375,964.6394653320312,82.58856964111328,-87.29744720458984,467.23388671875,160.91932678222656,-259.3016052246094,852.677734375,-156.67718505859375,-273.5488586425781,146.88079833984375,-208.0184631347656,-164.9237823486328,993.1519775390624,-179.0191192626953,-255.32359313964844,510.5001831054688,-283.0310363769531,-167.50311279296875,833.0419921875
64.83641052246094,195.08514404296875,234.84088134765625,95.86334991455078,-169.8665771484375,965.6934204101562,84.26260375976562,-97.64035034179688,466.8864135742188,162.3927001953125,-253.6894989013672,851.8190307617188,-156.95114135742188,-263.9172668457031,146.67257690429688,-208.75436401367188,-165.55003356933594,994.810546875,-179.9724578857422,-251.0247039794922,510.2921142578125,-283.7587585449219,-171.8828887939453,835.3929443359375
65.3391342163086,186.79397583007807,240.0628204345703,95.1001205444336,-169.70379638671875,966.84912109375,85.90251922607422,-108.1382293701172,466.8549499511719,163.97305297851562,-247.92025756835935,851.09716796875,-157.17100524902344,-254.1407012939453,146.51258850097656,-209.473876953125,-165.9337158203125,996.39404296875,-180.7962188720703,-245.98147583007807,510.0409240722656,-284.3635559082031,-176.37889099121094,837.8821411132812
65.77969360351562,177.72471618652344,244.8545837402344,94.35177612304688,-169.36940002441406,968.1050415039062,87.46868133544922,-118.73108673095705,467.1864318847656,165.64576721191406,-242.01097106933597,850.5115356445312,-157.3412322998047,-244.25721740722656,146.39190673828125,-210.17642211914065,-166.0657958984375,997.88916015625,-181.50428771972656,-240.2891082763672,509.7750854492188,-284.8399658203125,-180.9711761474609,840.4863891601562
66.14791107177734,167.9758758544922,249.13250732421875,93.61775970458984,-168.88992309570312,969.4593505859376,88.93132019042969,-129.36314392089844,467.9168701171875,167.3959197998047,-235.97848510742188,850.059326171875,-157.46754455566406,-234.3008728027344,146.30335998535156,-210.8617706298828,-165.94024658203125,999.2854614257812,-182.11697387695312,-234.0586853027344,509.5120849609375,-285.1835632324219,-185.6396942138672,843.1828002929688
66.44088745117188,157.63523864746094,252.81689453125,92.89753723144533,-168.29299926757812,970.9085693359376,90.2700653076172,-139.9811553955078,469.0685424804688,169.20831298828125,-229.8395233154297,849.7357177734375,-157.5557861328125,-224.300537109375,146.2418212890625,-211.5297698974609,-165.5546417236328,1000.57470703125,-182.65609741210935,-227.4076232910156,509.2594604492188,-285.3910522460937,-190.36459350585935,845.949462890625
66.66232299804688,146.77647399902344,255.8341522216797,92.19097137451172,-167.60560607910156,972.4468383789062,91.4724578857422,-150.5326385498047,470.6481628417969,171.06747436523438,-223.6106109619141,849.5335083007812,-157.61114501953125,-214.2788848876953,146.2041473388672,-212.1799468994141,-164.9107666015625,1001.7508544921876,-183.1408233642578,-220.4501953125,509.0177001953125,-285.4600830078125,-195.1263427734375,848.7652587890625
66.82196044921875,135.4580078125,258.1190185546875,91.49864959716795,-166.8526153564453,974.0653686523438,92.5318832397461,-160.96463012695312,472.6465148925781,172.95785522460938,-217.3080902099609,849.4434814453125,-157.63775634765625,-204.25225830078125,146.1887664794922,-212.8112945556641,-164.01499938964844,1002.809814453125,-183.58450317382807,-213.2894744873047,508.7834777832031,-285.38922119140625,-199.90606689453125,851.610107421875
66.9356460571289,123.72332763671876,259.616455078125,90.82213592529295,-166.0556182861328,975.7518920898438,93.4453353881836,-171.22299194335938,475.03912353515625,174.86378479003906,-210.9481964111328,849.4541015625,-157.63851928710938,-194.23110961914065,146.19522094726562,-213.42198181152344,-162.87826538085938,1003.7493286132812,-183.99327087402344,-206.01145935058597,508.5527648925781,-285.17791748046875,-204.6856384277344,854.465087890625
67.02556610107422,111.60198211669922,260.28326416015625,90.16413879394533,-165.23202514648438,977.49072265625,94.21147918701172,-181.25262451171875,477.7881774902344,176.7696533203125,-204.54705810546875,849.5518798828125,-157.615478515625,-184.22100830078125,146.2234649658203,-214.00912475585935,-161.5159912109375,1004.5685424804688,-184.3662109375,-198.6814727783203,508.3230590820313,-284.8263244628906,-209.44776916503903,857.3124389648438
67.1194839477539,99.11096954345705,260.0887756347656,89.5284652709961,-164.394775390625,979.2626953125,94.82913208007812,-190.9983062744141,480.8451843261719,178.66009521484375,-198.1207427978516,849.7216186523438,-157.57032775878906,-174.223876953125,146.27334594726562,-214.5687561035156,-159.947509765625,1005.2680053710938,-184.69711303710935,-191.3429412841797,508.0948791503906,-284.33526611328125,-214.1761474609375,860.1355590820312
67.24868774414062,86.25621032714844,259.0157165527344,88.91993713378906,-163.55210876464844,981.0457153320312,95.29642486572266,-200.4060821533203,484.1541748046875,180.52012634277344,-191.68516540527344,849.9463500976562,-157.5050506591797,-164.23915100097656,146.34393310546875,-215.0958251953125,-158.19549560546875,1005.8492431640624,-184.9773101806641,-184.01852416992188,507.8717041015625,-283.7060546875,-218.85540771484372,862.9186401367188
67.44552612304688,73.03343200683594,257.0613708496094,88.3441390991211,-162.70782470703125,982.8152465820312,95.61058807373048,-209.42465209960935,487.6545715332031,182.33541870117188,-185.25621032714844,850.2079467773438,-157.42247009277344,-154.26490783691406,146.43328857421875,-215.58436584472656,-156.28514099121094,1006.3147583007812,-185.1990509033203,-176.71339416503906,507.6593627929688,-282.9405212402344,-223.4711456298828,865.6470336914062
67.74118041992188,59.42887878417969,254.23846435546875,87.80712890625,-161.86192321777344,984.5452880859376,95.76844787597656,-218.00672912597656,491.2839660644531,184.0925750732422,-178.84950256347656,850.4874267578125,-157.32656860351562,-144.29869079589844,146.53831481933594,-216.0277099609375,-154.2433319091797,1006.6677856445312,-185.35833740234372,-169.42007446289062,507.4644470214844,-282.04083251953125,-228.00991821289065,868.3067626953125
68.16354370117188,45.42058944702149,250.5759429931641,87.31509399414062,-161.0115509033203,986.2089233398438,95.7673110961914,-226.10971069335935,494.9798583984375,185.7792816162109,-172.48045349121094,850.7653198242188,-157.2222900390625,-134.33819580078125,146.65499877929688,-216.4187469482422,-152.09771728515625,1006.911865234375,-185.45654296875,-162.1239013671875,507.2925109863281,-281.00946044921875,-232.4591522216797,870.8845825195312
68.73530578613281,30.980365753173828,246.1197052001953,86.87411499023438,-160.15231323242188,987.7791137695312,95.60610961914062,-233.69625854492188,498.6806640625,187.38465881347656,-166.1641387939453,851.0220947265625,-157.11512756347656,-124.38155364990234,146.7788543701172,-216.750244140625,-149.8756866455078,1007.0506591796876,-185.5003967285156,-154.8082733154297,507.1466979980469,-279.849365234375,-236.80718994140625,873.3677978515625
69.47230529785156,16.076801300048828,240.9330596923828,86.48988342285156,-159.27935791015625,989.2295532226562,95.28673553466795,-240.73431396484372,502.3264770507813,188.8994598388672,-159.91519165039062,851.2387084960938,-157.01043701171875,-114.42705535888672,146.90533447265625,-217.0153350830078,-147.6035614013672,1007.0880126953124,-185.50071716308597,-147.4584503173828,507.0271911621094,-278.5638427734375,-241.0431365966797,875.7439575195312
70.38249206542969,0.6791812181472778,235.09671020507807,86.16752624511719,-158.3882598876953,990.5350341796876,94.81513214111328,-247.19712829589844,505.8590698242188,190.31622314453125,-153.7477569580078,851.3967895507812,-156.91294860839844,-104.47305297851562,147.0303192138672,-217.2078399658203,-145.30587768554688,1007.0271606445312,-185.47036743164065,-140.06385803222656,506.9316711425781,-277.1567077636719,-245.1568298339844,878.0011596679688
71.46562957763672,-15.238080024719238,228.70782470703125,85.9114761352539,-157.47569274902344,991.6725463867188,94.20213317871094,-253.0630798339844,509.2223205566406,191.62942504882807,-147.67543029785156,851.4791870117188,-156.8264617919922,-94.51776123046876,147.1503448486328,-217.32260131835935,-143.00515747070312,1006.87109375,-185.4223175048828,-132.61911010742188,506.8561401367188,-275.6324462890625,-249.1386566162109,880.1273803710938
72.71357727050781,-31.690940856933597,221.8782958984375,85.72531127929688,-156.54006958007812,992.62158203125,93.46385192871094,-258.3156433105469,512.3626098632812,192.83551025390625,-141.71119689941406,851.47021484375,-156.75376892089844,-84.55933380126953,147.26280212402344,-217.35589599609372,-140.72164916992188,1006.6219482421876,-185.367919921875,-125.12385559082033,506.7960205078125,-273.99609375,-252.97959899902344,882.111083984375
74.11107635498047,-48.681827545166016,214.73194885253903,85.61166381835938,-155.58175659179688,993.3646850585938,92.62151336669922,-262.9437561035156,515.2297973632812,193.9329833984375,-135.867431640625,851.3560180664062,-156.69677734375,-74.595947265625,147.36605834960938,-217.30552673339844,-138.47349548339844,1006.2811889648438,-185.31610107421875,-117.58252716064452,506.7468872070313,-272.25347900390625,-256.6712341308594,883.940673828125
75.63714599609375,-66.19685363769531,207.40090942382807,85.57211303710938,-154.6033172607422,993.8880004882812,91.70087432861328,-266.9422607421875,517.778076171875,194.9222717285156,-130.1558074951172,851.1245727539062,-156.65663146972656,-64.6259765625,147.4594268798828,-217.1709442138672,-136.276611328125,1005.849609375,-185.2731170654297,-110.00376892089844,506.70513916015625,-270.4112243652344,-260.2056579589844,885.6049194335938
77.26704406738281,-84.2044677734375,200.02134704589844,85.60716247558594,-153.60948181152344,994.1815185546876,90.7312240600586,-270.3128356933594,519.967529296875,195.80560302734372,-124.5874481201172,850.7662963867188,-156.63385009765625,-54.6481819152832,147.5430908203125,-216.9532470703125,-134.14474487304688,1005.3272705078124,-185.2430725097656,-102.39997863769533,506.6680908203125,-268.47674560546875,-263.5756225585937,887.0928955078125
78.97442626953125,-102.65528106689452,192.72886657714844,85.71622467041016,-152.60708618164062,994.2393798828124,89.7439956665039,-273.0648803710937,521.7655639648438,196.5869140625,-119.17286682128906,850.273681640625,-156.6283721923828,-44.66196823120117,147.61807250976562,-216.65501403808597,-132.08929443359375,1004.7137451171876,-185.2285614013672,-94.78707885742188,506.6336975097656,-266.458251953125,-266.7743835449219,888.394287109375
80.73281860351562,-121.48213958740234,185.65386962890625,85.89766693115234,-151.6049041748047,994.0599365234376,88.77125549316406,-275.21636962890625,523.1483764648438,197.2716064453125,-113.92205810546876,849.6417236328125,-156.6396026611328,-34.667747497558594,147.68617248535156,-216.2800750732422,-130.11936950683594,1004.0084838867188,-185.2315368652344,-87.1843490600586,506.5999755859375,-264.3647155761719,-269.7958679199219,889.499267578125
82.51634979248047,-140.6000518798828,178.91734313964844,86.14884948730469,-150.61349487304688,993.64599609375,87.84405517578125,-276.79443359375,524.102294921875,197.8663330078125,-108.84454345703124,848.8677978515625,-156.66629028320312,-24.66728973388672,147.75003051757812,-215.8332672119141,-128.24200439453125,1003.2112426757812,-185.25379943847656,-79.61455535888672,506.5644226074219,-262.2059631347656,-272.63446044921875,890.3989868164062
84.2999038696289,-159.9058074951172,172.6272735595703,86.46627044677734,-149.64501953125,993.0044555664062,86.99087524414062,-277.8356628417969,524.6248779296875,198.37876892089844,-103.9494400024414,847.9518432617188,-156.7064666748047,-14.664111137390137,147.81309509277344,-215.3201141357422,-126.46253204345705,1002.322021484375,-185.29689025878903,-72.1039810180664,506.5234680175781,-259.9923400878906,-275.2850646972656,891.085693359375
86.05906677246094,-179.27806091308594,166.8751983642578,86.84571075439453,-148.71295166015625,992.1465454101562,86.23623657226562,-278.3858947753906,524.72509765625,198.8174591064453,-99.24557495117188,846.8960571289062,-156.7572784423828,-4.6638922691345215,147.87966918945312,-214.74661254882807,-124.78509521484376,1001.3417358398438,-185.36160278320312,-64.6823501586914,506.4721374511719,-257.7348327636719,-277.7431030273437,891.552978515625
87.76982879638672,-198.5778961181641,161.7330780029297,87.28244018554688,-147.83189392089844,991.08740234375,85.59941864013672,-278.4996643066406,524.423583984375,199.1915740966797,-94.7416000366211,845.705078125,-156.81492614746094,5.325144290924072,147.95494079589844,-214.11886596679688,-123.21307373046876,1000.2721557617188,-185.4468536376953,-57.38249969482422,506.4042053222656,-255.4449615478516,-280.0042724609375,891.7959594726562
89.40836334228516,-217.6501922607422,157.25018310546875,87.77146911621094,-147.0172882080078,989.8458251953124,85.09337615966797,-278.23895263671875,523.751220703125,199.5108337402344,-90.44611358642578,844.3858642578125,-156.8748016357422,15.292095184326172,148.0450439453125,-213.44287109375,-121.74954986572266,999.116455078125,-185.54869079589844,-50.2401008605957,506.3124084472656,-253.134521484375,-282.0647888183594,891.8115844726562
90.9504852294922,-236.3256683349609,153.4505157470703,88.30778503417969,-146.2851104736328,988.4440307617188,84.72390747070312,-277.6711120605469,522.7481079101562,199.78530883789065,-86.36779022216797,842.9474487304688,-156.93186950683594,25.223522186279297,148.15728759765625,-212.7242126464844,-120.3976593017578,997.8789672851562,-185.6593170166016,-43.29324722290039,506.1888732910156,-250.81565856933597,-283.92095947265625,891.598876953125
92.3707275390625,-254.4229431152344,150.3314971923828,88.88665771484375,-145.6516571044922,986.9072265625,84.4889907836914,-276.8665771484375,521.4613037109375,200.02532958984372,-82.51544189453125,841.4009399414062,-156.98123168945312,35.103790283203125,148.30029296875,-211.9679412841797,-119.16095733642578,996.5656127929688,-185.76670837402344,-36.58162307739258,506.0257568359375,-248.50064086914065,-285.56951904296875,891.1591186523438
93.6421890258789,-271.7513122558594,147.8643035888672,89.5038833618164,-145.1331329345703,985.2631225585938,84.37873840332031,-275.8959350585937,519.9423217773438,200.24136352539065,-78.8980941772461,839.759521484375,-157.01901245117188,44.915489196777344,148.4842529296875,-211.1783447265625,-118.04354858398438,995.1839599609376,-185.8546295166016,-30.14516258239746,505.81634521484375,-246.2017517089844,-287.0072021484375,890.49609375
94.73780059814452,-288.1153259277344,145.9963836669922,90.15596771240234,-144.74534606933594,983.5413818359376,84.3758544921875,-274.82696533203125,518.2445678710938,200.44395446777344,-75.52507781982422,838.0381469726562,-157.04296875,54.640018463134766,148.72134399414062,-210.3589324951172,-117.0501708984375,993.7431030273438,-185.90301513671875,-24.02259826660156,505.55609130859375,-243.93121337890625,-288.2309875488281,889.615966796875
95.63256072998048,-303.3214111328125,144.65579223632812,90.84032440185548,-144.5032196044922,981.7731323242188,84.45697784423828,-273.7220764160156,516.4210815429688,200.64356994628903,-72.4061050415039,836.2532958984375,-157.05258178710938,64.25862121582031,149.02587890625,-209.51243591308597,-116.18628692626952,992.25390625,-185.888916015625,-18.24999618530273,505.2437744140625,-241.70098876953125,-289.238037109375,888.5276489257812
96.30612182617188,-317.18585205078125,143.75669860839844,91.55534362792967,-144.4204559326172,979.9904174804688,84.5947494506836,-272.6361999511719,514.5221557617188,200.8505706787109,-69.55133056640625,834.4231567382812,-157.04876708984375,73.7535400390625,149.4142303466797,-208.640869140625,-115.45813751220705,990.7286987304688,-185.78744506835935,-12.859533309936523,504.88226318359375,-239.52268981933597,-290.02557373046875,887.24267578125
96.7449722290039,-329.5433044433594,143.2056121826172,92.3004379272461,-144.50901794433594,978.2254638671876,84.760498046875,-271.6156616210937,512.5938110351562,201.07513427734372,-66.9713363647461,832.5670776367188,-157.0336456298828,83.10881805419922,149.90415954589844,-207.7456817626953,-114.87279510498048,989.1812744140624,-185.57318115234372,-7.878721237182617,504.4791259765625,-237.40744018554688,-290.59100341796875,885.7750244140625
96.9441146850586,-340.255126953125,142.90756225585938,93.07600402832033,-144.77879333496094,976.5103149414062,84.92729187011719,-270.6975402832031,510.6773376464844,201.3271484375,-64.67713928222656,830.7052612304688,-157.01031494140625,92.3107452392578,150.5140380859375,-206.8278350830078,-114.43807983398438,987.6264038085938,-185.2215118408203,-3.330146551132202,504.0462341308594,-235.36573791503903,-290.93194580078125,884.1412353515625
96.90821838378906,-349.21661376953125,142.77210998535156,93.88329315185548,-145.23715209960938,974.8758544921876,85.07286834716797,-269.9100646972656,508.8092041015625,201.61622619628903,-62.68011474609375,828.8587646484375,-156.98272705078125,101.3478546142578,151.26187133789062,-205.8879852294922,-114.16236877441406,986.07958984375,-184.7102508544922,0.7681760191917419,503.5990295410156,-233.4073638916016,-291.0462951660156,882.360107421875
96.65239715576172,-356.3631896972656,142.71859741210938,94.7242660522461,-145.88861083984375,973.3515625,85.18212127685547,-269.2733154296875,507.0216064453125,201.95155334472656,-60.99186706542969,827.0488891601562,-156.95526123046875,110.21035766601562,152.1643829345703,-204.9265289306641,-114.05426788330078,984.5564575195312,-184.02114868164065,4.401829719543457,503.1548156738281,-231.5412139892578,-290.9323425292969,880.4523315429688
96.2023696899414,-361.6741638183594,142.68014526367188,95.60137939453124,-146.7344970703125,971.96484375,85.24872589111328,-268.80035400390625,505.3433532714844,202.3419342041016,-59.624141693115234,825.2970581054688,-156.9324493408203,118.88919067382812,153.2364501953125,-203.9436798095703,-114.12208557128906,983.0724487304688,-183.14132690429688,7.55844259262085,502.73095703125,-229.7752227783203,-290.5887451171875,878.4403686523438
95.59384155273438,-365.1746520996094,142.6060028076172,96.5173797607422,-147.7725830078125,970.7406616210938,85.27595520019531,-268.4983825683594,503.80072021484375,202.7956085205078,-58.58861923217773,823.6243896484375,-156.91848754882812,127.37454986572266,154.4907684326172,-202.9393768310547,-114.37322235107422,981.6422119140624,-182.06455993652344,10.225682258605955,502.3424682617188,-228.11622619628903,-290.01483154296875,876.347900390625
94.87110900878906,-366.9347229003906,142.46200561523438,97.47504425048828,-148.99697875976562,969.7008666992188,85.27648162841797,-268.3700561523437,502.4179382324219,203.3203125,-57.89670944213867,822.0512084960938,-156.9169921875,135.654052734375,155.93801879882812,-201.91331481933597,-114.81340026855467,980.279296875,-180.7923583984375,12.389058113098145,501.9998474121094,-226.5698699951172,-289.2105712890625,874.19970703125
94.08453369140624,-367.0656433105469,142.22901916503906,98.47697448730467,-150.39793395996094,968.8641967773438,85.27143096923828,-268.4145812988281,501.21728515625,203.923095703125,-57.55932235717773,820.5971069335938,-156.9306182861328,143.7107696533203,157.58737182617188,-200.8649139404297,-115.4458236694336,978.9957885742188,-179.3346710205078,14.029890060424805,501.7076110839844,-225.1405487060547,-288.1766662597656,872.0208740234375
93.28711700439452,-365.7132263183594,141.90005493164062,99.5253448486328,-151.96185302734375,968.2456665039062,85.288818359375,-268.6285095214844,500.2189025878906,204.61029052734372,-57.58656311035156,819.2803344726562,-156.96080017089844,151.521240234375,159.44732666015625,-199.79331970214844,-116.27033233642578,977.8020629882812,-177.71034240722656,15.123769760131836,501.4629821777344,-223.8313140869141,-286.914794921875,869.8368530273438
92.5303955078125,-363.0484924316406,141.4766387939453,100.6216812133789,-153.67147827148438,967.8563232421876,85.36151885986328,-269.005859375,499.4398498535156,205.38739013671875,-57.9874153137207,818.11767578125,-157.0077362060547,159.05377197265625,161.5266571044922,-198.6974334716797,-117.2825698852539,976.7066650390624,-175.9471893310547,15.639885902404783,501.2558288574219,-222.6438751220703,-285.42755126953125,867.6724243164062
91.86003875732422,-359.2558898925781,140.96627807617188,101.7666473388672,-155.50625610351562,967.702880859375,85.52488708496094,-269.5372314453125,498.8924255371094,206.25889587402344,-58.76941680908203,817.1241455078125,-157.07058715820312,166.26695251464844,163.83554077148438,-197.5760498046875,-118.4732894897461,975.7163696289062,-174.08151245117188,15.541465759277344,501.0690612792969,-221.5785369873047,-283.7185974121094,865.5518188476562
91.31175994873048,-354.52020263671875,140.38070678710938,102.95989227294922,-157.4427490234375,967.7874755859376,85.81423950195312,-270.2078857421875,498.5821838378906,207.228271484375,-59.93839263916016,816.3129272460938,-157.1477508544922,173.10842895507812,166.38613891601562,-196.427978515625,-119.82785034179688,974.8359375,-172.15725708007812,14.787483215332031,500.8796997070313,-220.6342315673828,-281.7926940917969,863.4981689453125
90.90840911865234,-349.013916015625,139.73519897460938,104.19985961914062,-159.45535278320312,968.1073608398438,86.26204681396484,-270.9949035644531,498.5054321289063,208.2978057861328,-61.49825286865234,815.6950073242188,-157.23695373535156,179.51394653320312,169.19277954101562,-195.2522430419922,-121.32608795166016,974.068359375,-170.22439575195312,13.335636138916016,500.6603393554688,-219.8085784912109,-279.65576171875,861.532958984375
90.65875244140624,-342.887451171875,139.04800415039062,105.48377990722656,-161.5169219970703,968.655029296875,86.89498138427734,-271.864013671875,498.6475524902344,209.46853637695312,-63.45087814331055,815.2789916992188,-157.33482360839844,185.4073486328125,172.27171325683594,-194.04840087890625,-122.94249725341795,973.414794921875,-168.3367462158203,11.146391868591309,500.38092041015625,-219.0979766845703,-277.3148803710937,859.6758422851562
90.55789184570312,-336.2632141113281,138.33926391601562,106.8075942993164,-163.5995330810547,969.4182739257812,87.7309799194336,-272.76617431640625,498.9815673828125,210.74020385742188,-65.7960205078125,815.0712280273438,-157.43626403808594,190.7015686035156,175.6403045654297,-192.81674194335935,-124.64688110351562,972.8746948242188,-166.54901123046875,8.18757152557373,500.0103149414063,-218.49766540527344,-274.77838134765625,857.9445190429688
90.5889892578125,-329.2336730957031,137.62945556640625,108.16604614257812,-165.67515563964844,970.38037109375,88.77654266357422,-273.6351318359375,499.4686584472656,212.11117553710935,-68.53115844726562,815.0755004882812,-157.53387451171875,195.3006591796875,179.31590270996094,-191.55853271484372,-126.40511322021484,972.4461669921876,-164.91307067871094,4.438727855682373,499.5187377929688,-218.0019378662109,-272.0556335449219,856.354248046875
90.7260971069336,-321.8631896972656,136.93797302246094,109.55277252197266,-167.71617126464844,971.520751953125,90.02486419677734,-274.3868713378906,500.0597229003906,213.5783843994141,-71.65145111083984,815.2930297851562,-157.61758422851562,199.10324096679688,183.31407165527344,-190.2762908935547,-128.18008422851562,972.1260375976562,-163.4737548828125,-0.1053950488567352,498.8798522949219,-217.6043243408203,-269.1571350097656,854.9179077148438
90.937744140625,-314.1918640136719,136.28182983398438,110.9605484008789,-169.69577026367188,972.8159790039062,91.45502471923828,-274.9213256835937,500.6987915039063,215.13739013671875,-75.1496353149414,815.7227783203125,-157.6744842529297,202.00711059570312,187.6461944580078,-188.973876953125,-129.93280029296875,971.9105224609376,-162.26449584960938,-5.432858943939209,498.0739135742188,-217.2978057861328,-266.09442138671875,853.6459350585938
91.19068908691406,-306.2414245605469,135.67477416992188,112.38152313232422,-171.58824157714844,974.2402954101562,93.03257751464844,-275.1269836425781,501.32763671875,216.78228759765625,-79.01602935791016,816.3612060546875,-157.68930053710938,203.91505432128903,192.3163604736328,-187.6565093994141,-131.62355041503906,971.7955932617188,-161.30368041992188,-11.514192581176758,497.0908203125,-217.07505798339844,-262.8798828125,852.5460815429688
91.4534149169922,-298.0218200683594,135.12669372558594,113.80755615234376,-173.3690643310547,975.76708984375,94.71163940429688,-274.8879089355469,501.89111328125,218.50575256347656,-83.23859405517578,817.202880859375,-157.64508056640625,204.74159240722656,197.31814575195312,-186.3306427001953,-133.21337890625,971.77734375,-160.59225463867188,-18.303691864013672,495.9336853027344,-216.9286651611328,-259.5266418457031,851.6239013671875
91.69882202148438,-289.5379638671875,134.6434326171875,115.23057556152344,-175.0150604248047,977.3696899414062,96.43865966796876,-274.0923767089844,502.3424072265625,220.29910278320312,-87.80306243896484,818.2405395507812,-157.52439880371094,204.4198760986328,202.63157653808597,-185.00364685058597,-134.66558837890625,971.8526000976562,-160.11326599121094,-25.74211311340332,494.6220397949219,-216.85137939453125,-256.0483093261719,850.8824462890625
91.906005859375,-280.7956237792969,134.22682189941406,116.64293670654295,-176.50436401367188,979.022705078125,98.15754699707033,-272.6419372558594,502.6471557617188,222.15235900878903,-92.6930923461914,819.465576171875,-157.31036376953125,202.9080810546875,208.22120666503903,-183.6836395263672,-135.94728088378906,972.01904296875,-159.83358764648438,-33.76033020019531,493.1937255859375,-216.8362579345703,-252.4589385986328,850.3228149414062
92.0611801147461,-271.8056640625,133.8750457763672,118.0377197265625,-177.816650390625,980.7025146484376,99.81558227539062,-270.4599914550781,502.7860107421875,224.05435180664065,-97.89057159423828,820.8681030273438,-156.98776245117188,200.1942596435547,214.03561401367188,-182.3790435791016,-137.03099060058594,972.27587890625,-159.7076873779297,-42.28341293334961,491.70550537109375,-216.876953125,-248.77261352539065,849.9439697265625
92.15775299072266,-262.5862121582031,133.5831298828125,119.40901184082033,-178.9333038330078,982.3880615234376,101.36924743652344,-267.49859619140625,502.755126953125,225.99282836914065,-103.3758316040039,822.437744140625,-156.544189453125,196.2987823486328,220.0084991455078,-181.09820556640625,-137.8957977294922,972.6234130859376,-159.68284606933594,-51.23456954956055,490.2306213378906,-216.96771240234372,-245.0034027099609,849.7432250976562
92.19577026367188,-253.1622467041016,133.3438720703125,120.75200653076172,-179.8377685546875,984.0607299804688,102.78897094726562,-263.7431030273437,502.5650024414063,227.9546813964844,-109.12796783447266,824.1636352539062,-155.9712677001953,191.2741241455078,226.0613250732422,-179.84890747070312,-138.52845764160156,973.0636596679688,-159.70504760742188,-60.53843688964844,488.8545837402344,-217.1035614013672,-241.16514587402344,849.716064453125
92.180908203125,-243.5636749267578,133.148681640625,122.06314849853516,-180.51596069335935,985.7047729492188,104.06217956542967,-259.2134704589844,502.2379150390625,229.9260711669922,-115.12511444091795,826.0347290039062,-155.2661590576172,185.2010803222656,232.10650634765625,-178.63790893554688,-138.92379760742188,973.5996704101562,-159.72434997558594,-70.12347412109375,487.6685180664063,-217.28021240234372,-237.27122497558597,849.8565673828125
92.12310791015624,-233.82296752929688,132.9886474609375,123.3400650024414,-180.9567108154297,987.3065795898438,105.19402313232422,-253.9617919921875,501.8043518066406,231.8927001953125,-121.34469604492188,828.0403442382812,-154.4325408935547,178.18142700195312,238.05018615722656,-177.4705810546875,-139.0847930908203,974.2357177734376,-159.69952392578125,-79.92318725585938,486.7618713378906,-217.49411010742188,-233.3345184326172,850.1570434570312
92.03504943847656,-223.9727325439453,132.8553009033203,124.58153533935548,-181.1521148681641,988.8543701171876,106.20540618896484,-248.06651306152344,501.2987365722656,233.83999633789065,-127.763671875,830.1699829101562,-153.48106384277344,170.3279266357422,243.7936248779297,-176.3506317138672,-139.0220184326172,974.9762573242188,-159.60107421875,-89.87619018554688,486.21490478515625,-217.7422332763672,-229.3672332763672,850.6083374023438
91.93054962158205,-214.0433807373047,132.74156188964844,125.78730010986328,-181.09786987304688,990.3378295898438,107.12816619873048,-241.62399291992188,500.7554626464844,235.75331115722656,-134.3587188720703,832.4138793945312,-152.42892456054688,161.7530059814453,249.2333068847656,-175.27999877929688,-138.7526092529297,975.82568359375,-159.41246032714844,-99.92510986328124,486.0922546386719,-218.0219573974609,-225.38088989257807,851.1995849609375
91.82289123535156,-204.0614471435547,132.64224243164062,126.9578857421875,-180.79330444335935,991.7476196289062,107.99815368652344,-234.739013671875,500.2054138183594,237.6180725097656,-141.10638427734375,834.7625122070312,-151.29885864257812,152.55841064453125,254.260498046875,-174.25892639160156,-138.29872131347656,976.7869873046876,-159.12945556640625,-110.01468658447266,486.4381103515625,-218.3308868408203,-221.38619995117188,851.9180908203125
91.72317504882812,-194.0485382080078,132.5542755126953,128.09434509277344,-180.24131774902344,993.0748901367188,108.84729766845705,-227.5155334472656,499.673583984375,239.41989135742188,-147.9832000732422,837.2070922851562,-150.1174774169922,142.82774353027344,258.7624816894531,-173.28619384765625,-137.68592834472656,977.8612670898438,-158.7578125,-120.08997344970705,487.2732849121094,-218.66661071777344,-217.39306640625,852.7496337890625
91.63895416259766,-184.0210876464844,132.47650146484375,129.1980438232422,-179.44815063476562,994.3110961914062,109.69644165039062,-220.0489196777344,499.17767333984375,241.14476013183597,-154.96580505371094,839.7393188476562,-148.9139862060547,132.62295532226562,262.6264953613281,-172.3595428466797,-136.9413299560547,979.0465087890624,-158.3100128173828,-130.0949249267578,488.5946960449219,-219.02659606933597,-213.41061401367188,853.6780395507812
91.57357788085938,-173.990478515625,132.409423828125,130.27032470703125,-178.4230194091797,995.4479370117188,110.55049896240234,-212.4203643798828,498.7278442382813,242.7790069580078,-162.03102111816406,842.3512573242188,-147.71881103515625,121.98416900634766,265.7455444335937,-171.47601318359375,-136.09181213378906,980.3372192382812,-157.80181884765625,-139.97169494628906,490.3763122558594,-219.40802001953125,-209.44711303710935,854.6853637695312
91.52618408203124,-163.96360778808594,132.35467529296875,131.31224060058594,-177.1776123046875,996.4771728515624,111.397216796875,-204.69363403320312,498.32720947265625,244.3094940185547,-169.1559295654297,845.0350952148438,-146.5622100830078,110.93211364746094,268.02569580078125,-170.6324920654297,-135.16258239746094,981.7235717773438,-157.24830627441406,-149.66085815429688,492.5724487304688,-219.8077392578125,-205.51014709472656,855.7523193359375
91.4924087524414,-153.94366455078125,132.31434631347656,132.32432556152344,-175.72573852539062,997.390625,112.21018981933594,-196.91378784179688,497.972900390625,245.7236328125,-176.31797790527344,847.7833862304688,-145.4727783203125,99.47222137451172,269.3923645019531,-169.82611083984375,-134.1758575439453,983.19140625,-156.66065979003906,-159.10293579101562,495.1221923828125,-220.22235107421875,-201.6065673828125,856.8580322265625
91.46548461914062,-143.93116760253906,132.2904510498047,133.30638122558594,-174.08285522460938,998.1808471679688,112.95550537109376,-189.1075134277344,497.65765380859375,247.0094757080078,-183.49490356445312,850.5883178710938,-144.47601318359375,87.59900665283203,269.79547119140625,-169.0545654296875,-133.15013122558594,984.722412109375,-156.0437469482422,-168.24098205566406,497.9547424316406,-220.648193359375,-197.7426300048828,857.9805908203125
91.43746948242188,-133.9251251220703,132.28448486328125,134.25733947753906,-172.26585388183594,998.8407592773438,113.59998321533205,-181.28549194335935,497.3715515136719,248.1558380126953,-190.66485595703125,853.4420166015625,-143.59310913085938,75.30032348632812,269.21209716796875,-168.3165283203125,-132.09986877441406,986.2943725585938,-155.39483642578125,-177.0235595703125,500.99517822265625,-221.08155822753903,-193.92404174804688,859.097412109375
91.40042877197266,-123.92388153076172,132.297119140625,135.17527770996094,-170.29283142089844,999.3644409179688,114.11862182617188,-173.4461212158203,497.10357666015625,249.15240478515625,-197.80638122558597,856.3362426757812,-142.83987426757812,62.56146240234375,267.6471252441406,-167.61163330078125,-131.03550720214844,987.8817749023438,-154.70394897460938,-185.40701293945312,504.1697387695313,-221.51878356933597,-190.15603637695312,860.1856689453125
91.34738159179688,-113.92578125,132.32810974121094,136.05746459960938,-168.18289184570312,999.7470703125,114.4989013671875,-165.58050537109375,496.84326171875,249.98974609375,-204.8983612060547,859.2621459960938,-142.22596740722656,49.368614196777344,265.1318054199219,-166.940673828125,-129.96395874023438,989.45703125,-153.95555114746094,-193.35682678222656,507.4097900390625,-221.9564514160156,-186.4434051513672,861.2225341796875
91.2728271484375,-103.92960357666016,132.37637329101562,136.900390625,-165.9556427001953,999.9854125976562,114.7410888671875,-157.67771911621094,496.581298828125,250.6595916748047,-211.9200897216797,862.2103271484375,-141.7541961669922,35.71144104003906,261.7211303710937,-166.30543518066406,-128.8891143798828,990.991455078125,-153.1316680908203,-200.8475341796875,510.6539611816406,-222.3914794921875,-182.7906188964844,862.1859741210938
91.17298889160156,-93.9347915649414,132.44015502929688,137.69993591308594,-163.63082885742188,1000.0780639648438,114.8553237915039,-149.7291717529297,496.3102416992188,251.15478515625,-218.85125732421875,865.1707763671875,-141.42041015625,21.584346771240234,257.49029541015625,-165.70846557617188,-127.8125,992.4560546875,-152.21534729003906,-207.86155700683597,513.8487548828125,-222.82131958007807,-179.20179748535156,863.0551147460938
91.04571533203124,-83.94158172607422,132.51730346679688,138.45159912109375,-161.22793579101562,1000.0252685546876,114.85740661621094,-141.7314910888672,496.0245971679688,251.46951293945312,-225.67184448242188,868.1328125,-141.21334838867188,6.98671817779541,252.5311584472656,-165.1529541015625,-126.73403930664062,993.8231811523438,-151.19398498535156,-214.38674926757807,516.9476318359375,-223.24398803710935,-175.68080139160156,863.8107299804688
90.89022064208984,-73.9509048461914,132.60540771484375,139.15078735351562,-158.76596069335938,999.8292846679688,114.76482391357422,-133.6881561279297,495.7208862304688,251.599365234375,-232.36224365234372,871.085205078125,-141.11500549316406,-8.077423095703125,246.94857788085935,-164.64231872558594,-125.6527099609375,995.0670166015624,-150.06195068359375,-220.41392517089844,519.9093627929688,-223.6581573486328,-172.231201171875,864.4356079101562
90.70672607421876,-63.96410369873047,132.70208740234375,139.7931365966797,-156.2632293701172,999.4940185546876,114.593994140625,-125.6100616455078,495.3972473144531,251.54147338867188,-238.90313720703125,874.0160522460938,-141.1012420654297,-23.599937438964844,240.85714721679688,-164.17999267578125,-124.56725311279295,996.164306640625,-148.82254028320312,-225.93467712402344,522.6964111328125,-224.0631866455078,-168.85630798339844,864.9150390625
90.49617004394533,-53.98255157470703,132.8051300048828,140.37478637695312,-153.7373809814453,999.0250244140624,114.3587646484375,-117.51528930664062,495.0530700683594,251.2946014404297,-245.27561950683597,876.9129638671875,-141.14303588867188,-39.56882858276367,234.3780975341797,-163.76901245117188,-123.47669219970705,997.0953369140624,-147.4887237548828,-230.93995666503903,525.2731323242188,-224.45904541015625,-165.55921936035156,865.2369384765625
90.25994110107422,-44.0073471069336,132.91261291503906,140.89260864257812,-151.20530700683594,998.4292602539062,114.07015228271484,-109.42769622802734,494.6887512207031,250.85922241210935,-251.4611968994141,879.7632446289062,-141.20828247070312,-55.96803283691406,227.63616943359372,-163.4118194580078,-122.3808364868164,997.84375,-146.08291625976562,-235.4195709228516,527.6055908203125,-224.84629821777344,-162.34275817871094,865.3922119140625
89.9997787475586,-34.0391731262207,133.0229949951172,141.34442138671875,-148.68321228027344,997.7147216796876,113.73699188232422,-101.3748550415039,494.3055725097656,250.23765563964844,-257.4418640136719,882.5535888671875,-141.263671875,-72.7765121459961,220.756591796875,-163.11000061035156,-121.28067016601562,998.3970336914062,-144.6356964111328,-239.36268615722656,529.6614379882812,-225.2259826660156,-159.20957946777344,865.3746948242188
89.7177505493164,-24.07833480834961,133.13522338867188,141.7290802001953,-146.1865997314453,996.8904418945312,113.36701965332033,-93.3857879638672,493.9056701660156,249.4340362548828,-263.2001342773437,885.2706298828125,-141.27667236328125,-89.96674346923828,213.86204528808597,-162.8641357421875,-120.17864990234376,998.7464599609376,-143.18373107910156,-242.7588653564453,531.4105224609375,-225.59947204589844,-156.162109375,865.18115234375
89.41629791259766,-14.125189781188965,133.24871826171875,142.04652404785156,-143.73033142089844,995.9658203125,112.96810150146484,-85.4891128540039,493.4920959472656,248.45440673828125,-268.7192077636719,887.9008178710938,-141.2176513671875,-107.5031509399414,207.0694732666016,-162.67373657226562,-119.07897186279295,998.88720703125,-141.76736450195312,-245.59950256347656,532.8258056640625,-225.96832275390625,-153.20263671875,864.8110961914062
89.09822845458984,-4.180688381195068,133.36346435546875,142.2978057861328,-141.32855224609375,994.9508056640624,112.54924774169922,-77.71147918701172,493.0685424804688,247.30665588378903,-273.9829406738281,890.4303588867188,-141.0626220703125,-125.34123229980467,200.4871063232422,-162.5373077392578,-117.98779296875,998.818115234375,-140.42776489257812,-247.8793487548828,533.8841552734375,-226.334228515625,-150.3333740234375,864.266845703125
88.76673889160156,5.753082752227783,133.48031616210938,142.4849395751953,-138.99462890625,993.855224609375,112.12132263183594,-70.0766830444336,492.6393127441406,246.00050354003903,-278.9761657714844,892.8457641601562,-140.79574584960938,-143.4266357421875,194.2123260498047,-162.4524383544922,-116.91342163085938,998.5419311523438,-139.20391845703125,-249.5981292724609,534.5679931640625,-226.69879150390625,-147.55648803710938,863.5531005859375
88.42540740966797,15.672476768493652,133.60122680664062,142.61083984375,-136.7411346435547,992.68896484375,111.69713592529295,-62.60586166381836,492.2085266113281,244.54742431640625,-283.6845092773437,895.1333618164062,-140.4110107421875,-161.6935272216797,188.33084106445312,-162.41586303710938,-115.86640167236328,998.0647583007812,-138.12989807128906,-250.7621154785156,534.866455078125,-227.06358337402344,-144.8741912841797,862.6766357421875
88.07831573486328,25.571985244750977,133.72970581054688,142.67898559570312,-134.57980346679688,991.461669921875,111.29119110107422,-55.31830978393555,491.7797546386719,242.9605865478516,-288.0946960449219,897.2798461914062,-139.91249084472656,-180.06224060058594,182.9160919189453,-162.42376708984375,-114.85956573486328,997.3961181640624,-137.23231506347656,-251.38584899902344,534.7774047851562,-227.43002319335935,-142.28887939453125,861.646240234375
87.73013305664062,35.44401931762695,133.87115478515625,142.69326782226562,-132.52145385742188,990.1829223632812,110.91891479492188,-48.23233795166016,491.3554382324219,241.2546539306641,-292.1945495605469,899.2722778320312,-139.31309509277344,-198.4364471435547,178.02890014648438,-162.47195434570312,-113.90795135498048,996.5488891601562,-136.5283966064453,-251.49380493164065,534.3082275390625,-227.7994384765625,-139.8031463623047,860.4722290039062
87.38621520996094,45.27880096435547,134.03305053710938,142.65760803222656,-130.5758819580078,988.8618774414062,110.59542083740234,-41.36607360839844,490.9368286132813,239.44566345214844,-295.9729309082031,901.09814453125,-138.63168334960938,-216.69985961914065,173.71630859375,-162.5560302734375,-113.02875518798828,995.5388793945312,-136.0246124267578,-251.1216278076172,533.4764404296875,-228.1731109619141,-137.4199676513672,859.1661987304688
87.05262756347656,55.06437683105469,134.2250213623047,142.5757598876953,-128.7517852783203,987.5078735351562,110.33409881591795,-34.73799133300781,490.5240783691406,237.5509185791016,-299.4198913574219,902.7454223632812,-137.8899383544922,-234.71421813964844,170.0101318359375,-162.67169189453125,-112.24093627929688,994.3847045898438,-135.7160186767578,-250.31712341308597,532.30908203125,-228.55235290527344,-135.1427459716797,857.7410278320312
86.73621368408203,64.78675079345703,134.45858764648438,142.4511260986328,-127.05669403076172,986.1299438476562,110.14520263671876,-28.367176055908203,490.1163635253906,235.58871459960935,-302.52655029296875,904.2029418945312,-137.10948181152344,-252.31927490234372,166.9249267578125,-162.81488037109375,-111.56478881835938,993.1077270507812,-135.58641052246094,-249.1406707763672,530.8418579101562,-228.9385986328125,-132.97547912597656,856.2103881835938
86.44420623779297,74.43036651611328,134.74661254882812,142.28659057617188,-125.4970932006836,984.7371215820312,110.03468322753906,-22.27316665649414,489.7122497558594,233.57814025878903,-305.28521728515625,905.4603271484376,-136.3094482421875,-269.3353271484375,164.4563446044922,-162.98184204101562,-111.02125549316406,991.7312622070312,-135.60948181152344,-247.6648406982422,529.1178588867188,-229.3335876464844,-130.92274475097656,854.5889282226562
86.18312072753906,83.97914123535156,135.10267639160156,142.08450317382812,-124.07854461669922,983.3384399414062,110.00322723388672,-16.475622177124023,489.3100280761719,231.53895568847656,-307.68914794921875,906.5082397460938,-135.50460815429688,-285.5680236816406,162.57969665527344,-163.16934204101562,-110.63117980957033,990.2806396484376,-135.7507781982422,-245.97303771972656,527.1862182617188,-229.73936462402344,-128.98985290527344,852.891845703125
85.95742797851562,93.41763305664062,135.54074096679688,141.84678649902344,-122.80602264404295,981.942626953125,110.0456314086914,-10.99387550354004,488.9081115722656,229.49124145507807,-309.7325744628906,907.3383178710938,-134.70440673828125,-300.8158874511719,161.2493133544922,-163.37454223632812,-110.41455078125,988.78271484375,-135.97052001953125,-244.1568603515625,525.1010131835938,-230.15843200683597,-127.18287658691406,851.1350708007812
85.7687759399414,102.73185729980467,136.07516479492188,141.57496643066406,-121.68418884277344,980.5582275390624,110.15045166015624,-5.846622943878174,488.5052795410156,227.45523071289065,-311.41064453125,907.9436645507812,-133.91299438476562,-314.8802795410156,160.39923095703125,-163.5950927734375,-110.38968658447266,987.2651977539062,-136.2270050048828,-242.31211853027344,522.9197998046875,-230.5938415527344,-125.50865936279295,849.3349609375
85.61559295654297,111.90956115722656,136.72073364257812,141.2704315185547,-120.71770477294922,979.1934204101562,110.29987335205078,-1.051883578300476,488.10101318359375,225.4510040283203,-312.7191772460937,908.3186645507812,-133.1295623779297,-327.5758056640625,159.94577026367188,-163.82911682128906,-110.57245635986328,985.7562255859376,-136.4801025390625,-240.533935546875,520.7017822265625,-231.04917907714844,-123.9748306274414,847.508544921875
85.49320220947266,120.9403305053711,137.49278259277344,140.9344940185547,-119.91143035888672,977.8558959960938,110.47008514404295,3.3725719451904297,487.6955871582031,223.49826049804688,-313.6546630859375,908.4591064453124,-132.34840393066406,-338.739990234375,159.79217529296875,-164.0751953125,-110.9754638671875,984.2839965820312,-136.69451904296875,-238.9110412597656,518.5052490234375,-231.52850341796875,-122.5897445678711,845.6730346679688
85.39411926269531,129.8155059814453,138.4071044921875,140.5685272216797,-119.2704849243164,976.5528564453124,110.6322784423828,7.408385276794434,487.2897033691406,221.6159820556641,-314.2140197753906,908.362548828125,-131.55934143066406,-348.2413635253906,159.8347625732422,-164.3324432373047,-111.60736846923828,982.8759765625,-136.84207153320312,-237.5198974609375,516.3843383789062,-232.03640747070312,-121.36243438720705,843.84619140625
85.30879211425781,138.52781677246094,139.4798583984375,140.17391967773438,-118.80012512207033,975.2910766601562,110.75438690185548,11.035540580749512,486.8843078613281,219.8222503662109,-314.39471435546875,908.0279541015624,-130.7492218017578,-355.9873962402344,159.97047424316406,-164.60055541992188,-112.47207641601562,981.5587158203124,-136.90277099609375,-236.4190673828125,514.3858642578125,-232.5777282714844,-120.30250549316406,842.0458984375
85.22649383544922,147.07077026367188,140.7274932861328,139.75193786621094,-118.50550079345705,974.0768432617188,110.8036880493164,14.23127555847168,486.4798583984375,218.1338806152344,-314.1943359375,907.4561767578124,-129.90463256835938,-361.9313659667969,160.1050567626953,-164.8799591064453,-113.56816864013672,980.35693359375,-136.86485290527344,-235.64486694335935,512.5474853515625,-233.1574859619141,-119.41996002197266,840.290283203125
85.13639831542969,155.4374542236328,142.16656494140625,139.3035125732422,-118.39117431640624,972.91650390625,110.7499542236328,16.969202041625977,486.0756530761719,216.56619262695312,-313.6109313964844,906.6495971679688,-129.0149688720703,-366.0771789550781,160.16094970703125,-165.1719207763672,-114.8883056640625,979.2936401367188,-136.72447204589844,-235.2093505859375,510.8963012695313,-233.7806396484375,-118.72504425048828,838.597412109375
85.02861022949219,163.61915588378906,143.813720703125,138.82908630371094,-118.4605941772461,971.8162841796876,110.56898498535156,19.218799591064453,485.669189453125,215.1328125,-312.642578125,905.6124267578124,-128.07513427734375,-368.481201171875,160.08306884765625,-165.47857666015625,-116.41887664794922,978.3892211914062,-136.48548889160156,-235.1014404296875,509.4496154785156,-234.4517822265625,-118.22801208496094,836.9852294921875
84.89513397216797,171.60369873046875,145.68563842773438,138.32850646972656,-118.7155303955078,970.7825317382812,110.24593353271484,20.94544792175293,485.2558288574219,213.84539794921875,-311.28765869140625,904.3506469726562,-127.08766174316406,-369.2497253417969,159.8412322998047,-165.80300903320312,-118.13985443115234,977.6614379882812,-136.15963745117188,-235.29071044921875,508.2168273925781,-235.1749725341797,-117.93889617919922,835.4713745117188
84.73059844970703,179.37374877929688,147.7990264892578,137.8010711669922,-119.15554809570312,969.82177734375,109.77819061279295,22.111003875732425,484.8286437988281,212.71343994140625,-309.5447082519531,902.8719482421876,-126.0638656616211,-368.5318908691406,159.42857360839844,-166.14910888671875,-120.02499389648438,977.1246337890624,-135.76644897460938,-235.73306274414065,507.2020568847656,-235.95343017578125,-117.86724090576172,834.0733032226562
84.53285217285156,186.90516662597656,150.17071533203125,137.24559020996094,-119.77748107910156,968.940185546875,109.177490234375,22.674894332885746,484.3785095214844,211.744140625,-307.4125366210937,901.1856689453124,-125.0243682861328,-366.508544921875,158.85662841796875,-166.5213623046875,-122.04232025146484,976.789794921875,-135.33328247070312,-236.3772430419922,506.4067687988281,-236.7893218994141,-118.02178955078124,832.8076171875
84.30342864990234,194.1653594970703,152.81773376464844,136.66070556640625,-120.57498931884766,968.1436157226562,108.4709243774414,22.59564018249512,483.89459228515625,210.9422607421875,-304.8903503417969,899.302978515625,-123.99855041503906,-363.3775634765625,158.14894104003906,-166.92459106445312,-124.155029296875,976.6637573242188,-134.894775390625,-237.1709442138672,505.8313903808594,-237.68356323242188,-118.41026306152344,831.6906127929688
84.04804229736328,201.11166381835935,155.757080078125,136.04513549804688,-121.53816223144533,967.43701171875,107.70061492919922,21.832748413085938,483.3646240234375,210.31002807617188,-301.9778137207031,897.2364501953125,-123.02261352539062,-359.3377380371094,157.33541870117188,-167.36358642578125,-126.32272338867188,976.7493286132812,-134.49205017089844,-238.0654754638672,505.475341796875,-238.63571166992188,-119.03900146484376,830.737548828125
83.77698516845703,207.69004821777344,159.00547790527344,135.3978729248047,-122.6532211303711,966.8245849609376,106.921875,20.3488826751709,482.77545166015625,209.8470916748047,-298.67535400390625,895.00048828125,-122.13606262207033,-354.5731506347656,156.4476776123047,-167.84283447265625,-128.5028839111328,977.044677734375,-134.17124938964844,-239.01824951171875,505.3354187011719,-239.64389038085935,-119.91276550292967,829.9628295898438
83.50541687011719,213.834228515625,162.57862854003906,134.71853637695312,-123.90243530273438,966.3091430664062,106.19992065429688,18.11220932006836,482.11328125,209.5506134033203,-294.9844055175781,892.6107788085938,-121.37710571289062,-349.24127197265625,155.5156707763672,-168.3661346435547,-130.65260314941406,977.5435791015624,-133.98104858398438,-239.99221801757807,505.4024963378906,-240.7047271728516,-121.03443908691406,829.379638671875
83.25282287597656,219.4652099609375,166.4899139404297,134.00743103027344,-125.26407623291016,965.8923950195312,105.60504150390624,15.098856925964355,481.3644104003906,209.415283203125,-290.9074401855469,890.0844116210938,-120.7776336669922,-343.4655456542969,154.56594848632812,-168.93643188476562,-132.73016357421875,978.2352905273438,-133.9689178466797,-240.95245361328125,505.6583557128906,-241.8134307861328,-122.40483856201172,829.0000610351562
83.04154205322266,224.4920654296875,170.74864196777344,133.26565551757812,-126.71266174316406,965.57470703125,105.20663452148438,11.295293807983398,480.5159912109375,209.4336395263672,-286.4483947753906,887.4398803710938,-120.35902404785156,-337.3337707519531,153.6210174560547,-169.55555725097656,-134.69679260253906,979.1051025390624,-134.1764678955078,-241.8607940673828,506.0729675292969,-242.9639129638672,-124.02249145507812,828.8345336914062
82.89458465576172,228.81448364257807,175.35813903808594,132.4951934814453,-128.2193603515625,965.3550415039062,105.06657409667967,6.700307369232178,479.55755615234375,209.5962829589844,-281.6127624511719,884.6965942382812,-120.12947845458984,-330.89996337890625,152.69955444335938,-170.22406005859375,-136.51780700683594,980.1347045898438,-134.63427734375,-242.66993713378903,506.60455322265625,-244.14886474609372,-125.883544921875,828.8917236328125
82.83345794677734,232.32696533203125,180.3141632080078,131.69874572753906,-129.75274658203125,965.2313232421876,105.23259735107422,1.32622230052948,478.4831237792969,209.8922271728516,-276.40771484375,881.8751831054688,-120.08331298828124,-324.1898498535156,151.8167266845703,-170.9412078857422,-138.1637725830078,981.3028564453124,-135.35716247558594,-243.3188323974609,507.2021789550781,-245.35992431640625,-127.98157501220705,829.1785278320312
82.87653350830078,234.92428588867188,185.6029815673828,130.8797149658203,-131.2796173095703,965.2008056640624,105.73287963867188,-4.800777912139893,477.2937316894531,210.30923461914065,-270.84228515625,878.9971923828125,-120.2021255493164,-317.2075500488281,150.9847412109375,-171.7048797607422,-139.61087036132812,982.5863647460938,-136.3411102294922,-243.7307891845703,507.8108215332031,-246.5878753662109,-130.30763244628906,829.6998291015625
83.03778076171875,236.5075836181641,191.1987152099609,130.0420379638672,-132.76625061035156,965.2600708007812,106.5726089477539,-11.641234397888184,475.9998779296875,210.83413696289065,-264.92742919921875,876.084716796875,-120.45751953125,-309.9429016113281,150.2132568359375,-172.51174926757812,-140.84107971191406,983.9609375,-137.5624542236328,-243.8150787353516,508.3775634765625,-247.82275390625,-132.8501434326172,830.4583129882812
83.32548522949219,236.9908447265625,197.0600128173828,129.18995666503906,-134.17962646484375,965.406005859375,107.7333984375,-19.143842697143555,474.6238403320313,211.45330810546875,-258.6761474609375,873.1605224609375,-120.8147201538086,-302.3788757324219,149.50967407226562,-173.35733032226562,-141.84182739257812,985.4022216796876,-138.9796905517578,-243.4722595214844,508.8575439453125,-249.0541534423828,-135.5950469970703,831.4544677734375
83.74088287353516,236.30674743652344,203.12774658203125,128.32786560058594,-135.48880004882812,965.635986328125,109.17552185058594,-27.247602462768555,473.2008056640625,212.1528778076172,-252.1033935546875,870.2478637695312,-121.23629760742188,-294.498291015625,148.8793487548828,-174.2362518310547,-142.60536193847656,986.8865356445312,-140.53733825683594,-242.60215759277344,509.2187805175781,-250.271240234375,-138.52589416503906,832.6865234375
84.2774887084961,234.41184997558597,209.3251953125,127.46019744873048,-136.66632080078125,965.94873046875,110.8423080444336,-35.88431930541992,471.7786560058594,212.9191436767578,-245.22607421875,867.3699951171875,-121.68561553955078,-286.2892761230469,148.32545471191406,-175.14242553710938,-143.1279296875,988.391845703125,-142.17129516601562,-241.11297607421875,509.4449157714844,-251.4630889892578,-141.62405395507812,834.1505737304688
84.92166137695312,231.291015625,215.56065368652344,126.59114837646484,-137.68946838378906,966.3445434570312,112.6656265258789,-44.98127365112305,470.4166564941406,213.73876953125,-238.06301879882807,864.55029296875,-122.129638671875,-277.7494812011719,147.8490447998047,-176.06927490234375,-143.40884399414062,989.8982543945312,-143.81503295898438,-238.92987060546875,509.5354614257813,-252.6187744140625,-144.8689422607422,835.8405151367188
85.65447235107422,226.9605407714844,221.73171997070312,125.72467041015624,-138.5411834716797,966.8255615234376,114.57167053222656,-54.46394729614258,469.1827087402344,214.59906005859372,-230.63482666015625,861.8117065429688,-122.5410614013672,-268.8885192871094,147.44886779785156,-177.01004028320312,-143.4496307373047,991.3882446289062,-145.4062042236328,-236.00228881835935,509.5038146972656,-253.7276306152344,-148.2383575439453,837.748046875
86.45455932617188,221.46856689453125,227.7304229736328,124.8643798828125,-139.2106170654297,967.395751953125,116.48643493652344,-64.25858306884766,468.14947509765625,215.4880828857422,-222.96371459960935,859.176513671875,-122.89958190917967,-259.72857666015625,147.12139892578125,-177.95797729492188,-143.25323486328125,992.8470458984376,-146.89268493652344,-232.30926513671875,509.373291015625,-254.7793731689453,-151.70884704589844,839.8630981445312
87.30109405517578,214.89161682128903,233.44857788085935,124.01358032226562,-139.69322204589844,968.0604248046876,118.34068298339844,-74.29425048828125,467.3900146484375,216.3947296142578,-215.07345581054688,856.6661376953125,-123.1924819946289,-250.3026580810547,146.86105346679688,-178.9065704345703,-142.8235321044922,994.2622680664062,-148.23728942871094,-227.8623504638672,509.1719970703125,-255.7642974853516,-155.256103515625,842.173583984375
88.17625427246094,207.3270568847656,238.7822265625,123.17516326904295,-139.9903564453125,968.82568359375,120.07422637939452,-84.50424194335938,466.97271728515625,217.30880737304688,-206.9891662597656,854.3004760742188,-123.4145736694336,-240.6515045166016,146.66073608398438,-179.84974670410156,-142.16485595703125,995.6238403320312,-149.4201202392578,-222.7056579589844,508.9278564453125,-256.6734619140625,-158.85528564453125,844.6654052734375
89.06678009033203,198.8826904296875,243.63442993164065,122.3515625,-140.1083984375,969.6973876953124,121.63902282714844,-94.82647705078124,466.9568786621094,218.2209625244141,-198.73712158203125,852.0977172851562,-123.56758880615234,-230.8197479248047,146.51248168945312,-180.7818756103516,-141.28204345703125,996.923583984375,-150.4383544921875,-216.91265869140625,508.6647338867188,-257.4987487792969,-162.48153686523438,847.3230590820312
89.96450805664062,189.6663055419922,247.91616821289065,121.54464721679688,-140.057861328125,970.680419921875,123.00090026855467,-105.20304107666016,467.3880920410156,219.12266540527344,-190.3446807861328,850.0737915039062,-123.65898895263672,-220.8524475097656,146.40809631347656,-181.69778442382807,-140.18048095703125,998.1549682617188,-151.30337524414062,-210.5798797607422,508.4001159667969,-258.2330627441406,-166.1103057861328,850.129150390625
90.86571502685548,179.77735900878906,251.5461578369141,120.7557373046875,-139.85218811035156,971.77734375,124.13959503173828,-115.57907104492188,468.2952270507813,220.0060577392578,-181.84005737304688,848.241943359375,-123.7002410888672,-210.79188537597656,146.3397979736328,-182.59262084960935,-138.8663787841797,999.3126220703124,-152.0362548828125,-203.8183441162109,508.1449279785156,-258.87042236328125,-169.71775817871094,853.0648193359375
91.76988983154295,169.3017120361328,254.45120239257807,119.98551940917967,-139.5065460205078,972.987548828125,125.04730224609376,-125.9012680053711,469.6883850097656,220.86392211914065,-173.25216674804688,846.612548828125,-123.70472717285156,-200.6754913330078,146.30059814453125,-183.4617919921875,-137.3472442626953,1000.39208984375,-152.66232299804688,-196.7436370849609,507.9044494628906,-259.40594482421875,-173.28106689453125,856.1097412109375
92.6788101196289,158.3090057373047,256.56744384765625,119.23412322998048,-139.0368194580078,974.3062744140624,125.72610473632812,-136.11648559570312,471.5585021972656,221.6894989013672,-164.6104736328125,845.1925048828125,-123.68579864501952,-190.53469848632807,146.2845916748047,-184.30078125,-135.63226318359375,1001.3897094726562,-153.2061309814453,-189.4660186767578,507.6800537109375,-259.83599853515625,-176.77877807617188,859.2421875
93.59597778320312,146.85182189941406,257.8421936035156,118.50125122070312,-138.4585723876953,975.7242431640624,126.1849365234375,-146.17054748535156,473.8786315917969,222.47650146484372,-155.94471740722656,843.985107421875,-123.65538024902344,-180.3944549560547,146.28692626953125,-185.10504150390625,-133.732666015625,1002.30224609375,-153.6873321533203,-182.0819091796875,507.4709777832031,-260.1581420898437,-180.19102478027344,862.4392700195312
94.52658081054688,134.96568298339844,258.23602294921875,117.78634643554688,-137.786376953125,977.2274169921876,126.43661499023438,-156.0077362060547,476.6060485839844,223.2190704345703,-147.28463745117188,842.98974609375,-123.62305450439452,-170.2731170654297,146.3038330078125,-185.8699493408203,-131.66184997558594,1003.1270141601562,-154.11839294433594,-174.66773986816406,507.2759704589844,-260.37115478515625,-183.49972534179688,865.6768798828125
95.47766876220705,122.67001342773438,257.72479248046875,117.08899688720705,-137.03323364257812,978.7976684570312,126.49517059326172,-165.57083129882812,479.6855163574219,223.91177368164065,-138.65980529785156,842.2020874023438,-123.59561157226562,-160.1826934814453,146.33241271972656,-186.5907745361328,-129.43540954589844,1003.8614501953124,-154.50439453125,-167.2766876220703,507.0941467285156,-260.4750671386719,-186.6887664794922,868.9298095703125
96.45801544189452,109.97005462646484,256.3012084960937,116.40950012207033,-136.21006774902344,980.413330078125,126.37397003173828,-174.80213928222656,483.05279541015625,224.5496826171875,-130.0992889404297,841.6138305664062,-123.57706451416016,-150.1293182373047,146.37054443359375,-187.2627868652344,-127.0710906982422,1004.5035400390624,-154.84454345703125,-159.93795776367188,506.9250793457031,-260.4710388183594,-189.74411010742188,872.1721801757812
97.47799682617188,96.85965728759766,253.9765167236328,115.74929809570312,-135.32546997070312,982.0501708984376,126.08453369140624,-183.6447906494141,486.63818359375,225.12838745117188,-121.63153076171876,841.212890625,-123.56908416748048,-140.11416625976562,146.41648864746094,-187.8812561035156,-124.58853912353516,1005.0516967773438,-155.13494873046875,-152.6589813232422,506.7686462402344,-260.36138916015625,-192.65382385253903,875.37744140625
98.54896545410156,83.32445526123047,250.781982421875,115.11129760742188,-134.38551330566406,983.6827392578124,125.6362762451172,-192.0445098876953,490.3698120117188,225.6441345214844,-113.2840347290039,840.98388671875,-123.5715789794922,-130.1345977783203,146.46881103515625,-188.441650390625,-122.0090789794922,1005.5048217773438,-155.37158203125,-145.4299774169922,506.62445068359375,-260.1495361328125,-195.4081268310547,878.5185546875
99.6819076538086,69.3450698852539,246.76950073242188,114.49999237060548,-133.3939666748047,985.2850341796876,125.03700256347656,-199.951416015625,494.1764831542969,226.093994140625,-105.0832061767578,840.908203125,-123.58329010009766,-120.18537139892578,146.5260772705078,-188.93968200683597,-119.35527801513672,1005.8624267578124,-155.5525360107422,-138.23025512695312,506.4913940429688,-259.8397827148437,-197.9993438720703,881.5684204101562
100.88582611083984,54.900352478027344,242.01109313964844,113.92145538330078,-132.3526611328125,986.831787109375,124.29408264160156,-207.3216857910156,497.9894714355469,226.475830078125,-97.05413055419922,840.9646606445312,-123.60233306884766,-110.2601089477539,146.58688354492188,-189.3715057373047,-116.65050506591795,1006.1248168945312,-155.6791534423828,-131.03504943847656,506.3675537109375,-259.4374389648437,-200.4217987060547,884.5
102.1662139892578,39.97057723999024,236.5975799560547,113.38308715820312,-131.26205444335938,988.298828125,123.41600036621094,-214.11920166015625,501.7442932128906,226.7885284423828,-89.22034454345703,841.1299438476562,-123.62659454345705,-100.35269165039062,146.64981079101562,-189.73385620117188,-113.9183578491211,1006.29296875,-155.75599670410156,-123.821533203125,506.2501831054688,-258.94854736328125,-202.6717834472656,887.2866821289062
103.52400970458984,24.540225982666016,230.6360626220703,112.89329528808594,-130.1219482421875,989.6640014648438,122.41404724121094,-220.3166656494141,505.3813781738281,227.03201293945312,-81.60367584228516,841.379150390625,-123.654052734375,-90.45838165283205,146.7135467529297,-190.0241241455078,-111.1820297241211,1006.3685913085938,-155.7899627685547,-116.57324981689452,506.1362609863281,-258.3800048828125,-204.7472076416016,889.9027099609375
104.9551010131836,8.600259780883789,224.24642944335935,112.46085357666016,-128.93223571777344,990.9072265625,121.30377197265624,-225.8957977294922,508.8467712402344,227.207275390625,-74.22411346435547,841.6863403320312,-123.68293762207033,-80.57430267333984,146.77696228027344,-190.2405242919922,-108.46372985839844,1006.3536987304688,-155.78924560546875,-109.28267669677734,506.0227355957031,-257.7393493652344,-206.64756774902344,892.3233642578125
106.45084381103516,-7.8504638671875,217.5567779541016,112.0942611694336,-127.69377899169922,992.0105590820312,120.10594940185548,-230.84678649902344,512.0923461914062,227.31646728515625,-67.09976196289062,842.02490234375,-123.71184539794922,-70.69940948486328,146.83908081054688,-190.38217163085935,-105.78400421142578,1006.2507934570312,-155.76214599609375,-101.95186614990234,505.9073181152344,-257.0347595214844,-208.3736267089844,894.525634765625
107.9990692138672,-24.804519653320312,210.69862365722656,111.80099487304688,-126.40911102294922,992.9584350585938,118.84697723388672,-235.1675720214844,515.0759887695312,227.36282348632807,-60.24688720703125,842.3685302734375,-123.7398452758789,-60.83399963378906,146.8992156982422,-190.44915771484372,-103.16140747070312,1006.0623168945312,-155.71630859375,-94.5915756225586,505.7888488769531,-256.27496337890625,-209.92721557617188,896.4880981445312
109.58513641357422,-42.24513626098633,203.8022308349609,111.58686065673828,-125.08294677734376,993.737548828125,117.55850219726562,-238.86294555664065,517.7617797851562,227.35069274902344,-53.67988586425781,842.691162109375,-123.76663970947266,-50.9790153503418,146.9568328857422,-190.44261169433597,-100.6122817993164,1005.7905883789062,-155.65841674804688,-87.21923065185547,505.6678466796875,-255.4690704345703,-211.31109619140625,898.1917114257812
111.19274139404295,-60.14448547363281,196.9928436279297,111.45568084716795,-123.72239685058594,994.3366088867188,116.2763214111328,-241.9440155029297,520.119873046875,227.28546142578125,-47.41143035888672,842.9680786132812,-123.79265594482422,-41.13543319702149,147.0115509033203,-190.36468505859372,-98.15074157714844,1005.4373779296876,-155.59417724609375,-79.85623168945312,505.5464477539063,-254.62643432617188,-212.52865600585935,899.6196899414062
112.8045425415039,-78.46109771728516,190.38742065429688,111.40910339355467,-122.33684539794922,994.7467651367188,115.03863525390624,-244.42800903320312,522.1268310546875,227.1735076904297,-41.4525260925293,843.17578125,-123.81903839111328,-31.303760528564453,147.0630340576172,-190.21853637695312,-95.78865814208984,1005.0038452148438,-155.5286407470703,-72.5252685546875,505.4280395507813,-253.756591796875,-213.58380126953125,900.7579956054688
114.40260314941406,-97.13687896728516,184.09182739257807,111.44662475585938,-120.9377899169922,994.961669921875,113.8837661743164,-246.33843994140625,523.7658081054688,227.0221405029297,-35.81267547607422,843.2929077148438,-123.84750366210938,-21.483793258666992,147.1110076904297,-190.00823974609372,-93.53571319580078,1004.490478515625,-155.46652221679688,-65.24859619140625,505.31634521484375,-252.86895751953125,-214.48069763183597,901.5953979492188
115.96858978271484,-116.09439086914062,178.19833374023438,111.56575012207033,-119.53858184814452,994.9771728515624,112.8476104736328,-247.70553588867188,525.0266723632812,226.8394470214844,-30.500001907348636,843.3001098632812,-123.87996673583984,-11.674654960632324,147.15528869628906,-189.73843383789065,-91.39929962158205,1003.89697265625,-155.4124755859375,-58.04720306396485,505.2142028808594,-251.97276306152344,-215.22366333007807,902.1235961914062
117.48375701904295,-135.2348175048828,172.78359985351562,111.76229095458984,-118.1541748046875,994.7918090820312,111.9609832763672,-248.5666656494141,525.9069213867188,226.6341552734375,-25.52136993408203,843.180908203125,-123.91807556152344,-1.8751028776168823,147.1959686279297,-189.41424560546875,-89.3843994140625,1003.2225341796876,-155.37095642089844,-50.94062423706055,505.122314453125,-251.0767974853516,-215.8170166015625,902.337646484375
118.92897033691406,-154.43716430664062,167.90687561035156,112.03065490722656,-116.80076599121094,994.4066162109376,111.24714660644533,-248.9664764404297,526.411376953125,226.41554260253903,-20.88253402709961,842.9215087890625,-123.9626693725586,7.915932178497314,147.2335662841797,-189.0409393310547,-87.49348449707031,1002.4657592773438,-155.34584045410156,-43.947227478027344,505.0382385253906,-250.1893310546875,-216.2649078369141,902.235595703125
120.2848129272461,-173.55873107910156,163.6085968017578,112.36425018310548,-115.4954605102539,993.8253784179688,110.71991729736328,-248.95689392089844,526.5529174804688,226.1932830810547,-16.58829116821289,842.5113525390625,-124.01325225830078,17.698575973510742,147.2692108154297,-188.62368774414065,-85.7266616821289,1001.625244140625,-155.33973693847656,-37.08467102050781,504.9560241699219,-249.31784057617188,-216.57125854492188,901.8190307617188
121.53209686279295,-192.43682861328125,159.90921020507812,112.75588989257812,-114.25594329833984,993.0545654296876,110.38243865966795,-248.5967254638672,526.3519287109375,225.97720336914065,-12.642645835876465,841.943115234375,-124.06764221191406,27.47115135192871,147.30482482910156,-188.16749572753903,-84.08191680908203,1000.6997680664062,-155.3531036376953,-30.37049865722656,504.8662414550781,-248.46893310546875,-216.7396697998047,901.0927124023438
122.6527099609375,-210.8920745849609,156.80856323242188,113.1981430053711,-113.10028076171876,992.103759765625,110.22696685791016,-247.95103454589844,525.8358154296875,225.7772521972656,-9.04898166656494,841.213134765625,-124.1219482421875,37.22946548461914,147.3432159423828,-187.67691040039065,-82.5555648803711,999.6886596679688,-155.3836212158203,-23.8227653503418,504.7568054199219,-247.648193359375,-216.77337646484372,900.0648193359375
123.63063049316406,-228.7328948974609,154.2860107421875,113.6837158203125,-112.0466537475586,990.9852294921876,110.235595703125,-247.08973693847656,525.0380249023438,225.6032257080078,-5.810219764709473,840.3212890625,-124.1708526611328,46.966407775878906,147.38841247558594,-187.15597534179688,-81.14281463623047,998.5922241210938,-155.425537109375,-17.460390090942383,504.6139526367188,-246.8600311279297,-216.6751708984375,898.7469482421875
124.4531478881836,-245.76165771484372,152.30133056640625,114.20568084716795,-111.11320495605467,989.7141723632812,110.38187408447266,-246.0856475830078,523.9969482421875,225.46466064453125,-2.928963184356689,839.2711181640625,-124.20841979980467,56.67186737060547,147.4458770751953,-186.6080780029297,-79.8383560180664,997.412109375,-155.46942138671875,-11.303028106689451,504.423583984375,-246.10765075683597,-216.4474639892578,897.1536865234375
125.11197662353516,-261.7816162109375,150.79672241210938,114.75774383544922,-110.31783294677734,988.3087158203124,110.63330078125,-245.01193237304688,522.7537231445312,225.37066650390625,-0.4076107442378998,838.0698852539062,-124.22920989990234,66.3329086303711,147.52291870117188,-186.03591918945312,-78.63703155517578,996.1515502929688,-155.50230407714844,-5.370548725128174,504.1730651855469,-245.39292907714844,-216.09228515625,895.3031005859375
125.60428619384766,-276.6046447753906,149.6998748779297,115.3343276977539,-109.67790985107422,986.78955078125,110.9542236328125,-243.93898010253903,521.3509521484375,225.32969665527344,1.751546859741211,836.7285766601562,-124.22940826416016,75.93433380126953,147.62921142578125,-185.4414520263672,-77.53449249267578,994.8157958984376,-155.5081329345703,0.3177886009216308,503.8528442382813,-244.7164306640625,-215.6113739013672,893.2159423828125
125.9332046508789,-290.0589294433594,148.9282684326172,115.93072509765624,-109.20996856689452,985.1798706054688,111.30904388427734,-242.9307861328125,519.8304443359375,225.3495330810547,3.5462491512298584,835.2615356445312,-124.20732879638672,85.45984649658203,147.77700805664062,-184.82591247558597,-76.52783966064453,993.412109375,-155.46844482421875,5.744277477264404,503.4578857421875,-244.07745361328125,-215.00616455078125,890.916015625
126.10769653320312,-301.9961242675781,148.39402770996094,116.54314422607422,-108.92931365966795,983.5051879882812,111.66520690917967,-242.04132080078125,518.2316284179688,225.43701171875,4.974207401275635,833.6862182617188,-124.16353607177734,94.89334106445312,147.98106384277344,-184.1898193359375,-75.61624145507812,991.94970703125,-155.36349487304688,10.893574714660645,502.989013671875,-243.4740753173828,-214.27798461914065,888.4296264648438
126.14144134521484,-312.2974548339844,148.00901794433594,117.16878509521484,-108.84953308105467,981.7929077148438,111.99569702148438,-241.31114196777344,516.58984375,225.5980682373047,6.033068656921387,832.023193359375,-124.10079956054688,104.21984100341795,148.25816345214844,-183.5330810546875,-74.8014144897461,990.4400634765624,-155.17327880859375,15.75314235687256,502.4534606933594,-242.9032745361328,-213.42807006835935,885.7854614257812
126.05101013183594,-320.8784484863281,147.6897430419922,117.80589294433594,-108.98194885253906,980.072021484375,112.28076934814452,-240.764892578125,514.935302734375,225.837646484375,6.72040319442749,830.2953491210938,-124.02394104003906,113.42598724365234,148.62644958496094,-182.8549346923828,-74.08802032470703,988.8963012695312,-154.87879943847656,20.313217163085938,501.8648071289063,-242.3609771728516,-212.4576873779297,883.0140380859375
125.85432434082033,-327.6927490234375,147.36236572265625,118.45384979248048,-109.3349838256836,978.372802734375,112.5087890625,-240.4102478027344,513.2927856445312,226.15966796875,7.033725738525391,828.5278930664062,-123.93937683105467,122.50012969970705,149.10455322265625,-182.1540679931641,-73.48379516601562,987.3330688476562,-154.46316528320312,24.566242218017575,501.2420349121094,-241.84231567382807,-211.3682861328125,880.1477661132812
125.56995391845705,-332.7347412109375,146.9676513671875,119.1132354736328,-109.91352081298828,976.726318359375,112.67620849609376,-240.238525390625,511.6815490722656,226.5670928955078,6.970548152923584,826.747314453125,-123.85449981689452,131.43203735351562,149.7107391357422,-181.4286193847656,-72.99942016601562,985.7659912109376,-153.9126434326172,28.505672454833984,500.6080017089844,-241.3417205810547,-210.16156005859372,877.22021484375
125.21690368652344,-336.0404052734375,146.46498107910156,119.78588104248048,-110.71826171875,975.1636352539062,112.7870101928711,-240.2273712158203,510.1163635253906,227.06190490722656,6.528462886810303,824.9813232421875,-123.77677917480467,140.21226501464844,150.462158203125,-180.67633056640625,-72.64812469482422,984.2114868164062,-153.21734619140625,32.12405776977539,499.9871520996094,-240.8531646728516,-208.83953857421875,874.2658081054688
124.814697265625,-337.68585205078125,145.83433532714844,120.47484588623048,-111.7451629638672,973.7157592773438,112.85173034667967,-240.34487915039065,508.6094665527344,227.6453094482422,5.705256462097168,823.2581787109375,-123.71282196044922,148.83114624023438,151.37435913085938,-179.89466857910156,-72.4449462890625,982.6861572265624,-152.3716278076172,35.41069030761719,499.4029541015625,-240.37030029296875,-207.40467834472656,871.3192749023438
124.38341522216795,-337.78369140625,145.07601928710938,121.18431854248048,-112.98504638671876,972.412353515625,112.88643646240234,-240.5545654296875,507.17236328125,228.31765747070312,4.499049186706543,821.6058349609375,-123.66763305664062,157.27757263183594,152.46107482910156,-179.0809326171875,-72.40568542480469,981.2062377929688,-151.37429809570312,38.34920120239258,498.8755493164063,-239.88668823242188,-205.8599548339844,868.4152221679688
123.9435806274414,-336.47662353515625,144.20751953125,121.91939544677734,-114.42340850830078,971.2816162109376,112.91173553466795,-240.8204345703125,505.8180236816406,229.0786590576172,2.9084599018096924,820.0518798828125,-123.64409637451172,165.53761291503906,153.73452758789062,-178.2325897216797,-72.54562377929688,979.7874145507812,-150.228759765625,40.91541290283203,498.4194641113281,-239.3959045410156,-204.2089080810547,865.58740234375
123.51567840576172,-333.9288024902344,143.25820922851562,122.68578338623048,-116.04045104980467,970.3489990234376,112.95195770263672,-241.1112518310547,504.56256103515625,229.9274139404297,0.9327917695045472,818.6226806640625,-123.64280700683594,173.5930938720703,155.2059326171875,-177.34742736816406,-72.8780746459961,978.4443969726562,-148.94326782226562,43.075714111328125,498.0421142578125,-238.89166259765625,-202.45562744140625,862.8684692382812
123.11934661865234,-330.31549072265625,142.26263427734375,123.48937225341795,-117.81151580810548,969.6370239257812,113.0345458984375,-241.4031982421875,503.4260864257813,230.8625030517578,-1.427767038345337,817.3429565429688,-123.66228485107422,181.42013549804688,156.88619995117188,-176.42379760742188,-73.41289520263672,977.1904296875,-147.53134155273438,44.78630065917969,497.7430725097656,-238.3679656982422,-200.60487365722656,860.2890625
122.77230834960938,-325.81121826171875,141.2543487548828,124.3357925415039,-119.70775604248048,969.1639404296876,113.18938446044922,-241.68045043945312,502.4323120117188,231.8821563720703,-4.171921730041504,816.2354736328125,-123.69963073730467,188.98757934570312,158.78668212890625,-175.4608154296875,-74.15509796142578,976.0372314453124,-146.01219177246094,45.99357223510742,497.5140380859375,-237.81912231445312,-198.6619415283203,857.8773193359375
122.48927307128906,-320.5784912109375,140.26248168945312,125.22996520996094,-121.69715118408205,968.9435424804688,113.44782257080078,-241.9334259033203,501.60693359375,232.98423767089844,-7.297039985656738,815.3206787109375,-123.7514877319336,196.25558471679688,160.919921875,-174.45843505859375,-75.10355377197266,974.99462890625,-144.4112091064453,46.63576889038086,497.3393249511719,-237.23989868164065,-196.6327209472656,855.658447265625
122.28091430664062,-314.7579040527344,139.3109893798828,126.17567443847656,-123.74578857421876,968.9840698242188,113.84122467041016,-242.1551055908203,500.9743347167969,234.16636657714844,-10.79892349243164,814.616455078125,-123.81520080566406,203.17413330078125,163.2998809814453,-173.41744995117188,-76.25000762939453,974.0707397460938,-142.76016235351562,46.645938873291016,497.197021484375,-236.62551879882807,-194.52362060546875,853.6542358398438
122.15283203125,-308.46173095703125,138.41864013671875,127.1751937866211,-125.81934356689452,969.2880249023438,114.39855194091795,-242.33572387695312,500.5537109375,235.42588806152344,-14.671602249145508,814.1377563476562,-123.8896942138672,209.68197631835935,165.9419403076172,-172.3395538330078,-77.57850646972656,973.271484375,-141.09695434570312,45.95631790161133,497.0603637695313,-235.97174072265625,-192.3414764404297,851.8822631835938
122.10478973388672,-301.77197265625,137.59901428222656,128.2290496826172,-127.8845672607422,969.8514404296876,115.14317321777344,-242.4571533203125,500.3544921875,236.75999450683597,-18.907155990600582,813.8966674804688,-123.9756851196289,215.7059326171875,168.8622283935547,-171.22723388671875,-79.06521606445312,972.600830078125,-139.46507263183594,44.50389862060547,496.8992614746094,-235.27493286132807,-190.0935211181641,850.35595703125
122.1307373046875,-294.74237060546875,136.86048889160156,129.3358612060547,-129.91049194335938,970.663818359375,116.08909606933594,-242.48764038085935,500.3725280761719,238.1655731201172,-23.49557304382324,813.9022216796875,-124.07501983642578,221.1614990234375,172.07688903808594,-170.08377075195312,-80.67884063720703,972.0609130859376,-137.91200256347656,42.23653411865234,496.6823120117188,-234.5321502685547,-187.7873077392578,849.084228515625
122.21966552734376,-287.40380859375,136.20660400390625,130.4923095703125,-131.86917114257812,971.7083129882812,117.2373504638672,-242.3784027099609,500.587646484375,239.63926696777344,-28.42465591430664,814.1603393554688,-124.18971252441406,225.95452880859372,175.60134887695312,-168.9131317138672,-82.38153839111328,971.6519165039062,-136.48667907714844,39.11863327026367,496.3789367675781,-233.7412109375,-185.43055725097656,848.0713500976562
122.35698699951172,-279.7714233398437,135.63662719726562,131.6931610107422,-133.7362060546875,972.9620971679688,118.57339477539062,-242.0630340576172,500.9630737304688,241.1772918701172,-33.68000030517578,814.6738891601562,-124.32080078125,229.9838409423828,179.4490509033203,-167.7200164794922,-84.13037109375,971.37255859375,-135.23561096191406,35.13548278808594,495.9621887207031,-232.90089416503903,-183.0310211181641,847.3170166015625
122.5260238647461,-271.85186767578125,135.1463623046875,132.9315185546875,-135.4907684326172,974.3973388671876,120.06619262695312,-241.46011352539065,501.447998046875,242.7754364013672,-39.24507141113281,815.44287109375,-124.46736145019533,233.14503479003903,183.62969970703125,-166.5098876953125,-85.87931060791016,971.22021484375,-134.1983184814453,30.295307159423828,495.4118041992188,-232.01104736328125,-180.59634399414065,846.8165893554688
122.70928955078124,-263.64971923828125,134.72918701171875,134.1989288330078,-137.1155242919922,975.9822387695312,121.6694793701172,-240.47911071777344,501.9822692871094,244.42892456054688,-45.10141372680664,816.4644775390625,-124.62566375732422,235.3355865478516,188.1468811035156,-165.28900146484375,-87.58153533935547,971.19140625,-133.40255737304688,24.628890991210938,494.7175903320313,-231.07276916503903,-178.13377380371094,846.5615844726562
122.88964080810548,-255.1722717285156,134.37713623046875,135.4857635498047,-138.59634399414062,977.6825561523438,123.3252944946289,-239.0285186767578,502.50286865234375,246.1324005126953,-51.22884750366211,817.7333984375,-124.7887954711914,236.46109008789065,192.99514770507807,-164.06439208984375,-89.1917495727539,971.2819213867188,-132.8606719970703,18.18691635131836,493.88226318359375,-230.08848571777344,-175.65005493164062,846.5398559570312
123.0513916015625,-246.4321746826172,134.0817413330078,136.78140258789062,-139.92176818847656,979.4630737304688,124.9696044921875,-237.0249938964844,502.9510498046875,247.8797912597656,-57.60569381713867,819.2421264648438,-124.9466781616211,236.44219970703125,198.1571502685547,-162.84385681152344,-90.66837310791016,971.4874877929688,-132.5677490234375,11.03571319580078,492.9234619140625,-229.0620574951172,-173.15127563476562,846.7361450195312
123.18160247802734,-237.44891357421875,133.83460998535156,138.07467651367188,-141.0828094482422,981.2892456054688,126.53947448730467,-234.40208435058597,503.2786865234375,249.6643218994141,-64.20893859863281,820.9811401367188,-125.08654022216795,235.2217254638672,203.6011505126953,-161.63587951660156,-91.97535705566406,971.8037719726562,-132.5023651123047,3.252617359161377,491.8747863769531,-227.99880981445312,-170.6427001953125,847.1329956054688
123.27124786376952,-228.2484436035156,133.62770080566406,139.35414123535156,-142.0724334716797,983.1282348632812,127.98088836669922,-231.1172637939453,503.452880859375,251.478515625,-71.01445770263672,822.939453125,-125.1935806274414,232.77078247070312,209.27952575683597,-160.44944763183594,-93.0836944580078,972.2266845703124,-132.6294708251953,-5.078390121459961,490.785888671875,-226.90542602539065,-168.12869262695312,847.7108764648438
123.3161163330078,-218.86151123046875,133.45343017578125,140.60845947265625,-142.8855438232422,984.950439453125,129.25567626953125,-227.156494140625,503.4584655761719,253.31423950195312,-77.99720001220703,825.1046142578125,-125.25191497802734,229.0931701660156,215.12887573242188,-159.2937774658203,-93.97242736816406,972.7523803710938,-132.9049835205078,-13.870824813842772,489.7204895019531,-225.78990173339844,-165.6125946044922,848.4490356445312
123.31714630126952,-209.3214263916016,133.30487060546875,141.82676696777344,-143.5187530517578,986.7301025390624,130.3462677001953,-222.53594970703125,503.29791259765625,255.1626739501953,-85.13139343261719,827.4632568359375,-125.24594116210938,224.22708129882807,221.07199096679688,-158.17791748046875,-94.62923431396484,973.377685546875,-133.28102111816406,-23.039817810058597,488.7526245117188,-224.6613006591797,-163.09678649902344,849.326171875
123.28008270263672,-199.661865234375,133.17575073242188,142.9991455078125,-143.9702606201172,988.4454956054688,131.2574920654297,-217.30007934570312,502.9892578125,257.01446533203125,-92.39077758789062,830.001220703125,-125.1620635986328,218.2436370849609,227.02117919921875,-157.1103973388672,-95.0505599975586,974.0997314453124,-133.711181640625,-32.505409240722656,487.9614868164063,-223.5294952392578,-160.58261108398438,850.3206176757812
123.2144546508789,-189.91490173339844,133.06069946289062,144.11720275878906,-144.23960876464844,990.0794067382812,132.01466369628906,-211.5167388916016,502.5618896484375,258.8597717285156,-99.7488021850586,832.70361328125,-124.99038696289062,211.24142456054688,232.8821258544922,-156.09873962402344,-95.2411651611328,974.9164428710938,-134.1549072265625,-42.19439697265625,487.4254455566406,-222.40484619140625,-158.0704803466797,851.410888671875
123.13195037841795,-180.10922241210938,132.95550537109375,145.17466735839844,-144.32736206054688,991.61865234375,132.65814208984375,-205.2697906494141,502.0514221191406,260.6884155273437,-107.17888641357422,835.5551147460938,-124.7259521484375,203.3373107910156,238.55691528320312,-155.14906311035156,-95.21326446533205,975.8260498046876,-134.58084106445312,-52.04104232788086,487.21575927734375,-221.2978515625,-155.5599365234375,852.5759887695312
123.04457092285156,-170.26876831054688,132.8575439453125,146.16783142089844,-144.23487854003906,993.0535278320312,133.23497009277344,-198.65060424804688,501.4948425292969,262.48992919921875,-114.65463256835938,838.5399169921875,-124.36931610107422,194.6546936035156,243.9455718994141,-154.26585388183594,-94.98531341552734,976.8267822265624,-134.9686279296875,-61.9867057800293,487.3909912109375,-220.2186737060547,-153.04974365234375,853.7955932617188
122.96275329589844,-160.41171264648438,132.76617431640625,147.0956268310547,-143.96421813964844,994.3773193359376,133.78929138183594,-191.74917602539065,500.9258117675781,264.2538146972656,-122.15006256103516,841.641845703125,-123.92642974853516,185.31126403808597,248.94601440429688,-153.4517364501953,-94.5804672241211,977.9166870117188,-135.30923461914062,-71.978515625,487.9924011230469,-219.1768493652344,-150.53802490234375,855.0503540039062
122.8936767578125,-150.55030822753906,132.68252563476562,147.95936584472656,-143.51828002929688,995.585205078125,134.3534698486328,-184.64620971679688,500.37158203125,265.9696960449219,-129.63983154296875,844.8442993164062,-123.4079360961914,175.4086151123047,253.4540252685547,-152.70748901367188,-94.0249481201172,979.0929565429688,-135.60377502441406,-81.96711730957031,489.041015625,-218.18093872070312,-148.02247619628906,856.321533203125
122.84017944335938,-140.69166564941406,132.60928344726562,148.76211547851562,-142.90097045898438,996.6734008789062,134.94224548339844,-177.40731811523438,499.8508605957031,267.6273498535156,-137.09933471679688,848.1304321289062,-122.827880859375,165.0261993408203,257.36529541015625,-152.03221130371094,-93.34632110595705,980.3509521484376,-135.86094665527344,-91.90393829345705,490.5365905761719,-217.2382049560547,-145.50045776367188,857.5914306640625
122.80057525634766,-130.83920288085938,132.5500946044922,149.50799560546875,-142.11769104003906,997.6384887695312,135.55076599121094,-170.08050537109375,499.37353515625,269.2170104980469,-144.50491333007812,851.4828491210938,-122.20228576660156,154.21978759765625,260.5797119140625,-151.42355346679688,-92.57192993164062,981.6842041015624,-136.0942840576172,-101.7390365600586,492.458251953125,-216.35443115234372,-142.9691925048828,858.843017578125
122.76912689208984,-120.99402618408205,132.509033203125,150.20147705078125,-141.1756134033203,998.476806640625,136.1567840576172,-162.69662475585938,498.9412536621094,270.7294006347656,-151.83384704589844,854.8837890625,-121.54810333251952,143.0234832763672,263.00738525390625,-150.8781280517578,-91.7274398803711,983.0831298828124,-136.3193359375,-111.42020416259766,494.7663879394531,-215.53390502929688,-140.42596435546875,860.0601806640625
122.73724365234376,-111.15628814697266,132.4898681640625,150.84674072265625,-140.08416748046875,999.184326171875,136.72608947753906,-155.27207946777344,498.5492858886719,272.1558532714844,-159.06454467773438,858.3151245117188,-120.8828582763672,131.4536590576172,264.5741882324219,-150.39195251464844,-90.83570861816406,984.5353393554688,-136.5511474609375,-120.89336395263672,497.4062194824219,-214.77931213378903,-137.8682861328125,861.2272338867188
122.6950454711914,-101.3260726928711,132.49560546875,151.44723510742188,-138.85507202148438,999.7568359375,137.22036743164062,-147.81268310546875,498.1886291503906,273.48846435546875,-166.1765899658203,861.758056640625,-120.22484588623048,119.51327514648438,265.2261962890625,-149.9608917236328,-89.91602325439453,986.0250854492188,-136.80157470703125,-130.10374450683594,500.3125,-214.09190368652344,-135.2940673828125,862.3292236328125
122.63286590576172,-91.50398254394533,132.52801513671875,152.00523376464844,-137.5022735595703,1000.1905517578124,137.60540771484375,-140.31861877441406,497.8480224609375,274.719970703125,-173.15077209472656,865.1934204101562,-119.5937271118164,107.1957015991211,264.9319152832031,-149.58103942871094,-88.9837875366211,987.5335083007812,-137.07664489746094,-138.99732971191406,503.4146423339844,-213.47169494628903,-132.7017822265625,863.3516235351562
122.54251098632812,-81.69143676757812,132.5874481201172,152.5216064453125,-136.0414581298828,1000.4819946289062,137.8577117919922,-132.78933715820312,497.5161743164063,275.8439636230469,-179.96917724609375,868.6013793945312,-119.01106262207033,94.48785400390624,263.68292236328125,-149.2490692138672,-88.05059051513672,989.0390014648438,-137.3746795654297,-147.52207946777344,506.6419372558594,-212.9176483154297,-130.09060668945312,864.2803955078125
122.41804504394533,-71.890625,132.6728973388672,152.9956512451172,-134.4894561767578,1000.629150390625,137.96759033203125,-125.22816467285156,497.1831359863281,276.8547668457031,-186.61517333984372,871.9613647460938,-118.50060272216795,81.37245178222656,261.4931030273437,-148.9624786376953,-87.12464141845703,990.5178833007812,-137.6855926513672,-155.62905883789062,509.9275817871094,-212.42800903320312,-127.46051788330078,865.1021118164062
122.25602722167967,-62.104225158691406,132.7821502685547,153.42520141601562,-132.86378479003906,1000.6311645507812,137.9386749267578,-117.6451187133789,496.8410034179688,277.7474670410156,-193.0733642578125,875.25244140625,-118.0881118774414,67.82933807373047,258.39715576171875,-148.71966552734375,-86.21135711669922,991.9451904296876,-137.991943359375,-163.2731170654297,513.2110595703125,-212.0005645751953,-124.81243896484376,865.803955078125
122.05538177490234,-52.33501052856445,132.91221618652344,153.80685424804688,-131.1822052001953,1000.489013671875,137.78485107421875,-110.05802917480467,496.484130859375,278.517822265625,-199.32960510253903,878.4530639648438,-117.80057525634766,53.83617401123047,254.44873046875,-148.51992797851562,-85.31407928466797,993.2953491210938,-138.2720947265625,-170.4138641357422,516.4383544921875,-211.63302612304688,-122.14826202392578,866.373779296875
121.81692504882812,-42.585391998291016,133.0597381591797,154.13645935058594,-129.46243286132812,1000.2052612304688,137.5258026123047,-102.49164581298828,496.1089172363281,279.16229248046875,-205.37094116210935,881.5414428710938,-117.66477966308594,39.36914825439453,249.7183990478516,-148.36334228515625,-84.43486022949219,994.5433959960938,-138.50430297851562,-177.01681518554688,519.5601196289062,-211.3232269287109,-119.47091674804688,866.8004150390625
121.54280853271484,-32.85714340209961,133.22137451171875,154.40957641601562,-127.72196197509766,999.7839965820312,137.1824951171875,-94.97545623779295,495.7131652832031,279.6779479980469,-211.1856231689453,884.4954223632812,-117.7053451538086,24.40422821044922,244.292236328125,-148.25059509277344,-83.57514190673828,995.6653442382812,-138.670654296875,-183.05381774902344,522.5296630859375,-211.06944274902344,-116.7844009399414,867.0737915039062
121.23601531982422,-23.151254653930664,133.39418029785156,154.6220703125,-125.97794342041016,999.2305908203124,136.773681640625,-87.54109191894531,495.2957763671875,280.0624084472656,-216.7629852294922,887.2927856445312,-117.94258880615234,8.919583320617676,238.27053833007807,-148.18276977539062,-82.73648834228516,996.6392211914062,-138.75961303710938,-188.5030059814453,525.3009643554688,-210.87049865722656,-114.0937957763672,867.1851806640625
120.89990997314452,-13.468034744262695,133.57562255859375,154.77061462402344,-124.24708557128906,998.5516357421876,136.31385803222656,-80.21973419189453,494.85595703125,280.3137512207031,-222.09349060058597,889.9114379882812,-118.39102172851562,-7.101473808288574,231.7665252685547,-148.16114807128906,-81.92108154296875,997.4451904296876,-138.76734924316406,-193.34848022460935,527.8279418945312,-210.7259979248047,-111.40526580810548,867.127197265625
120.53795623779295,-3.8072822093963614,133.76373291015625,154.8531494140625,-122.54552459716795,997.7542114257812,135.8129119873047,-73.03935241699219,494.393310546875,280.4305725097656,-227.1685333251953,892.329833984375,-119.05905151367188,-23.667463302612305,224.9047698974609,-148.1870574951172,-81.13225555419922,998.06640625,-138.6976776123047,-197.58018493652344,530.0648193359375,-210.63633728027344,-108.72604370117188,866.894287109375
120.15364837646484,5.831493377685547,133.95706176757812,154.86903381347656,-120.88865661621094,996.8463134765624,135.27700805664062,-66.0223388671875,493.9076843261719,280.41192626953125,-231.98043823242188,894.5269775390625,-119.94937133789062,-40.77576446533203,217.81906127929688,-148.2616729736328,-80.37478637695312,998.48876953125,-138.5611572265625,-201.1939697265625,531.9674682617188,-210.60275268554688,-106.06441497802734,866.4825439453125
119.7505111694336,15.44885540008545,134.1547393798828,154.81922912597656,-119.29097747802734,995.8361206054688,134.7102508544922,-59.18375778198242,493.39935302734375,280.2572937011719,-236.5222320556641,896.4828491210938,-121.0595245361328,-58.40986633300781,210.6495361328125,-148.38595581054688,-79.65521240234375,998.7015991210938,-138.3735809326172,-204.1920318603516,533.4957885742188,-210.62730407714844,-103.42970275878906,865.8900146484375
119.33219146728516,25.045202255249023,134.3564910888672,154.7061004638672,-117.76602172851562,994.7318725585938,134.11639404296875,-52.53045654296875,492.86907958984375,279.96661376953125,-240.7876892089844,898.1786499023438,-122.38228607177734,-76.53703308105469,203.53900146484372,-148.56051635742188,-78.98192596435547,998.6973266601562,-138.154296875,-206.58364868164065,534.6159057617188,-210.71278381347656,-100.83219909667967,865.1167602539062
118.90259552001952,34.62043380737305,134.5626678466797,154.53329467773438,-116.326416015625,993.5421142578124,133.5004425048828,-46.06108856201172,492.3185729980469,279.540283203125,-244.7711181640625,899.5971069335938,-123.90582275390624,-95.10641479492188,196.6288299560547,-148.78561401367188,-78.36522674560547,998.471923828125,-137.924560546875,-208.38623046875,535.3029174804688,-210.86264038085935,-98.28314971923828,864.1648559570312
118.46595764160156,44.17355346679688,134.77447509765625,154.30523681640625,-114.98395538330078,992.2750854492188,132.86947631835938,-39.76721954345703,491.7505493164063,278.9791259765625,-248.46730041503903,900.7228393554688,-125.6136245727539,-114.0475845336914,190.0542907714844,-149.06109619140625,-77.81719207763672,998.0250244140624,-137.70623779296875,-209.62632751464844,535.5428466796875,-211.0808868408203,-95.79464721679688,863.0383911132812
118.02696228027344,53.70229721069336,134.9940948486328,154.0266571044922,-113.74977111816406,990.9388427734376,132.23284912109375,-33.635982513427734,491.1688232421875,278.2843322753906,-251.87147521972656,901.5424194335938,-127.48418426513672,-133.26934814453125,183.93972778320312,-149.38658142089844,-77.35140991210938,997.3599853515624,-137.5206298828125,-210.34054565429688,535.3343505859375,-211.37196350097656,-93.37955474853516,861.74365234375
117.59090423583984,63.20288848876953,135.22486877441406,153.70204162597656,-112.63440704345705,989.541259765625,131.60137939453125,-27.65375518798828,490.5780944824219,277.45758056640625,-254.9791412353516,902.044921875,-129.49070739746094,-152.6590576171875,178.39358520507812,-149.76138305664062,-76.98257446289062,996.4840698242188,-137.38775634765625,-210.57595825195312,534.6898803710938,-211.7406005859375,-91.05139923095705,860.288818359375
117.16378784179688,72.66990661621094,135.47145080566406,153.3351287841797,-111.64807891845705,988.0899658203124,130.9864044189453,-21.809947967529297,489.9835510253906,276.5008239746094,-257.7860717773437,902.2220458984376,-131.600830078125,-172.0825653076172,173.5032501220703,-150.18478393554688,-76.72600555419922,995.40869140625,-137.3255157470703,-210.3900604248047,533.6354370117188,-212.19168090820312,-88.82421112060547,858.6842041015625
116.75236511230467,82.09624481201172,135.73995971679688,152.9286346435547,-110.80072784423828,986.5925903320312,130.39859008789062,-16.100082397460938,489.3905944824219,275.4164123535156,-260.28814697265625,902.0684814453124,-133.7767333984375,-191.38507080078125,169.33042907714844,-150.65611267089844,-76.59711456298828,994.1492919921876,-137.34893798828125,-209.85028076171875,532.2096557617188,-212.7300720214844,-86.71244812011719,856.9420166015625
116.36407470703124,91.4730987548828,136.03799438476562,152.48406982421875,-110.10208892822266,985.0570678710938,129.846923828125,-10.528046607971191,488.8046875,274.2071228027344,-262.4813842773437,901.58203125,-135.9755096435547,-210.3931427001953,165.90721130371094,-151.17494201660156,-76.61083221435547,992.7255249023438,-137.46939086914062,-209.0330352783203,530.4615478515625,-213.3604736328125,-84.73085021972656,855.0765991210938
116.00675964355467,100.7899169921875,136.3748016357422,152.001708984375,-109.5616683959961,983.4920043945312,129.33763122558594,-5.1078290939331055,488.2306823730469,272.8759460449219,-264.3618469238281,900.7640380859376,-138.14981079101562,-228.9183807373047,163.23355102539062,-151.7411651611328,-76.78118896484375,991.1610717773438,-137.69381713867188,-208.02230834960935,528.4478759765625,-214.08726501464844,-82.89431762695312,853.1041259765625
115.6883316040039,110.0343017578125,136.7613067626953,151.4806365966797,-109.188720703125,981.9067993164062,128.8732452392578,0.1352404505014419,487.6721496582031,271.4263000488281,-265.9256286621094,899.6195068359375,-140.24888610839844,-246.7624664306641,161.2769012451172,-152.3551483154297,-77.12084197998047,989.4833984375,-138.02418518066406,-206.9076995849609,526.230224609375,-214.91436767578125,-81.21778869628906,851.0426025390625
115.41625213623048,119.19194793701172,137.210205078125,150.91867065429688,-108.9923324584961,980.3116455078124,128.45169067382812,5.164047718048096,487.1306762695313,269.86199951171875,-267.1688232421875,898.1570434570312,-142.2200469970703,-263.7227783203125,159.9739532470703,-153.0177001953125,-77.64082336425781,987.7232666015624,-138.45706176757812,-205.78176879882807,523.8724975585938,-215.84503173828125,-79.71611022949219,848.9119873046875
115.19681549072266,128.24668884277344,137.7361602783203,150.31251525878906,-108.9814224243164,978.7177734375,128.06581115722656,9.930256843566896,486.6053466796875,268.1871643066406,-268.0876770019531,896.38916015625,-144.01065063476562,-279.5987243652344,159.23487854003906,-153.7300567626953,-78.35028076171875,985.9142456054688,-138.9833221435547,-204.73675537109372,521.4388427734375,-216.8817901611328,-78.40391540527344,846.7337036132812
115.03402709960938,137.18084716796875,138.35586547851562,149.65786743164062,-109.16474151611328,977.1368408203124,127.70323181152344,14.375843048095703,486.09228515625,266.4064636230469,-268.6785888671875,894.3321533203125,-145.57080078125,-294.1986389160156,158.94952392578125,-154.49375915527344,-79.25633239746094,984.091796875,-139.58802795410156,-203.86073303222656,518.9925537109375,-218.02622985839844,-77.29549407958984,844.5308227539062
114.92855072021484,145.97564697265625,139.08865356445312,148.94955444335938,-109.55081939697266,975.5810546875,127.34666442871094,18.43534469604492,485.5847778320313,264.5248718261719,-268.93817138671875,892.0061645507812,-146.8566436767578,-307.34771728515625,158.99545288085938,-155.310546875,-80.36392974853516,982.2925415039062,-140.25050354003906,-203.23358154296875,516.5942993164062,-219.2790069580078,-76.4046859741211,842.3275146484375
114.8773422241211,154.6112823486328,139.95718383789062,148.18190002441406,-110.1476821899414,974.0628051757812,126.97493743896484,22.038572311401367,485.0735473632813,262.54803466796875,-268.8635559082031,889.4349365234375,-147.8339385986328,-318.89630126953125,159.24696350097656,-156.18212890625,-81.67576599121094,980.5531616210938,-140.94515991210938,-202.9234161376953,514.3007202148438,-220.63967895507807,-75.7447280883789,840.1491088867188
114.8737335205078,163.0662841796875,140.98748779296875,147.34902954101562,-110.96246337890624,972.5944213867188,126.56460571289062,25.113584518432617,484.5477294921875,260.4820251464844,-268.452392578125,886.6455078125,-148.48143005371094,-328.72802734375,159.58438110351562,-157.11000061035156,-83.19206237792969,978.9095458984376,-141.64309692382812,-202.98391723632807,512.1629028320312,-222.10662841796875,-75.32816314697266,838.0215454101562
114.90803527832033,171.31649780273438,142.20858764648438,146.44522094726562,-112.00083923339844,971.1878662109376,126.09231567382812,27.58953285217285,483.9956359863281,258.3336181640625,-267.70318603515625,883.6679077148438,-148.79344177246094,-336.7669982910156,159.90277099609375,-158.09524536132812,-84.910400390625,977.3955688476562,-142.3148651123047,-203.4527130126953,510.2248229980469,-223.67713928222656,-75.16670989990234,835.970947265625
114.96849822998048,179.3338165283203,143.652099609375,145.46534729003906,-113.26642608642578,969.8546142578124,125.53752899169922,29.39913749694824,483.4060363769531,256.110107421875,-266.615478515625,880.5350341796875,-148.78152465820312,-342.9830627441406,160.11871337890625,-159.13836669921875,-86.82546997070312,976.042236328125,-142.93362426757812,-204.3503875732422,508.5230407714844,-225.3472900390625,-75.27113342285156,834.0233764648438
115.04247283935548,187.0849151611328,145.3516845703125,144.4052734375,-114.7601318359375,968.6054077148438,124.88555908203124,30.48065757751465,482.7691040039063,253.81951904296875,-265.19012451171875,877.2816772460938,-148.4745635986328,-347.394775390625,160.1743927001953,-160.23916625976562,-88.92882537841797,974.877197265625,-143.47837829589844,-205.6800994873047,507.08636474609375,-227.1120147705078,-75.6511001586914,832.2044677734375
115.11768341064452,194.5298614501953,147.34219360351562,143.26223754882812,-116.47960662841795,967.4498901367188,124.1303482055664,30.779375076293945,482.0768737792969,251.4704742431641,-263.4294738769531,873.9443359375,-147.91761779785156,-350.0687866210937,160.0382537841797,-161.3966064453125,-91.2086944580078,973.9237060546876,-143.93692016601562,-207.4278106689453,505.9359130859375,-228.96519470214844,-76.31505584716797,830.5386352539062
115.18333435058594,201.6210021972656,149.65858459472656,142.0351104736328,-118.41877746582033,966.3966064453124,123.2767333984375,30.2486629486084,481.3238830566406,249.0722503662109,-261.3376770019531,870.5604858398438,-147.16937255859375,-351.1158142089844,159.70237731933594,-162.6088104248047,-93.64989471435548,973.2003784179688,-144.3083038330078,-209.56292724609372,505.08538818359375,-230.899658203125,-77.27011108398438,829.0488891601562
115.23091888427734,208.30206298828125,152.33457946777344,140.7246856689453,-120.56739044189452,965.4524536132812,122.34156799316406,28.850812911987305,480.5068359375,246.6346740722656,-258.9207763671875,867.1679077148438,-146.2983856201172,-350.6825866699219,159.17774963378906,-163.8730010986328,-96.23389434814452,972.7205810546876,-144.60458374023438,-212.03976440429688,504.5408325195313,-232.9073944091797,-78.52185821533203,827.7562866210938
115.2546615600586,214.5076446533203,155.40130615234375,139.33389282226562,-122.91065216064452,964.6229858398438,121.3535614013672,26.557863235473636,479.62451171875,244.1681060791016,-256.18707275390625,863.8040771484375,-145.3783416748047,-348.9404296875,158.48902893066406,-165.18551635742188,-98.93907928466795,972.49267578125,-144.85134887695312,-214.79949951171875,504.3000183105469,-234.9796142578125,-80.07430267333984,826.6796875
115.25154113769533,220.16331481933597,158.8856964111328,137.86788940429688,-125.42894744873048,963.9118041992188,120.35161590576172,23.352697372436523,478.6773071289063,241.6833648681641,-253.14700317382807,860.5056762695312,-144.48233032226562,-346.0717468261719,157.66954040527344,-166.5417938232422,-101.74124145507812,972.5193481445312,-145.08677673339844,-217.7723388671875,504.3509521484375,-237.1068878173828,-81.9296875,825.8352661132812
115.22097778320312,225.18634033203125,162.80909729003906,136.33419799804688,-128.09771728515625,963.3211669921876,119.38156127929688,19.23043441772461,477.6666870117188,239.1916656494141,-249.8134613037109,857.3076782226562,-143.67678833007812,-342.2561340332031,156.75624084472656,-167.9364471435547,-104.61424255371094,972.7979736328124,-145.3590087890625,-220.8795318603516,504.6705017089844,-239.27940368652344,-84.08844757080078,825.2362060546875
115.1642074584961,229.4869384765625,167.18548583984375,134.7425537109375,-130.8875732421875,962.8516845703124,118.49163055419922,14.199722290039062,476.5949401855469,236.70455932617188,-246.20167541503903,854.2431640625,-143.0157470703125,-337.6581726074219,155.78567504882812,-169.3633270263672,-107.53076934814452,973.3206176757812,-145.7216033935547,-224.03512573242188,505.22259521484375,-241.487060546875,-86.54904174804688,824.8924560546875
115.08342742919922,232.97042846679688,172.0196990966797,133.10470581054688,-133.7645721435547,962.5029296875,117.72688293457033,8.283537864685059,475.46527099609375,234.2338714599609,-242.32916259765625,851.3425903320312,-142.53668212890625,-332.4183044433594,154.79136657714844,-170.8155975341797,-110.46321868896484,974.0743408203124,-146.2278289794922,-227.14730834960935,505.9577331542969,-243.7196807861328,-89.30789947509766,824.8108520507812
114.98095703125,235.5404052734375,177.305419921875,131.4341583251953,-136.69091796875,962.273681640625,117.12360382080078,1.5191385746002195,474.2826232910156,231.7916259765625,-238.2156982421875,848.6334228515625,-142.2586212158203,-326.6478576660156,153.8024139404297,-172.2858123779297,-113.3844223022461,975.041748046875,-146.92405700683594,-230.11956787109372,506.8141784667969,-245.96714782714844,-92.35932159423828,824.9947509765625
114.85861206054688,237.10292053222656,183.02325439453125,129.74569702148438,-139.625732421875,962.1627197265624,116.70445251464844,-6.043041706085205,473.0551452636719,229.38998413085935,-233.8831329345703,846.1398315429688,-142.1826171875,-320.4278564453125,152.84303283691406,-173.76609802246094,-116.26832580566406,976.2018432617188,-147.84327697753906,-232.85174560546875,507.72174072265625,-248.21954345703125,-95.6954574584961,825.444091796875
114.7171859741211,237.5718994140625,189.13868713378903,128.0548858642578,-142.52642822265625,962.1691284179688,116.47522735595705,-14.341474533081056,471.79632568359375,227.04124450683597,-229.3550262451172,843.882568359375,-142.29429626464844,-313.81158447265625,151.9325714111328,-175.24822998046875,-119.0903778076172,977.5306396484376,-149.00006103515625,-235.24151611328125,508.6081237792969,-250.4672088623047,-99.3062744140625,826.1557006835938
114.55596923828124,236.87510681152344,195.60052490234372,126.37745666503906,-145.35015869140625,962.2930908203124,116.42369842529295,-23.30612564086914,470.5271606445313,224.75770568847656,-224.656494140625,841.8784790039062,-142.56759643554688,-306.8297119140625,151.08580017089844,-176.723876953125,-121.8277359008789,979.0028076171876,-150.38784790039062,-237.18653869628903,509.4067077636719,-252.7008056640625,-103.17964935302734,827.1234741210938
114.37223815917967,234.96026611328125,202.34011840820312,124.7286605834961,-148.0555419921875,962.5360107421876,116.52096557617188,-32.86124801635742,469.2779235839844,222.5515899658203,-219.81362915039065,840.140869140625,-142.9689483642578,-299.4973449707031,150.3133544921875,-178.18478393554688,-124.4592514038086,980.5924072265624,-151.9794158935547,-238.5874481201172,510.0640258789063,-254.9113006591797,-107.30148315429688,828.3385009765625
114.1611328125,231.80018615722656,209.27215576171875,123.12257385253906,-150.60450744628906,962.9006958007812,116.72499084472656,-42.92810821533203,468.089111328125,220.4349670410156,-214.85324096679688,838.6792602539062,-143.4611053466797,-291.8218078613281,149.62208557128906,-179.62301635742188,-126.96537017822266,982.2739868164062,-153.72975158691406,-239.3519592285156,510.5452575683594,-257.0898742675781,-111.65581512451172,829.7896728515625
113.9159164428711,227.3966064453125,216.2970123291016,121.57135009765624,-152.96414184570312,963.3910522460938,116.9856948852539,-53.42755126953125,467.0107421875,218.4196014404297,-209.80227661132807,837.4995727539062,-144.0065460205078,-283.809814453125,149.0155792236328,-181.03126525878903,-129.3280029296875,984.0232543945312,-155.58099365234375,-239.39920043945312,510.8370666503906,-259.2278747558594,-116.2250747680664,831.4638671875
113.6285400390625,221.78184509277344,223.30406188964844,120.08470916748048,-155.1082305908203,964.0123291015624,117.25054931640624,-64.28247833251953,466.1005859375,216.5167999267578,-204.68746948242188,836.6040649414062,-144.57020568847656,-275.4733581542969,148.4944610595703,-182.4031219482422,-131.5304412841797,985.8178100585938,-157.4681854248047,-238.66448974609372,510.94720458984375,-261.3168640136719,-120.99030303955078,833.3463134765625
113.29019927978516,215.0175323486328,230.17559814453125,118.66948699951172,-157.01821899414062,964.7699584960938,117.46979522705078,-75.4198226928711,465.4208984375,214.7372589111328,-199.53489685058597,835.9915771484375,-145.1214599609375,-266.8334045410156,148.0567626953125,-183.73333740234372,-133.55728149414062,987.6367797851562,-159.32545471191406,-237.1037139892578,510.9013366699219,-263.34832763671875,-125.93143463134766,835.4209594726562
112.89201354980467,207.1895446777344,236.7906494140625,117.32952880859376,-158.68348693847656,965.6695556640624,117.60077667236328,-86.77168273925781,465.0345458984375,213.09083557128903,-194.36965942382807,835.65771484375,-145.63540649414062,-257.920654296875,147.69834899902344,-185.01791381835935,-135.3945770263672,989.4611206054688,-161.09202575683594,-234.6972503662109,510.7373352050781,-265.3139038085937,-131.027587890625,837.670654296875
112.42567443847656,198.39944458007807,243.02853393554688,116.0656967163086,-160.10125732421875,966.7157592773438,117.6112060546875,-98.27555847167967,465.0003662109375,211.58639526367188,-189.21560668945312,835.5945434570312,-146.09373474121094,-248.77359008789065,147.41357421875,-186.25428771972656,-137.02999877929688,991.2730712890624,-162.71713256835938,-231.45315551757807,510.4990234375,-267.2052917480469,-136.25738525390625,840.0776977539062
111.88431549072266,188.75445556640625,248.77198791503903,114.87608337402344,-161.27601623535156,967.9115600585938,117.48091888427734,-109.87367248535156,465.3688049316406,210.23165893554688,-184.0950469970703,835.791259765625,-146.4848175048828,-239.4351501464844,147.19577026367188,-187.44114685058597,-138.45310974121094,993.0558471679688,-164.1637725830078,-227.40847778320312,510.2297058105469,-269.0143127441406,-141.59918212890625,842.623779296875
111.26380157470705,178.35862731933594,253.91017150878903,113.75643157958984,-162.21853637695312,969.257568359375,117.20208740234376,-121.5116958618164,466.1775817871094,209.0329742431641,-179.02853393554688,836.2339477539062,-146.80345153808594,-229.9492034912109,147.0376739501953,-188.5783233642578,-139.6557159423828,994.7935791015624,-165.41058349609375,-222.62857055664065,509.967041015625,-270.7330627441406,-147.0314483642578,845.2901611328125
110.56387329101562,167.30728149414062,258.3418884277344,112.70068359375,-162.94467163085938,970.7506713867188,116.77799224853516,-133.13719177246094,467.4485168457031,207.9951934814453,-174.0347442626953,836.9058227539062,-147.0502166748047,-220.35760498046875,146.93182373046875,-189.6664886474609,-140.63221740722656,996.4708862304688,-166.45225524902344,-217.20343017578125,509.7399597167969,-272.3539733886719,-152.53298950195312,848.0579223632812
109.78865814208984,155.68423461914062,261.9784851074219,111.7017593383789,-163.47381591796875,972.3839111328124,116.22064208984376,-144.69813537597656,469.1856994628906,207.12155151367188,-169.13035583496094,837.7874755859375,-147.23036193847656,-210.69793701171875,146.87091064453125,-190.7068023681641,-141.38006591796875,998.0732421875,-167.29798889160156,-211.24163818359372,509.5670776367188,-273.8699035644531,-158.08323669433594,850.9081420898438
108.94651794433594,143.5607147216797,264.7464599609375,110.75236511230467,-163.8274688720703,974.145263671875,115.54782104492188,-156.141845703125,471.375244140625,206.41358947753903,-164.32994079589844,838.857177734375,-147.35235595703125,-201.00238037109372,146.8480987548828,-191.7005615234375,-141.9001007080078,999.5869140625,-167.96868896484375,-204.86241149902344,509.4566345214844,-275.27447509765625,-163.6624298095703,853.8216552734375
108.04962158203124,130.99510192871094,266.5892333984375,109.84581756591795,-164.02772521972656,976.0176391601562,114.78005981445312,-167.4142608642578,473.9866638183594,205.8710174560547,-159.64596557617188,840.0910034179688,-147.42642211914062,-191.29739379882807,146.8572235107422,-192.6488800048828,-142.19667053222656,1000.9993286132812,-168.49310302734375,-198.18690490722656,509.4074401855469,-276.5619812011719,-169.25180053710938,856.7792358398438
107.11322784423828,118.03272247314452,267.4681396484375,108.97665405273438,-164.0961456298828,977.9791259765624,113.93781280517578,-178.45982360839844,476.9753112792969,205.49176025390625,-155.08888244628906,841.463134765625,-147.4630889892578,-181.603759765625,146.8927764892578,-193.5523834228516,-142.27774047851562,1002.2993774414062,-168.90357971191406,-191.3300628662109,509.4104919433594,-277.7276306152344,-174.83372497558594,859.76171875
106.15467071533205,104.70574951171876,267.36297607421875,108.14104461669922,-164.05267333984375,980.0036010742188,113.03917694091795,-189.22183227539065,480.2857055664063,205.2718963623047,-150.66709899902344,842.946533203125,-147.47230529785156,-171.93695068359375,146.9498748779297,-194.4111328125,-142.15469360351562,1003.4775390625,-169.23208618164062,-184.3935546875,509.4512939453125,-278.76763916015625,-180.3918609619141,862.749755859375
105.19234466552734,91.03290557861328,266.27197265625,107.3369369506836,-163.91493225097656,982.0615234375,112.09825134277344,-199.64344787597656,483.855224609375,205.2057037353516,-146.38719177246094,844.5131225585938,-147.46266174316406,-162.3075714111328,147.02407836914062,-195.22447204589844,-141.842041015625,1004.5262451171876,-169.5070037841797,-177.46058654785156,509.51220703125,-279.67926025390625,-185.91110229492188,865.72412109375
104.24463653564452,77.01954650878906,264.2116394042969,106.56407928466795,-163.6977996826172,984.1215209960938,111.12434387207033,-209.6691436767578,487.6172790527344,205.28582763671875,-142.25401306152344,846.1343383789062,-147.4411163330078,-152.7220458984375,147.1114044189453,-195.9911346435547,-141.3570556640625,1005.4400634765624,-169.7510223388672,-170.5928497314453,509.5751647949219,-280.4608459472656,-191.37767028808597,868.6654663085938
103.3290023803711,62.65837860107422,261.21661376953125,105.82389068603516,-163.41323852539062,986.1510620117188,110.1219482421875,-219.24627685546875,491.5044250488281,205.5033721923828,-138.2709503173828,847.7815551757812,-147.41307067871094,-143.1832733154297,147.2083282470703,-196.7093048095703,-140.71925354003906,1006.2155151367188,-169.98037719726562,-163.829833984375,509.6239013671875,-281.1117553710937,-196.7790985107422,871.5545043945312
102.46138763427734,47.93143844604492,257.3397216796875,105.11915588378906,-163.0704345703125,988.1183471679688,109.09136962890624,-228.32672119140625,495.4505615234375,205.8481903076172,-134.4400634765625,849.4265747070312,-147.38258361816406,-133.69117736816406,147.3119659423828,-197.3767852783203,-139.94985961914062,1006.8515014648438,-170.204833984375,-157.1905517578125,509.645751953125,-281.632568359375,-202.1041412353516,874.3722534179688
101.6561508178711,32.81314468383789,252.65174865722656,104.45372772216795,-162.6761474609375,989.9928588867188,108.02999114990234,-236.86813354492188,499.392333984375,206.30902099609372,-130.7623291015625,851.0423583984375,-147.35269165039062,-124.2432861328125,147.4202423095703,-197.9911651611328,-139.07102966308594,1007.3487548828124,-170.42852783203125,-150.67715454101562,509.6329040527344,-282.0247497558594,-207.3427276611328,877.0999755859375
100.92610931396484,17.273984909057617,247.24082946777344,103.83211517333984,-162.23521423339844,991.7463989257812,106.93376922607422,-244.834716796875,503.2703857421875,206.87387084960935,-127.2379150390625,852.6031494140625,-147.3256378173828,-114.83515167236328,147.53224182128906,-198.54995727539065,-138.1051788330078,1007.710205078125,-170.6509552001953,-144.27940368652344,509.5827026367188,-282.290771484375,-212.48587036132807,879.7195434570312
100.28256225585938,1.2842960357666016,241.21051025390625,103.2591552734375,-161.75123596191406,993.3538818359376,105.7989501953125,-252.19744873046875,507.0296936035156,207.5302276611328,-123.86637115478516,854.0848388671875,-147.3030242919922,-105.46097564697266,147.64830017089844,-199.0506896972656,-137.07420349121094,1007.9405517578124,-170.86862182617188,-137.97940063476562,509.4974670410156,-282.43408203125,-217.525634765625,882.213623046875
99.7352294921875,-15.182058334350586,234.67713928222656,102.73961639404295,-161.2272491455078,994.7938842773438,104.6236801147461,-258.9341125488281,510.6200256347656,208.2653350830078,-120.64683532714844,855.4656982421875,-147.28590393066406,-96.11428833007812,147.7701416015625,-199.4910888671875,-135.99876403808594,1008.0460205078124,-171.07662963867188,-131.75555419921875,509.3835754394531,-282.4587707519531,-222.45489501953125,884.565673828125
99.29192352294922,-32.14424514770508,227.766357421875,102.2778778076172,-160.66648864746094,996.0484619140624,103.40949249267578,-265.0291748046875,513.995849609375,209.0665435791016,-117.5782699584961,856.726318359375,-147.2748260498047,-86.7886734008789,147.9008026123047,-199.8692321777344,-134.89797973632812,1008.0341186523438,-171.27023315429688,-125.58580017089844,509.2504577636719,-282.36968994140625,-227.26736450195312,886.7606201171875
98.95802307128906,-49.6113166809082,220.60960388183597,101.87759399414062,-160.0730743408203,997.103759765625,102.16239166259766,-270.4736633300781,517.1163940429688,209.9215240478516,-114.65962982177734,857.8497924804688,-147.2698516845703,-77.47842407226562,148.04437255859375,-200.1837158203125,-133.78909301757812,1007.9130249023438,-171.44569396972656,-119.44996643066406,509.1094055175781,-282.17218017578125,-231.95738220214844,888.7846069335938
98.7360382080078,-67.57916259765625,213.3404998779297,101.5413818359375,-159.45254516601562,997.94970703125,100.89344024658205,-275.26519775390625,519.94580078125,210.81846618652344,-111.88995361328124,858.8218994140625,-147.27073669433594,-68.17910766601562,148.20570373535156,-200.4338531494141,-132.6875457763672,1007.69140625,-171.60069274902344,-113.33152770996094,508.9724731445313,-281.8720703125,-236.5198516845703,890.6256713867188
98.62531280517578,-86.02767944335938,206.0912628173828,101.27059936523438,-158.8123321533203,998.5797729492188,99.61875915527344,-279.4078369140625,522.4533081054688,211.74636840820312,-109.2684555053711,859.6312255859375,-147.2770538330078,-58.88800811767578,148.38998413085938,-200.6197662353516,-131.6068115234375,1007.3777465820312,-171.73443603515625,-107.21884155273438,508.8516845703125,-281.4754333496094,-240.95008850097656,892.2733764648438
98.62193298339844,-104.91853332519533,198.9891357421875,101.06526184082033,-158.16204833984375,998.9912109375,98.3589324951172,-282.9128112792969,524.6134643554688,212.69517517089844,-106.7945327758789,860.268798828125,-147.2884521484375,-49.60441970825195,148.60238647460938,-200.74252319335935,-130.55845642089844,1006.979736328125,-171.8475799560547,-101.10599517822266,508.7579345703125,-280.9884338378906,-245.24371337890625,893.7194213867188
98.71869659423828,-124.1938018798828,192.1528167724609,100.92399597167967,-157.51358032226562,999.18408203125,97.13784790039062,-285.7989196777344,526.40673828125,213.65597534179688,-104.46781158447266,860.728271484375,-147.30496215820312,-40.329532623291016,148.84767150878906,-200.8040008544922,-129.55206298828125,1006.5042724609376,-171.9422607421875,-94.99325561523438,508.7000122070313,-280.4172058105469,-249.3965606689453,894.9573974609375
98.90501403808594,-143.77537536621094,185.68911743164065,100.84420013427734,-156.88104248046875,999.1617431640624,95.98095703125,-288.09326171875,527.820068359375,214.62115478515625,-102.28817749023438,861.0054931640625,-147.32705688476562,-31.06614875793457,149.12994384765625,-200.80686950683597,-128.59532165527344,1005.9569702148438,-172.0222625732422,-88.88725280761719,508.68365478515625,-279.76776123046875,-253.40464782714844,895.9829711914062
99.16657257080078,-163.56504821777344,179.68997192382812,100.82231903076172,-156.280517578125,998.929931640625,94.91322326660156,-289.8314208984375,528.8474731445312,215.58444213867188,-100.2558135986328,861.0985717773438,-147.35577392578125,-21.81818962097168,149.45249938964844,-200.75439453125,-127.69441223144533,1005.3421630859376,-172.09310913085938,-82.80074310302734,508.7105712890625,-279.0458068847656,-257.26397705078125,896.7935791015625
99.48504638671876,-183.44541931152344,174.22975158691406,100.85417175292967,-155.72988891601562,998.4967651367188,93.95704650878906,-291.0574645996094,529.49072265625,216.5410003662109,-98.37124633789062,861.0072021484375,-147.39251708984375,-12.590197563171388,149.81759643554688,-200.65023803710935,-126.85437774658205,1004.6627197265624,-172.16192626953125,-76.75202178955078,508.7779235839844,-278.25665283203125,-260.97052001953125,897.3888549804688
99.8379898071289,-203.2816162109375,169.36312866210938,100.93534088134766,-155.2482147216797,997.87255859375,93.13037872314452,-291.8233642578125,529.759521484375,217.4873809814453,-96.6353759765625,860.73291015625,-147.43905639648438,-3.386930227279663,150.22642517089844,-200.49815368652344,-126.0797119140625,1003.9203491210938,-172.23658752441406,-70.7640151977539,508.87835693359375,-277.40509033203125,-264.52020263671875,897.7699584960938
100.1993179321289,-222.923828125,165.12355041503906,101.0615005493164,-154.8554229736328,997.0692749023438,92.44522857666016,-292.1882019042969,529.67138671875,218.42149353027344,-95.04952239990234,860.278564453125,-147.49732971191406,5.786856174468994,150.6791534423828,-200.30172729492188,-125.37478637695312,1003.1153564453124,-172.324462890625,-64.86325073242188,509.0005798339844,-276.495361328125,-267.9087829589844,897.9397583007812
100.54041290283205,-242.21066284179688,161.52235412597656,101.22874450683594,-154.5717010498047,996.1007690429688,91.90658569335938,-292.216796875,529.2510986328125,219.3424530029297,-93.61550903320312,859.6482543945312,-147.56927490234375,14.926349639892578,151.17506408691406,-200.0641632080078,-124.7443618774414,1002.2473754882812,-172.4304962158203,-59.07905960083008,509.1306457519531,-275.5311279296875,-271.1318359375,897.9026489257812
100.83168029785156,-260.97283935546875,158.54861450195312,101.43390655517578,-154.4170379638672,994.982421875,91.5118179321289,-291.977783203125,528.529541015625,220.25048828125,-92.33573150634766,858.8472900390625,-147.65670776367188,24.02641487121582,151.71298217773438,-199.78797912597656,-124.19401550292967,1001.3153076171876,-172.55557250976562,-53.4423828125,509.2532958984375,-274.5154724121094,-274.18463134765625,897.6642456054688
101.04427337646484,-279.0377502441406,156.16981506347656,101.67473602294922,-154.41070556640625,993.73095703125,91.25049591064452,-291.54150390625,527.5420532226562,221.14675903320312,-91.21321868896484,857.8820190429688,-147.7613067626953,33.0811653137207,152.2917938232422,-199.4748687744141,-123.73038482666016,1000.3175659179688,-172.69541931152344,-47.9842643737793,509.35357666015625,-273.4508056640625,-277.0622863769531,897.2313842773438
101.15167236328124,-296.23388671875,154.33326721191406,101.95006561279295,-154.57090759277344,992.3644409179688,91.10477447509766,-290.9776611328125,526.3264770507812,222.0331573486328,-90.25169372558594,856.7598266601562,-147.88455200195312,42.08364486694336,152.91123962402344,-199.1255645751953,-123.36138153076172,999.2528686523438,-172.84019470214844,-42.73450469970703,509.4182739257813,-272.3389892578125,-279.7596130371094,896.6116333007812
101.1308135986328,-312.3952941894531,152.9684295654297,102.25985717773438,-154.9143524169922,990.9019165039062,91.05028533935548,-290.3529663085937,524.9210815429688,222.91207885742188,-89.45561981201172,855.4893188476562,-148.0272216796875,51.0260124206543,153.5726318359375,-198.7398223876953,-123.0961456298828,998.1201782226562,-172.97462463378906,-37.72088623046875,509.4369812011719,-271.18145751953125,-282.27117919921875,895.8136596679688
100.96226501464844,-327.3648681640625,151.98995971679688,102.60513305664062,-155.4559783935547,989.363525390625,91.0577392578125,-289.7291259765625,523.36279296875,223.7862243652344,-88.83023071289062,854.080078125,-148.18898010253906,59.89986038208008,154.27915954589844,-198.31643676757807,-122.94490814208984,996.9193115234376,-173.07872009277344,-32.968990325927734,509.4028625488281,-269.97906494140625,-284.5912780761719,894.8465576171875
100.6295166015625,-340.997802734375,151.30194091796875,102.98782348632812,-156.208740234375,987.7698974609376,91.0950927734375,-289.1609802246094,521.6857299804688,224.65835571289065,-88.381591796875,852.5429077148438,-148.3682861328125,68.69632720947266,155.0361328125,-197.8533477783203,-122.91876983642578,995.6513671875,-173.1290283203125,-28.50250244140625,509.3128662109375,-268.7323608398437,-286.7139892578125,893.7201538085938
100.11854553222656,-353.1657409667969,150.80323791503906,103.41053009033205,-157.183349609375,986.1422729492188,91.1300811767578,-288.6954345703125,519.9197387695312,225.53111267089844,-88.11666107177734,850.8899536132812,-148.56240844726562,77.40594482421875,155.8507537841797,-197.34783935546875,-123.02947998046876,994.3190307617188,-173.10003662109375,-24.343873977661133,509.1676940917969,-267.4416198730469,-288.6331481933594,892.4447021484375
99.4185791015625,-363.7619323730469,150.3942108154297,103.87625122070312,-158.38804626464844,984.5023193359376,91.1328582763672,-288.3705749511719,518.0905151367188,226.4067840576172,-88.04335021972656,849.134521484375,-148.76760864257812,86.01841735839844,156.73190307617188,-196.7967834472656,-123.28922271728516,992.926513671875,-172.9659881591797,-20.51520156860352,508.971435546875,-266.1069030761719,-290.3424377441406,891.0310668945312
98.52357482910156,-372.7073669433594,149.98382568359375,104.3880615234375,-159.82843017578125,982.8716430664062,91.07833099365234,-288.2156066894531,516.2191772460938,227.28717041015625,-88.17049407958984,847.2911987304688,-148.97958374023438,94.52225494384766,157.68983459472656,-196.19692993164065,-123.7101593017578,991.4801025390624,-172.7027587890625,-17.03920555114746,508.7306518554688,-264.7281799316406,-291.8353576660156,889.4905395507812
97.4342269897461,-379.956298828125,149.49636840820312,104.94879913330078,-161.50714111328125,981.2722778320312,90.94800567626952,-288.2511291503906,514.3234252929688,228.1734161376953,-88.50782012939453,845.3760375976562,-149.1937255859375,102.9042510986328,158.73583984375,-195.5451202392578,-124.30394744873048,989.9878540039062,-172.28994750976562,-13.940241813659668,508.453125,-263.3054504394531,-293.1053466796875,887.8350830078125
96.15998077392578,-385.5009460449219,148.877197265625,105.56087493896484,-163.4235076904297,979.7262573242188,90.73128509521484,-288.4898376464844,512.4185180664062,229.06585693359372,-89.06581115722656,843.4063110351562,-149.4058074951172,111.14860534667967,159.88192749023438,-194.83860778808597,-125.08101654052734,988.459716796875,-171.7128143310547,-11.245251655578612,508.1464538574219,-261.8388671875,-294.145751953125,886.077392578125
94.72053527832033,-389.3741455078125,148.09634399414062,106.22611236572266,-165.57318115234375,978.2559204101562,90.42619323730467,-288.9375,510.519287109375,229.96389770507807,-89.85562133789062,841.4008178710938,-149.6125030517578,119.23566436767578,161.14083862304688,-194.0753173828125,-126.04974365234376,986.9073486328124,-170.96426391601562,-8.984649658203125,507.816162109375,-260.32867431640625,-294.949951171875,884.23095703125
93.1465301513672,-391.64947509765625,147.1497802734375,106.94559478759766,-167.94772338867188,976.8838500976562,90.0396728515625,-289.5943603515625,508.6419067382813,230.86599731445312,-90.88886260986328,839.379638671875,-149.8120880126953,127.14026641845705,162.5263671875,-193.2539825439453,-127.21544647216795,985.3439331054688,-170.04629516601562,-7.193121910095215,507.4639587402344,-258.7755432128906,-295.5113830566406,882.31005859375
91.47919464111328,-392.4381103515625,146.05752563476562,107.71963500976562,-170.5342559814453,975.6331176757812,89.58748626708984,-290.4562072753906,506.80609130859375,231.76959228515625,-92.1775131225586,837.3642578125,-150.00485229492188,134.82972717285156,164.05398559570312,-192.3743438720703,-128.5794219970703,983.7842407226562,-168.97093200683594,-5.910186767578125,507.0862121582031,-257.18035888671875,-295.8236083984375,880.3302612304688
89.768798828125,-391.8819274902344,144.85853576660156,108.54761505126952,-173.3152618408203,974.5267944335938,89.09378051757812,-291.5155639648437,505.0366516113281,232.67108154296875,-93.73361206054688,835.377197265625,-150.1932830810547,142.2615966796875,165.74168395996094,-191.43728637695312,-130.137939453125,982.244140625,-167.7604217529297,-5.180322170257568,506.6730651855469,-255.54454040527344,-295.8804931640625,878.3082275390625
88.07178497314453,-390.1432495117188,143.6028594970703,109.42789459228516,-176.26864624023438,973.5880737304688,88.59038543701172,-292.7621765136719,503.36431884765625,233.56591796875,-95.56914520263672,833.4421997070312,-150.38172912597656,149.3813934326172,167.61087036132812,-190.44497680664065,-131.8813934326172,980.7406005859376,-166.44662475585938,-5.05257511138916,506.2084045410156,-253.8698272705078,-295.6762084960937,876.2618408203125
86.44660949707031,-387.3917236328125,142.34225463867188,110.35770416259766,-179.3679656982422,972.8394775390624,88.11577606201172,-294.1827392578125,501.8253173828125,234.44866943359372,-97.69570922851562,831.5838012695312,-150.5755615234375,156.1208038330078,169.6869354248047,-189.40077209472656,-133.79367065429688,979.2914428710938,-165.06988525390625,-5.579562187194824,505.6707763671875,-252.1584930419922,-295.2054748535156,874.2102661132812
84.94879913330078,-383.7900695800781,141.1217041015625,111.33303833007812,-182.58290100097656,972.3021850585938,87.71369934082031,-295.75933837890625,500.4595336914063,235.3131256103516,-100.12438201904295,829.8270874023438,-150.77975463867188,162.39682006835938,171.99925231933594,-188.309326171875,-135.85179138183594,977.9151611328124,-163.67710876464844,-6.815787315368652,505.0354309082031,-250.4132232666016,-294.463623046875,872.1737060546875
83.62590789794922,-379.4803771972656,139.97430419921875,112.34867095947266,-185.88011169433597,971.995361328125,87.43122863769531,-297.4664306640625,499.3070983886719,236.1524353027344,-102.86540985107422,828.1973876953125,-150.99725341796875,168.11268615722656,174.5807647705078,-187.1763458251953,-138.02593994140625,976.63037109375,-162.3192901611328,-8.815215110778809,504.2771606445313,-248.63726806640625,-293.4468994140625,870.1735229492188
82.5130615234375,-374.5743103027344,138.9209747314453,113.39822387695312,-189.22409057617188,971.9346313476562,87.31598663330078,-299.2667236328125,498.4035339355469,236.9593048095703,-105.92799377441406,826.7197265625,-151.2274169921875,173.16024780273438,177.4666290283203,-186.00840759277344,-140.28012084960938,975.4559326171876,-161.0480194091797,-11.62804126739502,503.3737182617188,-246.83433532714844,-292.1526184082031,868.2317504882812
81.63014221191406,-369.14935302734375,137.97251892089844,114.47435760498048,-192.5783233642578,972.131103515625,87.41230773925781,-301.10626220703125,497.774169921875,237.7261962890625,-109.32006072998048,825.4186401367188,-151.46484375,177.4240264892578,180.69178771972656,-184.81277465820312,-142.57337951660156,974.409912109375,-159.91136169433594,-15.296537399291992,502.3094482421875,-245.00872802734372,-290.5794372558594,866.3707885742188
80.98068237304688,-363.2515563964844,137.13218688964844,115.5690689086914,-195.9063873291016,972.5903930664062,87.75634002685547,-302.91021728515625,497.42877197265625,238.44546508789065,-113.04804229736328,824.317138671875,-151.6986083984375,180.78677368164065,184.28761291503903,-183.59706115722656,-144.8613739013672,973.5094604492188,-158.94935607910156,-19.85029983520508,501.0786743164063,-243.1653289794922,-288.7275390625,864.6129150390625
80.55290222167969,-356.9032897949219,136.39755249023438,116.67408752441406,-199.17295837402344,973.3113403320312,88.37049102783203,-304.5806884765625,497.357421875,239.10964965820312,-117.11666107177734,823.4365844726562,-151.91258239746094,183.13629150390625,188.2783203125,-182.368896484375,-147.09835815429688,972.7704467773438,-158.1905059814453,-25.301950454711918,499.6880493164063,-241.3096923828125,-286.59893798828125,862.9797973632812
80.32255554199219,-350.113037109375,135.76222229003906,117.7813949584961,-202.3447723388672,974.2854614257812,89.25852966308594,-305.9978942871094,497.52923583984375,239.71157836914065,-121.52870178222656,822.7958374023438,-152.08656311035156,184.37283325195312,192.67718505859372,-181.13568115234372,-149.2392578125,972.2066650390624,-157.6496124267578,-31.64399719238281,498.1581726074219,-239.4481658935547,-284.1976623535156,861.4917602539062
80.25672149658203,-342.8851623535156,135.21701049804688,118.88372802734376,-205.3912353515625,975.4967041015624,90.40245819091795,-307.025146484375,497.8941040039063,240.24456787109372,-126.28485107421876,822.4107666015625,-152.1980743408203,184.41644287109372,197.48313903808597,-179.90423583984375,-151.2418212890625,971.8297119140624,-157.32662963867188,-38.8466911315918,496.5247802734375,-237.587890625,-281.52984619140625,860.1671752929688
80.31769561767578,-335.2278747558594,134.7512664794922,119.97509002685548,-208.28482055664065,976.9214477539062,91.76213073730467,-307.5186767578125,498.3875427246094,240.7025604248047,-131.38340759277344,822.2938232421875,-152.2244415283203,183.2137908935547,202.67808532714844,-178.6805419921875,-153.0686492919922,971.6485595703124,-157.20655822753906,-46.85713577270508,494.8392333984375,-235.7369537353516,-278.6039733886719,859.0219116210938
80.46635437011719,-327.158447265625,134.35400390625,121.05115509033205,-211.0012664794922,978.529296875,93.27802276611328,-307.3402404785156,498.9380493164063,241.08023071289065,-136.82020568847656,822.4537353515625,-152.14442443847656,180.74375915527344,208.225341796875,-177.46957397460938,-154.68905639648438,971.6694946289062,-157.26097106933594,-55.60026550292969,493.1681518554688,-233.9044189453125,-275.4306945800781,858.0686645507812
80.66521453857422,-318.7054138183594,134.01461791992188,122.1095199584961,-213.51950073242188,980.2843627929688,94.87698364257812,-306.37127685546875,499.4751892089844,241.37301635742188,-142.5884552001953,822.8952026367188,-151.93959045410156,177.0208282470703,214.06997680664065,-176.2751922607422,-156.08038330078125,971.8956298828124,-157.4511260986328,-64.9818344116211,491.59124755859375,-232.1002960205078,-272.02294921875,857.3162841796875
80.8810043334961,-309.90777587890625,133.72340393066406,123.14974975585938,-215.8216857910156,982.146484375,96.48065948486328,-304.5259704589844,499.93743896484375,241.57725524902344,-148.67877197265625,823.6187133789062,-151.59515380859375,172.0954132080078,220.1409149169922,-175.10025024414062,-157.22915649414062,972.3270874023438,-157.732421875,-74.89313507080078,490.1976013183594,-230.3355255126953,-268.3956604003906,856.7697143554688
81.08673858642578,-300.8125,133.47171020507812,124.17317962646484,-217.8928375244141,984.0734252929688,98.0156021118164,-301.7611083984375,500.278076171875,241.69009399414065,-155.0791778564453,824.6210327148438,-151.10089111328125,166.05055236816406,226.3543701171875,-173.94667053222656,-158.1315155029297,972.9608154296876,-158.05947875976562,-85.21695709228516,489.07952880859375,-228.6219024658203,-264.5655517578125,856.4292602539062
81.26313018798828,-291.4710998535156,133.25186157226562,125.18262481689452,-219.7206878662109,986.0225219726562,99.42340087890624,-298.08111572265625,500.4687805175781,241.70962524414065,-161.77517700195312,825.89501953125,-150.45213317871094,158.9951171875,232.6173858642578,-172.81568908691406,-158.7931365966797,973.7906494140624,-158.3910369873047,-95.8341064453125,488.32525634765625,-226.97190856933597,-260.5507202148437,856.2909545898438
81.39920806884766,-281.9365234375,133.0570831298828,126.1821060180664,-221.2951812744141,987.9528198242188,100.66869354248048,-293.5379638671875,500.5007019042969,241.63470458984372,-168.7499237060547,827.4302368164062,-149.6507110595703,151.05361938476562,238.83038330078125,-171.70806884765625,-159.22848510742188,974.8072509765624,-158.69395446777344,-106.62998962402344,488.0108947753906,-225.3984832763672,-256.3703308105469,856.3462524414062
81.49195861816406,-272.2607727050781,132.88143920898438,127.1766586303711,-222.6080017089844,989.82666015625,101.74302673339844,-288.2250366210937,500.3823852539063,241.4650115966797,-175.98439025878906,829.21337890625,-148.70553588867188,142.3541717529297,244.88821411132807,-170.624267578125,-159.4592742919922,975.9983520507812,-158.94610595703125,-117.50025177001952,488.1927185058594,-223.91465759277344,-252.04409790039065,856.5823974609375
81.54500579833984,-262.4926147460937,132.71983337402344,128.17210388183594,-223.65220642089844,991.61083984375,102.6632843017578,-282.2666931152344,500.1359558105469,241.20095825195312,-183.4575653076172,831.2286987304688,-147.63275146484375,133.0166015625,250.6795196533203,-169.5646209716797,-159.51255798339844,977.3487548828124,-159.13697814941406,-128.35379028320312,488.9012451171875,-222.5331878662109,-247.59182739257807,856.9825439453125
81.56661224365234,-252.6752166748047,132.56822204589844,129.17465209960938,-224.4220733642578,993.2777709960938,103.46508026123048,-275.80499267578125,499.7915954589844,240.8436279296875,-191.1466522216797,833.4586791992188,-146.45553588867188,123.14334869384766,256.0863342285156,-168.52940368652344,-159.41854858398438,978.8406372070312,-159.26641845703125,-139.11288452148438,490.13818359375,-221.2660369873047,-243.0331878662109,857.5263671875
81.5672607421875,-242.84457397460935,132.423828125,130.19044494628906,-224.9131774902344,994.8053588867188,104.19242095947266,-268.9855651855469,499.382568359375,240.3946990966797,-199.02723693847656,835.8843994140625,-145.20318603515625,112.8146514892578,260.9858703613281,-167.51901245117188,-159.2084197998047,980.4533081054688,-159.3422088623047,-149.71229553222656,491.87646484375,-220.1239318847656,-238.3872528076172,858.1904296875
81.55738830566406,-233.02850341796875,132.28518676757812,131.2248992919922,-225.122802734375,996.1771240234376,104.88629150390624,-261.945068359375,498.9405822753906,239.85633850097656,-207.0736083984375,838.486328125,-143.91001892089844,102.087890625,265.25537109375,-166.53402709960938,-158.91221618652344,982.1636352539062,-159.37705993652344,-160.0980682373047,494.063232421875,-219.11587524414065,-233.67230224609372,858.9488525390625
81.54561614990234,-223.24655151367188,132.1521759033203,132.28219604492188,-225.05044555664065,997.3817138671876,105.5749282836914,-254.80116271972656,498.4920654296875,239.2311248779297,-215.2588653564453,841.2443237304688,-142.61376953125,90.99967193603516,268.77886962890625,-165.57528686523438,-158.55712890625,983.9462890625,-159.38525390625,-170.22665405273438,496.6251831054688,-218.2487030029297,-228.9056396484375,859.7739868164062
81.5376205444336,-213.5105133056641,132.0257568359375,133.36480712890625,-224.6986541748047,998.4122924804688,106.26844787597656,-247.6461639404297,498.05615234375,238.52194213867188,-223.55514526367188,844.138427734375,-141.35372924804688,79.56927490234375,271.45458984375,-164.6440887451172,-158.1660919189453,985.7739868164062,-159.3790740966797,-180.06375122070312,499.4754943847656,-217.52667236328125,-224.1034393310547,860.6373901367188
81.53580474853516,-203.8253173828125,131.90762329101562,134.47299194335938,-224.0737762451172,999.2658081054688,106.95913696289062,-240.54446411132807,497.643798828125,237.7318420410156,-231.93382263183597,847.1490478515625,-140.16888427734375,67.80230712890625,273.2017822265625,-163.74221801757812,-157.7569580078125,987.6182250976562,-159.365478515625,-189.5834197998047,502.5212097167969,-216.95132446289065,-219.2806701660156,861.5101928710938
81.53960418701172,-194.19027709960935,131.79962158203125,135.60464477539062,-223.18658447265625,999.9423217773438,107.62679290771484,-233.53309631347656,497.2583923339844,236.86398315429688,-240.36561584472656,850.2570190429688,-139.09619140625,55.69402694702149,273.9653015136719,-162.8719482421875,-157.34213256835938,989.449951171875,-159.3433837890625,-198.7673797607422,505.6709899902344,-216.5212860107422,-214.4511566162109,862.3641967773438
81.54610443115234,-184.6005706787109,131.70330810546875,136.75509643554688,-222.0525665283203,1000.444580078125,108.24705505371094,-226.6246490478516,496.8972473144531,235.9214782714844,-248.82081604003903,853.4439697265625,-138.16917419433594,43.23233795166016,273.71856689453125,-162.0361328125,-156.92852783203125,991.2406616210938,-159.30206298828125,-207.6039276123047,508.8414916992188,-216.23228454589844,-209.62759399414065,863.1724243164062
81.55097198486328,-175.04844665527344,131.6195831298828,137.91705322265625,-220.69175720214844,1000.7775268554688,108.7997817993164,-219.81187438964844,496.55377197265625,234.9073486328125,-257.2694091796875,856.6925048828125,-137.4166259765625,30.40041160583496,272.46392822265625,-161.23806762695312,-156.5181884765625,992.962890625,-159.22096252441406,-216.0865936279297,511.9625549316406,-216.0773468017578,-204.82156372070312,863.9100341796875
81.5495834350586,-165.52413940429688,131.54847717285156,139.08065795898438,-219.1280975341797,1000.947509765625,109.27478790283205,-213.07357788085935,496.2194213867188,233.8243560791016,-265.68133544921875,859.9860229492188,-136.86135864257812,17.179052352905273,270.231689453125,-160.48141479492188,-156.109130859375,994.591796875,-159.07107543945312,-224.2118377685547,514.980224609375,-216.04702758789065,-200.04380798339844,864.5546264648438
81.53804779052734,-156.0167694091797,131.48936462402344,140.23385620117188,-217.3886260986328,1000.9620361328124,109.67321014404295,-206.38055419921875,495.8854370117188,232.67507934570312,-274.02655029296875,863.3089599609375,-136.51905822753906,3.5486981868743896,267.07720947265625,-159.77003479003906,-155.69644165039062,996.1051025390624,-158.81781005859375,-231.9763946533203,517.8573608398438,-216.1298370361328,-195.30421447753903,865.0870361328125
81.51387023925781,-146.51541137695312,131.44105529785156,141.36288452148438,-215.5023956298828,1000.8292846679688,110.0048599243164,-199.7009429931641,495.5442810058594,231.46173095703125,-282.2753295898437,866.6467895507812,-136.39706420898438,-10.50894546508789,263.07745361328125,-159.1078338623047,-155.27362060546875,997.4844360351562,-158.42491149902344,-239.3745880126953,520.5720825195312,-216.3126983642578,-190.6121368408203,865.4916381835938
81.47618103027344,-137.01023864746094,131.4021453857422,142.45330810546875,-213.49954223632807,1000.5578002929688,110.28338623046876,-193.00387573242188,495.19049072265625,230.18630981445312,-290.3983459472656,869.985595703125,-136.4935302734375,-25.00954246520996,258.3270568847656,-158.49850463867188,-154.83392333984375,998.7151489257812,-157.85885620117188,-246.39622497558597,523.1144409179688,-216.5814666748047,-185.97642517089844,865.756591796875
81.4256591796875,-127.49314880371094,131.37127685546875,143.49082946777344,-211.4102325439453,1000.1565551757812,110.5213851928711,-186.2619781494141,494.8213806152344,228.8504638671875,-298.366943359375,873.3125,-136.79689025878906,-39.96483612060547,252.93405151367188,-157.94529724121094,-154.37173461914062,999.7867431640624,-157.09324645996094,-253.02536010742188,525.4818115234375,-216.92153930664065,-181.4057159423828,865.8740234375
81.3642578125,-117.95826721191406,131.3473358154297,144.46240234375,-209.2638397216797,999.6347045898438,110.72718811035156,-179.4532928466797,494.4369812011719,227.45567321777344,-306.1532287597656,876.6151733398438,-137.28564453125,-55.38130187988281,247.0160675048828,-157.4507598876953,-153.8834991455078,1000.6925659179688,-156.11260986328125,-259.24041748046875,527.674560546875,-217.31832885742188,-176.90853881835938,865.8402099609375
81.2948226928711,-108.40203094482422,131.32968139648438,145.35699462890625,-207.08811950683597,999.00146484375,110.90370178222656,-172.5629119873047,494.0398254394531,226.0033264160156,-313.7302551269531,879.8817749023438,-137.92880249023438,-71.25870513916016,240.6963806152344,-157.01641845703125,-153.3686065673828,1001.4297485351562,-154.9151153564453,-265.0156555175781,529.6919555664062,-217.75784301757807,-172.4934539794922,865.6549682617188
81.22063446044922,-98.82313537597656,131.31813049316406,146.1663360595703,-204.90858459472656,998.2660522460938,111.0491180419922,-165.5841827392578,493.6343383789063,224.49473571777344,-321.0722961425781,883.1008911132812,-138.6868896484375,-87.58860778808594,234.100341796875,-156.64254760742188,-152.82962036132812,1001.9985961914062,-153.51332092285156,-270.3229675292969,531.5294189453125,-218.22708129882807,-168.1692352294922,865.3218994140625
81.14514923095703,-89.2222671508789,131.31309509277344,146.8853759765625,-202.7479248046875,997.4376220703124,111.15888214111328,-158.51876831054688,493.22601318359375,222.9312286376953,-328.15484619140625,886.2612915039062,-139.51341247558594,-104.3530731201172,227.3518218994141,-156.32806396484375,-152.2725067138672,1002.40234375,-151.9330291748047,-275.1336669921875,533.1771850585938,-218.7144317626953,-163.94485473632812,864.84765625
81.07177734375,-79.60205078125,131.3155975341797,147.5125274658203,-200.6256561279297,996.5250244140624,111.2282257080078,-151.37623596191406,492.8209838867188,221.3143615722656,-334.9550476074219,889.351806640625,-140.35684204101562,-121.52362060546876,220.57009887695312,-156.0705108642578,-151.70643615722656,1002.6463012695312,-150.2109832763672,-279.4200134277344,534.6202392578125,-219.20997619628903,-159.82962036132812,864.2415161132812
81.00377655029297,-69.96692657470703,131.32740783691406,148.0496368408203,-198.5577850341797,995.5369262695312,111.25454711914062,-144.17295837402344,492.4252014160156,219.64585876464844,-341.4516296386719,892.3611450195312,-141.1627960205078,-139.0606231689453,213.8670196533203,-155.8661346435547,-151.1434326171875,1002.7376708984376,-148.39170837402344,-283.15673828125,535.8388671875,-219.70553588867188,-155.83319091796875,863.5148315429688
80.9442138671875,-60.32308578491211,131.35108947753906,148.5017547607422,-196.5567779541016,994.4818115234376,111.2393035888672,-136.93093872070312,492.0442810058594,217.9278564453125,-347.62518310546875,895.2776489257812,-141.87643432617188,-156.91290283203125,207.3448028564453,-155.7100830078125,-150.5977783203125,1002.6849365234376,-146.52410888671875,-286.32232666015625,536.8104248046875,-220.1948699951172,-151.96551513671875,862.6803588867188
80.89593505859375,-50.67822647094727,131.3899383544922,148.876708984375,-194.6316070556641,993.3681640625,111.18894958496094,-129.67665100097656,491.6831970214844,216.16294860839844,-353.4582214355469,898.0894775390625,-142.4449005126953,-175.01744079589844,201.09451293945312,-155.59652709960938,-150.08544921875,1002.4976196289062,-144.65786743164062,-288.90045166015625,537.5120239257812,-220.67355346679688,-148.23690795898438,861.751708984375
80.86153411865234,-41.041385650634766,131.44793701171875,149.1845245361328,-192.78819274902344,992.2044067382812,111.11492919921876,-122.44009399414062,491.3463439941406,214.35430908203125,-358.93524169921875,900.7842407226562,-142.81979370117188,-193.29852294921875,195.19497680664065,-155.51898193359375,-149.6233367919922,1002.185791015625,-142.84017944335938,-290.8811340332031,537.9229736328125,-221.13890075683597,-144.65786743164062,860.7427978515625
80.84321594238281,-31.422754287719727,131.52960205078125,149.4367218017578,-191.02972412109372,990.9990844726562,111.03263092041016,-115.2543716430664,491.0372619628906,212.5058441162109,-364.0428466796875,903.34912109375,-142.9591064453125,-211.6662750244141,189.7120361328125,-155.4706268310547,-149.22860717773438,1001.760009765625,-141.11273193359375,-292.2618103027344,538.0274047851562,-221.58978271484372,-141.2390899658203,859.6671752929688
80.84272003173828,-21.833593368530277,131.63999938964844,149.64559936523438,-189.3573455810547,989.7607421875,110.95964050292967,-108.15531158447266,490.7583618164063,210.62225341796875,-368.769775390625,905.7709350585938,-142.82858276367188,-230.0148468017578,184.6978912353516,-155.4446258544922,-148.91806030273438,1001.2310791015624,-139.50929260253906,-293.048828125,537.8162841796875,-222.02642822265625,-137.9913787841797,858.53759765625
80.86138153076172,-12.286232948303224,131.78482055664062,149.8233642578125,-187.77096557617188,988.4977416992188,110.91366577148438,-101.18155670166016,490.5107116699219,208.7092437744141,-373.1068115234375,908.0361328125,-142.40243530273438,-248.22120666503903,180.19061279296875,-155.43453979492188,-148.70758056640625,1000.6099853515624,-138.05374145507812,-293.2589111328125,537.2884521484375,-222.45021057128903,-134.925537109375,857.3658447265625
80.90035247802734,-2.793855667114258,131.97076416015625,149.98129272460938,-186.27020263671875,987.2183227539062,110.91033172607422,-94.37460327148438,490.2935791015625,206.77359008789065,-377.04693603515625,910.1309204101562,-141.66343688964844,-266.1447448730469,176.21371459960938,-155.4345703125,-148.6117706298828,999.9076538085938,-136.75868225097656,-292.9209899902344,536.4505615234375,-222.8633728027344,-132.05226135253906,856.1621704101562
80.96073150634766,6.629859447479248,132.20582580566406,150.12896728515625,-184.8554229736328,985.9302978515624,110.96136474609376,-87.7784423828125,490.1040954589844,204.8232879638672,-380.5851135253906,912.0413208007812,-140.60263061523438,-283.6275329589844,172.77565002441406,-155.43984985351562,-148.64369201660156,999.1351318359376,-135.62457275390625,-292.0778503417969,535.3170776367188,-223.26878356933597,-129.3821258544922,854.935302734375
81.04332733154297,15.971139907836914,132.49942016601562,150.27374267578125,-183.52853393554688,984.6412963867188,111.07311248779295,-81.43876647949219,489.9371337890625,202.8675842285156,-383.7181701660156,913.7536010742188,-139.21864318847656,-300.49664306640625,169.8693389892578,-155.44668579101562,-148.81488037109375,998.303466796875,-134.63983154296875,-290.7872009277344,533.9095458984375,-223.66976928710935,-126.92550659179688,853.6923828125
81.14813995361328,25.216596603393555,132.86212158203125,150.42050170898438,-182.2935333251953,983.3585205078124,111.24552154541016,-75.40186309814453,489.7853698730469,200.9170684814453,-386.4446105957031,915.2538452148438,-137.51710510253906,-316.5682373046875,167.4721221923828,-155.4527130126953,-149.13546752929688,997.4235229492188,-133.781494140625,-289.1220703125,532.256591796875,-224.06983947753903,-124.69253540039062,852.43896484375
81.27373504638672,34.35367584228516,133.30540466308594,150.57188415527344,-181.15670776367188,982.0891723632812,111.47158813476562,-69.71321868896484,489.6395263671875,198.98361206054688,-388.7644653320313,916.528564453125,-135.51023864746094,-331.65411376953125,165.54624938964844,-155.45684814453125,-149.61431884765625,996.5061645507812,-133.01705932617188,-287.1697082519531,530.3937377929688,-224.47254943847656,-122.69313049316406,851.1793212890625
81.41691589355469,43.3709716796875,133.84144592285156,150.72869873046875,-180.12637329101562,980.8399658203124,111.73728942871094,-64.41612243652344,489.4888916015625,197.08042907714844,-390.678955078125,917.5648193359376,-133.21678161621094,-345.5702514648437,164.0403289794922,-155.4592742919922,-150.2592010498047,995.56201171875,-132.30703735351562,-285.0292663574219,528.3630981445312,-224.8813934326172,-120.9369888305664,849.9165649414062
81.57254028320312,52.25828552246094,134.4828643798828,150.89031982421875,-179.21258544921875,979.6176147460938,112.0221710205078,-59.550289154052734,489.32171630859375,195.2218780517578,-392.19049072265625,918.3501586914062,-130.6619873046875,-358.1467590332031,162.89170837402344,-155.4612274169922,-151.07669067382812,994.6014404296876,-131.60853576660156,-282.8077697753906,526.212890625,-225.299560546875,-119.43354034423828,848.65283203125
81.73357391357422,61.00656127929688,135.24258422851562,151.05506896972656,-178.42684936523438,978.4283447265624,112.30068969726562,-55.15088653564453,489.12591552734375,193.4234619140625,-393.3021545410156,918.8732299804688,-127.87671661376952,-369.2374572753906,162.0303192138672,-155.46473693847656,-152.0722198486328,993.6347045898438,-130.8793182373047,-280.61480712890625,523.9956665039062,-225.72998046875,-118.1920166015625,847.3898315429688
81.89134979248047,69.60767364501953,136.13363647460938,151.22039794921875,-177.78160095214844,977.2780151367188,112.5444107055664,-51.24790954589844,488.8895568847656,191.7016448974609,-394.01763916015625,919.1236572265624,-124.8954849243164,-378.7273254394531,161.3828887939453,-155.47242736816406,-153.24989318847656,992.6718139648438,-130.08184814453125,-278.55633544921875,521.7659912109375,-226.17514038085935,-117.2213897705078,846.1290893554688
82.03612518310547,78.05400848388672,137.1691436767578,151.3832244873047,-177.2896270751953,976.1719360351562,112.7249755859375,-47.86608505249024,488.6011352539063,190.07362365722656,-394.3410339355469,919.0927124023438,-121.75435638427734,-386.53857421875,160.87713623046875,-155.4872283935547,-154.61212158203125,991.7227172851562,-129.1864013671875,-276.7281494140625,519.5768432617188,-226.6370849609375,-116.53040313720705,844.8724365234375
82.15806579589844,86.33782196044922,138.3619842529297,151.53988647460938,-176.96347045898438,975.1146850585938,112.8177719116211,-45.02532196044922,488.2503051757813,188.55714416503903,-394.2763366699219,918.7731323242188,-118.49002838134766,-392.6353454589844,160.44564819335938,-155.51220703125,-156.15928649902344,990.797607421875,-128.17308044433594,-275.20977783203125,517.47607421875,-227.1173553466797,-116.1275405883789,843.6221313476562
82.24851989746094,94.45030212402344,139.72470092773438,151.68626403808594,-176.81459045410156,974.1102905273438,112.80599212646484,-42.74177551269531,487.8281555175781,187.17019653320312,-393.8274841308594,918.1598510742188,-115.14038848876952,-397.0279235839844,160.03004455566406,-155.55050659179688,-157.88906860351562,989.9070434570312,-127.03267669677734,-274.0597839355469,515.50341796875,-227.61692810058597,-116.02098083496094,842.3814086914062
82.30144500732422,102.3804931640625,141.26922607421875,151.81761169433594,-176.8526153564453,973.1621704101562,112.68460083007812,-41.02926254272461,487.3277587890625,185.9306488037109,-392.9980163574219,917.2499389648438,-111.7457275390625,-399.7743225097656,159.58485412597656,-155.60516357421875,-159.7959442138672,989.0621337890624,-125.76687622070312,-273.3134765625,513.6882934570312,-228.1362152099609,-116.21855926513672,841.1549072265625
82.31475830078125,110.11385345458984,143.00662231445312,151.92857360839844,-177.08460998535156,972.27294921875,112.46365356445312,-39.90081024169922,486.74456787109375,184.85597229003903,-391.7908325195313,916.0430297851562,-108.34984588623048,-400.9786682128906,159.08033752441406,-155.67916870117188,-161.87046813964844,988.27490234375,-124.38814544677734,-272.9831237792969,512.049560546875,-228.67498779296875,-116.7276382446289,839.94873046875
82.29188537597656,117.63058471679688,144.9473114013672,152.01318359375,-177.5143280029297,971.4449462890624,112.17018127441406,-39.369930267333984,486.0765075683594,183.9628143310547,-390.2082214355469,914.54150390625,-105.00061798095705,-400.7855529785156,158.503173828125,-155.7753448486328,-164.09877014160156,987.5579223632812,-122.9191436767578,-273.060302734375,510.59661865234375,-229.232421875,-117.55500793457033,838.770751953125
82.24360656738281,124.90362548828124,147.10208129882812,152.0648651123047,-178.1417999267578,970.6796875,111.84803009033205,-39.451316833496094,485.3239135742188,183.26657104492188,-388.2516784667969,912.7506713867188,-101.75000762939452,-399.3699645996094,157.8541259765625,-155.89633178710938,-166.4622344970703,986.9244995117188,-121.39166259765624,-273.52001953125,509.3322448730469,-229.8070526123047,-118.70667266845705,837.6309204101562
82.18978118896484,131.8964080810547,149.4833221435547,152.0767364501953,-178.9628448486328,969.9783325195312,111.5552749633789,-40.16084289550781,484.4888305664063,182.7810211181641,-385.92193603515625,910.6790161132812,-98.65361785888672,-396.9230651855469,157.14378356933594,-156.04441833496094,-168.9374237060547,986.3883056640624,-119.84526824951172,-274.3257751464844,508.2564697265625,-230.396728515625,-120.1876449584961,836.5413208007812
82.16009521484375,138.56106567382812,152.10519409179688,152.0418701171875,-179.96885681152344,969.3413696289062,111.35985565185548,-41.51516342163086,483.57470703125,182.51791381835935,-383.2190856933594,908.338134765625,-95.76947021484376,-393.6356506347656,156.3874053955078,-156.22149658203125,-171.49630737304688,985.962890625,-118.32559204101562,-275.43414306640625,507.3696899414063,-230.99876403808597,-122.00171661376952,835.5160522460938
82.19303894042969,144.83763122558594,154.98330688476562,151.9537353515625,-181.14666748046875,968.7689208984376,111.3339385986328,-43.53112030029297,482.5855712890625,182.4866485595703,-380.1427307128906,905.7429809570312,-93.15531158447266,-389.681884765625,155.6009979248047,-156.42889404296875,-174.1068878173828,985.6610107421876,-116.88274383544922,-276.7981262207031,506.6744995117188,-231.60980224609372,-124.1511459350586,834.5713500976562
82.3332290649414,150.65463256835938,158.1342010498047,151.8067626953125,-182.4785919189453,968.2606201171876,111.5473175048828,-46.224910736083984,481.5257568359375,182.6938934326172,-376.6922302246094,902.9118041992188,-90.8635711669922,-385.2066345214844,154.79873657226562,-156.66725158691406,-176.73414611816406,985.494384765625,-115.5696792602539,-278.3682556152344,506.1746215820313,-232.22592163085935,-126.63650512695312,833.725341796875
82.62771606445312,155.93032836914062,161.57456970214844,151.59683227539062,-183.9424743652344,967.8161010742188,112.06060791015624,-49.61100769042969,480.3993835449219,183.14341735839844,-372.8670959472656,899.8657836914062,-88.935302734375,-380.3177185058594,153.99183654785156,-156.93641662597656,-179.3411407470703,985.4722900390624,-114.4403305053711,-280.09149169921875,505.8719482421875,-232.84263610839844,-129.45640563964844,832.99755859375
83.1218032836914,160.5744171142578,165.31985473632812,151.3217010498047,-185.51214599609372,967.435302734375,112.91911315917967,-53.70083999633789,479.2105102539063,183.8358612060547,-368.6672973632813,896.6294555664062,-87.39466094970703,-375.0843505859375,153.1888427734375,-157.23550415039062,-181.89041137695312,985.6015625,-113.5469741821289,-281.9076232910156,505.7612609863281,-233.45480346679688,-132.6073760986328,832.4088134765625
83.85477447509766,164.4899139404297,169.38241577148438,150.9812774658203,-187.1578063964844,967.1185913085938,114.148681640625,-58.50132751464844,477.9636535644531,184.7686767578125,-364.09381103515625,893.2296752929688,-86.24526977539062,-369.541015625,152.39678955078125,-157.56285095214844,-184.34524536132807,985.885498046875,-112.93649291992188,-283.7448425292969,505.8254089355469,-234.0567779541016,-136.08360290527344,831.9805297851562
84.85590362548828,167.57577514648438,173.76905822753906,150.5775604248047,-188.8469390869141,966.8673706054688,115.75401306152344,-64.01338195800781,476.665283203125,185.93606567382807,-359.1489562988281,889.6961669921875,-85.46949768066406,-363.6950988769531,151.6225128173828,-157.91627502441406,-186.6708984375,986.32373046875,-112.64535522460938,-285.51544189453125,506.0326232910156,-234.642333984375,-139.87689208984375,831.7340698242188
86.14122772216797,169.72999572753906,178.47830200195312,150.11451721191406,-190.54519653320312,966.6842651367188,117.71903228759766,-70.23052978515625,475.3258972167969,187.3291778564453,-353.8368225097656,886.0604248046875,-85.03099060058594,-357.5357360839844,150.87313842773438,-158.29315185546875,-188.83560180664065,986.911865234375,-112.69405364990234,-287.1134948730469,506.3375244140625,-235.2046813964844,-143.9764862060547,831.6902465820312
87.7114486694336,170.8536834716797,183.49717712402344,149.5978240966797,-192.2177276611328,966.5738525390624,120.00897979736328,-77.13776397705078,473.96234130859375,188.9361572265625,-348.16363525390625,882.3557739257812,-84.87979125976562,-351.0419921875,150.15626525878906,-158.69073486328125,-190.8112945556641,987.6417236328124,-113.08226013183594,-288.41583251953125,506.6863403320313,-235.7365875244141,-148.36911010742188,831.8685302734375
89.55123138427734,170.8561553955078,188.79855346679688,149.03443908691406,-193.83056640625,966.5426025390624,122.57312774658205,-84.71028137207031,472.60003662109375,190.74252319335935,-342.1381225585937,878.6168212890625,-84.9583740234375,-344.19024658203125,149.4796142578125,-159.10638427734375,-192.5740966796875,988.5013427734376,-113.78632354736328,-289.2872314453125,507.0245361328125,-236.2303009033203,-153.03883361816406,832.2864379882812
91.63031768798828,169.6611328125,194.33917236328125,148.4322509765625,-195.35206604003903,966.59912109375,125.34807586669922,-92.912353515625,471.27386474609375,192.73138427734372,-335.7716369628906,874.8789672851562,-85.20734405517578,-336.9603576660156,148.85052490234375,-159.53765869140625,-194.10446166992188,989.4758911132812,-114.76028442382812,-289.58917236328125,507.3041076660156,-236.67776489257807,-157.96725463867188,832.9589233398438
93.90635681152344,167.21438598632812,200.05935668945312,147.7996063232422,-196.7543487548828,966.7539672851562,128.26173400878906,-101.69695281982422,470.0281066894531,194.8838806152344,-329.0782470703125,871.1776123046875,-85.5699462890625,-329.3405456542969,148.27545166015625,-159.9824676513672,-195.3872528076172,990.548095703125,-115.9403076171875,-289.1910095214844,507.48974609375,-237.07069396972656,-163.13345336914062,833.8978881835938
96.3291244506836,163.4918670654297,205.8845672607422,147.1449737548828,-198.0144805908203,967.0189208984376,131.2375946044922,-111.00611877441406,468.91497802734375,197.1795196533203,-322.0749816894531,867.5481567382812,-85.99539184570312,-321.3310241699219,147.75941467285156,-160.43902587890625,-196.41146850585935,991.698974609375,-117.25164794921876,-287.9819641113281,507.5624084472656,-237.4007568359375,-168.5142364501953,835.11181640625
98.84524536132812,158.50669860839844,211.72943115234372,146.47659301757812,-199.11529541015625,967.4065551757812,134.1990203857422,-120.7722396850586,467.9923706054688,199.5966644287109,-314.78155517578125,864.0249633789062,-86.44121551513672,-312.9457397460937,147.30538940429688,-160.9057159423828,-197.1699676513672,992.9087524414062,-118.61726379394533,-285.8819274902344,507.5198974609375,-237.6598358154297,-174.0843963623047,836.6051025390625
101.40306854248048,152.3126220703125,217.5031890869141,145.80221557617188,-200.0458221435547,967.9285888671876,137.07339477539062,-130.91998291015625,467.3206787109375,202.11289978027344,-307.2204284667969,860.640869140625,-86.8748550415039,-304.21221923828125,146.91392517089844,-161.38076782226562,-197.658935546875,994.1574096679688,-119.96668243408205,-282.84979248046875,507.37493896484375,-237.8401641845703,-179.8170166015625,838.3783569335938
103.95700073242188,145.00167846679688,223.1151885986328,145.12881469726562,-200.80128479003903,968.59521484375,139.7959442138672,-141.36851501464844,466.9593200683594,204.7054901123047,-299.4166259765625,857.4266967773438,-87.27435302734375,-295.1692199707031,146.5831298828125,-161.862060546875,-197.8773193359375,995.4254150390624,-121.24357604980467,-278.8883361816406,507.15081787109375,-237.93472290039065,-185.68389892578125,840.4277954101562
106.47096252441406,136.69691467285156,228.47894287109372,144.46234130859375,-201.38278198242188,969.4137573242188,142.3130340576172,-152.03384399414062,466.9631042480469,207.35166931152344,-291.3973693847656,854.410400390625,-87.62787628173828,-285.8629150390625,146.30902099609375,-162.34690856933594,-197.82632446289065,996.694091796875,-122.41036224365234,-274.04461669921875,506.8761596679688,-237.93731689453125,-191.656005859375,842.7457275390625
108.92007446289062,127.5408172607422,233.5141448974609,143.8076934814453,-201.79669189453125,970.3875732421876,144.5843963623047,-162.83091735839844,467.3784484863281,210.0290679931641,-283.1920471191406,851.6165771484375,-87.93221282958984,-276.34307861328125,146.0861358642578,-162.83192443847656,-197.5091094970703,997.9459228515624,-123.4489288330078,-268.4055480957031,506.5798645019531,-237.8429412841797,-197.7039337158203,845.3201904296875
111.29042053222656,117.68177032470705,238.14686584472656,143.16859436035156,-202.05372619628903,971.5157470703124,146.5838165283203,-173.67543029785156,468.2397155761719,212.7159576416016,-274.831787109375,849.06591796875,-88.1904067993164,-266.6598815917969,145.90834045410156,-163.3130645751953,-196.93060302734372,999.1647338867188,-124.35774993896484,-262.0897827148437,506.2872314453125,-237.6478271484375,-203.7983856201172,848.1353759765625
113.5768814086914,107.26065826416016,242.30889892578125,142.5476837158203,-202.16781616210935,972.792236328125,148.29830932617188,-184.48541259765625,469.56634521484375,215.39154052734372,-266.3491516113281,846.7744140625,-88.40912628173828,-256.8611145019531,145.76947021484375,-163.78561401367188,-196.0974884033203,1000.3355712890624,-125.14656829833984,-255.2357635498047,506.0179748535156,-237.3497009277344,-209.9105987548828,851.1718139648438
115.7800521850586,96.39988708496094,245.93707275390625,141.9466552734375,-202.15484619140625,974.2061157226562,149.72576904296875,-195.1826171875,471.36077880859375,218.03614807128903,-257.7777404785156,844.7535400390625,-88.59610748291016,-246.9903259277344,145.6640167236328,-164.24435424804688,-195.0183258056641,1001.4452514648438,-125.83028411865234,-247.9881591796875,505.7853088378906,-236.94778442382807,-216.0127868652344,854.406494140625
117.90312957763672,85.19598388671875,248.97286987304688,141.3665771484375,-202.0312042236328,975.7412109375,150.8719024658203,-205.6939849853516,473.6077575683594,220.6313934326172,-249.1517791748047,843.0093383789062,-88.75816345214844,-237.0849609375,145.58753967285156,-164.68360900878906,-193.70358276367188,1002.4816284179688,-126.42353057861328,-240.4843292236328,505.5961608886719,-236.4428558349609,-222.07843017578125,857.8133544921875
119.94974517822266,73.71630096435547,251.3626251220703,140.80816650390625,-201.8125457763672,977.376953125,151.74708557128906,-215.9531707763672,476.2748107910156,223.1602935791016,-240.5057373046875,841.5426025390625,-88.89993286132812,-227.1747589111328,145.53689575195312,-165.09747314453125,-192.1658172607422,1003.4342651367188,-126.93692779541016,-232.84263610839844,505.4520263671875,-235.8371734619141,-228.0825958251953,861.3637084960938
121.9228973388672,61.99955749511719,253.0582427978516,140.27224731445312,-201.51272583007807,979.0888671875,152.36370849609375,-225.9020233154297,479.31396484375,225.6072998046875,-231.87399291992188,840.3487548828125,-89.02348327636719,-217.28097534179688,145.51004028320312,-165.47999572753906,-190.41976928710935,1004.2938232421876,-127.37582397460938,-225.1542053222656,505.3502807617188,-235.1343688964844,-234.00216674804688,865.0263671875
123.82484436035156,50.05905532836914,254.0180206298828,139.76007080078125,-201.14303588867188,980.8492431640624,152.73435974121094,-235.4912872314453,482.6647644042969,227.9583740234375,-223.2904510498047,839.4180297851562,-89.1286849975586,-207.4164581298828,145.50570678710938,-165.82525634765625,-188.48236083984372,1005.0524291992188,-127.74105834960938,-217.4792022705078,505.2857055664063,-234.3392791748047,-239.81591796875,868.7683715820312
125.65738677978516,37.887454986572266,254.2075653076172,139.27359008789062,-200.71180725097656,982.6282958984376,152.8709259033203,-244.6803741455078,486.25787353515625,230.20095825195312,-214.78810119628903,838.7357177734375,-89.21410369873047,-197.58673095703125,145.52279663085938,-166.1276397705078,-186.3725433349609,1005.70361328125,-128.03106689453125,-209.8477783203125,505.2518005371094,-233.45773315429688,-245.50469970703125,872.5552978515625
127.42239379882812,25.461944580078125,253.60104370117188,138.81564331054688,-200.22447204589844,984.3949584960938,152.7845001220703,-253.43624877929688,490.0192565917969,232.3240966796875,-206.39878845214844,838.282470703125,-89.27793884277344,-187.7916412353516,145.5599365234375,-166.38192749023438,-184.11094665527344,1006.2423095703124,-128.244384765625,-202.2649688720703,505.2420043945313,-232.496337890625,-251.0513153076172,876.3516845703125
129.1221923828125,12.749030113220217,252.1828155517578,138.38995361328125,-199.6838531494141,986.1181030273438,152.48597717285156,-261.7317810058594,493.8741760253906,234.31832885742188,-198.15284729003903,838.0350952148438,-89.31893920898438,-178.027099609375,145.61520385742188,-166.5833740234375,-181.71957397460935,1006.6649780273438,-128.38156127929688,-194.71823120117188,505.2505493164063,-231.462158203125,-256.4405822753906,880.1214599609375
130.7597198486328,-0.2914617955684662,249.94967651367188,138.0011444091797,-199.09071350097656,987.767333984375,151.98704528808594,-269.5438842773437,497.7502746582031,236.1758270263672,-190.07879638671875,837.9671020507812,-89.33689880371094,-168.28689575195312,145.68609619140625,-166.72787475585938,-179.22119140625,1006.9697875976562,-128.44595336914062,-187.18588256835935,505.2728576660156,-230.362548828125,-261.65924072265625,883.8286743164062
132.338623046875,-13.703453063964844,246.9132537841797,137.65452575683594,-198.44456481933597,989.31396484375,151.30140686035156,-276.85186767578125,501.5799560546875,237.8903961181641,-182.20323181152344,838.0494384765625,-89.3329849243164,-158.56411743164062,145.76954650878906,-166.81201171875,-176.6387939453125,1007.15625,-128.4437255859375,-179.64501953125,505.3058471679688,-229.204833984375,-266.6957397460937,887.437744140625
133.8629150390625,-27.532691955566406,243.10211181640625,137.35586547851562,-197.7442169189453,990.7318115234376,150.44598388671875,-283.6361694335937,505.30181884765625,239.45755004882807,-174.55052185058594,838.251220703125,-89.30960083007812,-148.8522491455078,145.86207580566406,-166.8330841064453,-173.99505615234375,1007.2257690429688,-128.3831329345703,-172.0779571533203,505.347412109375,-227.99615478515625,-271.5402526855469,890.9138793945312
135.33621215820312,-41.82503890991211,238.56304931640625,137.11099243164062,-196.98829650878903,991.997802734375,149.44171142578125,-289.8775634765625,508.8610229492188,240.8744964599609,-167.14280700683594,838.5406494140625,-89.27007293701172,-139.14585876464844,145.9599609375,-166.78921508789062,-171.3117218017578,1007.180908203125,-128.2735137939453,-164.47633361816406,505.3957214355469,-226.7432403564453,-276.1843566894531,894.2236938476562
136.76109313964844,-56.62417984008789,233.3616485595703,136.92543029785156,-196.1755828857422,993.0927124023438,148.31411743164062,-295.5575866699219,512.2093505859375,242.14028930664065,-159.9999237060547,838.8856201171875,-89.21815490722656,-129.4408416748047,146.0594482421875,-166.67929077148438,-168.6092529296875,1007.0253295898438,-128.12429809570312,-156.8428955078125,505.4487609863281,-225.45225524902344,-280.6210021972656,897.3355102539062
138.138427734375,-71.9686050415039,227.5818328857422,136.80398559570312,-195.30528259277344,994.0010986328124,147.09304809570312,-300.6591186523437,515.3047485351562,243.25570678710935,-153.1393585205078,839.2547607421875,-89.15771484375,-119.73444366455078,146.15707397460938,-166.5030059814453,-165.9065704345703,1006.7636108398438,-127.94408416748048,-149.19146728515625,505.503662109375,-224.1287078857422,-284.84423828125,900.219970703125
139.46682739257812,-87.88774871826172,221.32456970214844,136.7504425048828,-194.37733459472656,994.7114868164062,145.8119354248047,-305.1681213378906,518.1109008789062,244.22341918945312,-146.5763702392578,839.6178588867188,-89.09245300292969,-110.02521514892578,146.24984741210938,-166.26084899902344,-163.2211456298828,1006.4005737304688,-127.74010467529295,-141.54547119140625,505.5569763183594,-222.7773284912109,-288.8489685058594,902.8500366210938
140.74205017089844,-104.39736938476562,214.7056121826172,136.7672882080078,-193.39263916015625,995.2162475585938,144.50645446777344,-309.0751647949219,520.596923828125,245.04782104492188,-140.3240203857422,839.9466552734375,-89.02584838867188,-100.31291961669922,146.3354949951172,-165.9541015625,-160.56924438476562,1005.94140625,-127.51815795898438,-133.93556213378906,505.6044921875,-221.40206909179688,-292.6308898925781,905.20166015625
141.95655822753906,-121.49449920654295,207.85226440429688,136.8556365966797,-192.3535003662109,995.5112915039062,143.2127685546875,-312.377197265625,522.7371826171875,245.735107421875,-134.3933563232422,840.2152709960938,-88.9610595703125,-90.59852600097656,146.41259765625,-165.58473205566406,-157.96612548828125,1005.3910522460938,-127.28294372558594,-126.39705657958984,505.6415100097656,-220.00608825683597,-296.1861572265625,907.2540283203124
143.09906005859375,-139.15257263183594,200.89942932128903,137.01524353027344,-191.2638397216797,995.595703125,141.96554565429688,-315.0788879394531,524.51171875,246.29312133789065,-128.7935333251953,840.4007568359375,-88.90092468261719,-80.88402557373047,146.48069763183594,-165.15538024902344,-155.42616271972656,1004.7542724609376,-127.03855895996094,-118.96723175048828,505.6632080078125,-218.59173583984372,-299.51129150390625,908.9896240234376
144.15403747558594,-157.31712341308594,193.98468017578125,137.2445831298828,-190.1295928955078,995.471435546875,140.7959442138672,-317.19354248046875,525.9066162109375,246.73118591308597,-123.5320053100586,840.483642578125,-88.84783935546875,-71.17216491699219,146.54046630859375,-164.66917419433594,-152.96282958984375,1004.0357055664062,-126.78899383544922,-111.68282318115234,505.6646728515625,-217.16067504882807,-302.6030578613281,910.39453125
145.1016082763672,-175.9025421142578,187.2428131103516,137.54100036621094,-188.95883178710935,995.1431884765624,139.7296905517578,-318.7435913085937,526.9152221679688,247.06005859375,-118.61478424072266,840.44775390625,-88.8036117553711,-61.46620559692383,146.59364318847656,-164.1297149658203,-150.58868408203125,1003.2396240234376,-126.5383758544922,-104.57760620117188,505.641357421875,-215.7139587402344,-305.4581604003906,911.458740234375
145.9175262451172,-194.79000854492188,180.80014038085935,137.901123046875,-187.7618103027344,994.6183471679688,138.7854766845703,-319.7608642578125,527.5384521484375,247.2915954589844,-114.04656219482422,840.2809448242188,-88.76937866210938,-51.770050048828125,146.6432342529297,-163.5409393310547,-148.3154296875,1002.3703002929688,-126.29086303710938,-97.68032836914062,505.5894775390625,-214.2521514892578,-308.0732421875,912.176025390625
146.5741424560547,-213.8278350830078,174.76881408691406,138.32115173339844,-186.5508270263672,993.9069213867188,137.97377014160156,-320.2864990234375,527.7857055664062,247.43865966796875,-109.83094024658205,839.9747924804688,-88.74549102783203,-42.08869934082031,146.69337463378906,-162.90707397460938,-146.15377807617188,1001.4320678710938,-126.0500717163086,-91.01366424560548,505.5060424804688,-212.7754821777344,-310.4448547363281,912.5441284179688
147.04202270507812,-232.8345184326172,169.24159240722656,138.79727172851562,-185.34007263183597,993.02197265625,137.29617309570312,-320.37017822265625,527.6742553710938,247.5147857666016,-105.97063446044922,839.5249633789062,-88.73140716552734,-32.428897857666016,146.74929809570312,-162.2326202392578,-144.11351013183594,1000.4292602539062,-125.81832885742188,-84.5940933227539,505.388916015625,-211.28407287597656,-312.5692749023437,912.5646362304688
147.2926788330078,-251.6041717529297,164.2876434326172,139.32577514648438,-184.1455535888672,991.97900390625,136.74530029296875,-320.06890869140625,527.2293090820312,247.53404235839844,-102.46758270263672,838.9307861328125,-88.72562408447266,-22.799657821655277,146.81719970703125,-161.52227783203125,-142.2033233642578,999.3662109375,-125.59595489501952,-78.43254852294922,505.23638916015625,-209.778076171875,-314.4425964355469,912.2432861328124
147.30203247070312,-269.9142761230469,159.94956970214844,139.90304565429688,-182.98501586914065,990.7962646484376,136.3053741455078,-319.4448547363281,526.4827270507812,247.51071166992188,-99.3231201171875,838.195556640625,-88.72561645507812,-13.21249008178711,146.90432739257812,-160.78091430664062,-140.4307403564453,998.2476806640624,-125.3807601928711,-72.53559875488281,505.0470581054688,-208.2579040527344,-316.0606994628906,911.5894165039062
147.05422973632812,-287.5356140136719,156.24224853515625,140.52529907226562,-181.8779144287109,989.494384765625,135.9535675048828,-318.56317138671875,525.4714965820312,247.4591522216797,-96.53797912597656,837.3261108398438,-88.72787475585938,-3.681287527084351,147.0189666748047,-160.0135498046875,-138.80198669433594,997.07861328125,-125.16781616210938,-66.90696716308594,504.8193664550781,-206.7243804931641,-317.4194030761719,910.6160888671876
146.54443359375,-304.242919921875,153.1535186767578,141.18838500976562,-180.84542846679688,988.0958862304688,135.66177368164062,-317.48907470703125,524.23583984375,247.39349365234372,-94.11239624023438,836.3323974609375,-88.7280044555664,5.778176784515381,147.17086791992188,-159.2252197265625,-137.32180786132812,995.8646240234376,-124.94947814941406,-61.54914093017578,504.55169677734375,-205.1790008544922,-318.5145263671875,909.3397827148438
145.77996826171875,-319.8242492675781,150.6462860107422,141.88742065429688,-179.91029357910156,986.6248168945312,135.39906311035156,-316.2850952148437,522.8172607421875,247.3275604248047,-92.04607391357422,835.2276000976562,-88.72093200683594,15.149057388305664,147.37158203125,-158.42095947265625,-135.99359130859375,994.61181640625,-124.71553802490234,-56.46473693847656,504.24267578125,-203.6239776611328,-319.34197998046875,907.7803344726562
144.78016662597656,-334.0893249511719,148.66241455078125,142.6165771484375,-179.0964813232422,985.1061401367188,135.1342010498047,-315.0086669921875,521.2561645507812,247.2746124267578,-90.33822631835938,834.0272827148438,-88.7011489868164,24.41439247131348,147.63475036621094,-157.605712890625,-134.81959533691406,993.3270263671876,-124.45349884033205,-51.65753173828125,503.8916320800781,-202.06243896484372,-319.8980407714844,905.9602661132812
143.57508850097656,-346.87628173828125,147.12828063964844,143.36911010742188,-178.42857360839844,983.5655517578124,134.8383331298828,-313.7100524902344,519.590576171875,247.24722290039065,-88.987548828125,832.749267578125,-88.66300201416016,33.558109283447266,147.97581481933594,-156.78428649902344,-133.80142211914062,992.0180053710938,-124.14887237548828,-47.1330680847168,503.4996948242188,-200.49847412109372,-320.1793518066406,903.9049072265624
142.2031707763672,-358.0567932128906,145.9613800048828,144.13768005371094,-177.93080139160156,982.029296875,134.4873809814453,-312.4312438964844,517.8549194335938,247.25711059570312,-87.99221801757812,831.412841796875,-88.60096740722656,42.56600570678711,148.41172790527344,-155.96119689941406,-132.9405517578125,990.6929321289062,-123.78558349609376,-42.89882278442383,503.070556640625,-198.9371490478516,-320.1833190917969,901.6415405273438
140.70851135253906,-367.53900146484375,145.0770721435547,144.91465759277344,-177.6260223388672,980.5235595703124,134.0641632080078,-311.2058410644531,516.080078125,247.3150329589844,-87.349853515625,830.0387573242188,-88.50982666015625,51.42665100097656,148.96031188964844,-155.1405487060547,-132.2388153076172,989.3609008789062,-123.3464813232422,-38.96400451660156,502.611083984375,-197.3845367431641,-319.9080505371094,899.199462890625
139.1377410888672,-375.268798828125,144.39439392089844,145.6927032470703,-177.5344696044922,979.0743408203124,133.55979919433594,-310.05963134765625,514.2933959960938,247.43063354492188,-87.05757904052734,828.648193359375,-88.3849105834961,60.13179016113281,149.63954162597656,-154.32586669921875,-131.69888305664062,988.0311889648438,-122.81403350830078,-35.33915328979492,502.13128662109375,-195.84759521484372,-319.3526916503906,896.6090087890625
137.5369110107422,-381.2291870117188,143.84036254882812,146.46527099609375,-177.67271423339844,977.70703125,132.97439575195312,-309.0120544433594,512.52001953125,247.6123504638672,-87.11193084716797,827.2626342773438,-88.22222137451172,68.67618560791016,150.4666748046875,-153.51992797851562,-131.3243865966797,986.713623046875,-122.17133331298828,-32.03578186035156,501.6439208984375,-194.33409118652344,-318.517578125,893.901611328125
135.949462890625,-385.4393615722656,143.35333251953125,147.22714233398438,-178.05258178710938,976.4461059570312,132.31700134277344,-308.0780029296875,510.7840576171875,247.8673095703125,-87.50891876220703,825.9033203125,-88.0184555053711,77.0568618774414,151.45742797851562,-152.72457885742188,-131.11996459960938,985.4181518554688,-121.40328979492188,-29.06633758544922,501.1632385253906,-192.8524627685547,-317.4042663574219,891.1090087890625
134.41502380371094,-387.9534606933594,142.8854217529297,147.974853515625,-178.6802520751953,975.3145141601562,131.6046600341797,-307.26910400390625,509.1092529296875,248.20123291015625,-88.24405670166016,824.5908813476562,-87.77108001708984,85.27180480957031,152.62551879882812,-151.94061279296875,-131.0910186767578,984.1548461914062,-120.49794006347656,-26.444583892822266,500.7036743164063,-191.4116058349609,-316.0157165527344,888.2628173828125
132.9689178466797,-388.8585205078125,142.40342712402344,148.70701599121094,-179.5556182861328,974.3335571289062,130.86119079589844,-306.59478759765625,507.5202026367188,248.618408203125,-89.31239318847656,823.3447265625,-87.47844696044922,93.31816864013672,153.9821014404297,-151.16769409179688,-131.24322509765625,982.93359375,-119.44784545898438,-24.186599731445312,500.2780456542969,-190.0207061767578,-314.3564758300781,885.3941650390625
131.64157104492188,-388.2716674804688,141.8879852294922,149.4244842529297,-180.67198181152344,973.5221557617188,130.1156768798828,-306.06207275390625,506.0425720214844,249.12159729003903,-90.70858764648438,822.1831665039062,-87.14012908935547,101.19027709960938,155.5359344482422,-150.4042510986328,-131.58177185058594,981.7639770507812,-118.25140380859376,-22.31208038330078,499.8961181640625,-188.68896484375,-312.4324645996094,882.5331420898438
130.4578094482422,-386.3350830078125,141.33091735839844,150.13014221191406,-182.0160217285156,972.8966064453124,129.40103149414062,-305.6751708984375,504.7027587890625,249.7120513916016,-92.427001953125,821.1226806640625,-86.75735473632812,108.87754821777344,157.29354858398438,-149.64755249023438,-132.11038208007812,980.6552734375,-116.91409301757812,-20.845718383789062,499.56353759765625,-187.4253692626953,-310.2513732910156,879.7084350585938
129.43603515625,-383.20947265625,140.7318878173828,150.8287353515625,-183.5681915283203,972.4701538085938,128.7528839111328,-305.4336853027344,503.5270690917969,250.3895263671875,-94.46174621582033,820.17822265625,-86.3334732055664,116.36262512207033,159.2599334716797,-148.89382934570312,-132.8301239013672,979.6160278320312,-115.44967651367188,-19.8182430267334,499.2812194824219,-186.23855590820312,-307.822265625,876.9469604492188
128.5872344970703,-379.0652160644531,140.09542846679688,151.5262908935547,-185.30343627929688,972.2525024414062,128.2081756591797,-305.3309326171875,502.5395202636719,251.15228271484372,-96.80674743652344,819.3626708984375,-85.87443542480469,123.6197509765625,161.43919372558594,-148.1384735107422,-133.73809814453125,978.6541137695312,-113.88111877441406,-19.26665496826172,499.0450744628906,-185.136474609375,-305.1558532714844,874.2734985351562
127.91431427001952,-374.0718383789063,139.43002319335938,152.2295379638672,-187.19219970703125,972.249267578125,127.80363464355467,-305.3515625,501.75927734375,251.9971160888672,-99.45584106445312,818.6871337890625,-85.38922119140625,130.61367797851562,163.83531188964844,-147.3763885498047,-134.8263702392578,977.7763671875,-112.2412567138672,-19.23331451416016,498.84619140625,-184.12631225585935,-302.2641296386719,871.71044921875
127.4120101928711,-368.3872680664063,138.7476348876953,152.94520568847656,-189.2016143798828,972.4619140625,127.5738525390625,-305.4694519042969,501.197509765625,252.91944885253903,-102.40281677246094,818.1607055664062,-84.89019775390625,137.2987823486328,166.4530487060547,-146.60232543945312,-136.0809326171875,976.9887084960938,-110.5728988647461,-19.76372718811035,498.6709899902344,-183.21429443359372,-299.1604919433594,869.2776489257812
127.06741333007812,-362.1488342285156,138.06260681152344,153.67938232421875,-191.29669189453125,972.8870239257812,127.54888153076172,-305.6457214355469,500.8544921875,253.9133758544922,-105.64154815673828,817.7905883789062,-84.3931655883789,143.6184844970703,169.29864501953125,-145.8113555908203,-137.48130798339844,976.2957153320312,-108.92807006835938,-20.903186798095703,498.5015563964844,-182.40550231933597,-295.8594055175781,866.9920654296875
126.8611068725586,-355.4674987792969,137.38987731933594,154.43699645996094,-193.44163513183597,973.5165405273438,127.75142669677734,-305.8276062011719,500.7173156738281,254.97178649902344,-109.16603088378906,817.5821533203125,-83.9171142578125,149.50485229492188,172.38050842285156,-144.9992218017578,-139.0005645751953,975.7005615234376,-107.36628723144533,-22.692651748657227,498.3160400390625,-181.703857421875,-292.3764038085937,864.8679809570312
126.76886749267578,-348.4259948730469,136.74334716796875,155.22134399414062,-195.6007843017578,974.3375244140624,128.19390869140625,-305.9482421875,500.7591857910156,256.08642578125,-112.97045135498048,817.5390014648438,-83.48346710205078,154.87875366210938,175.7093048095703,-144.16270446777344,-140.60604858398438,975.2047119140624,-105.95140075683594,-25.164485931396484,498.0891723632813,-181.1119842529297,-288.7278137207031,862.9164428710938
126.7637939453125,-341.0801086425781,136.1348419189453,156.0338897705078,-197.73947143554688,975.3326416015624,128.8759307861328,-305.9278564453125,500.9402465820313,257.248046875,-117.04912567138672,817.6630249023438,-83.11483001708984,159.650634765625,179.2976837158203,-143.29986572265625,-142.26063537597656,974.8079833984376,-104.7470703125,-28.3387393951416,497.7935485839844,-180.63124084472656,-284.9305419921875,861.1458129882812
126.81869506835938,-333.462646484375,135.5731964111328,156.8741912841797,-199.82455444335935,976.4805297851562,129.78277587890625,-305.6768493652344,501.2108154296875,258.4465637207031,-121.39640808105467,817.9545288085938,-82.83329010009766,163.72265625,183.1590576171875,-142.41036987304688,-143.92405700683594,974.5086669921876,-103.81116485595705,-32.220760345458984,497.4017639160156,-180.26168823242188,-281.0019226074219,859.5615844726562
126.90825653076172,-325.5894470214844,135.0639190673828,157.74000549316406,-201.8247528076172,977.7567138671876,130.88540649414062,-305.1002197265625,501.5160217285156,259.67120361328125,-126.00647735595705,818.4126586914062,-82.65840911865234,166.9923095703125,187.30540466308597,-141.49549865722656,-145.55458068847656,974.3036499023438,-103.189697265625,-36.80047225952149,496.8894653320313,-180.0022735595703,-276.9594116210937,858.1664428710938
127.0106201171875,-317.4667663574219,134.60914611816406,158.6275634765625,-203.7108154296875,979.1347045898438,132.14231872558594,-304.1039733886719,501.8017578125,260.9106750488281,-130.87315368652344,819.0352172851562,-82.60530090332031,169.35728454589844,191.74441528320312,-140.55828857421875,-147.11061096191406,974.1890258789062,-102.91130828857422,-42.05339813232422,496.2392578125,-179.850830078125,-272.82037353515625,856.9607543945312
127.10831451416016,-309.0980224609375,134.20791625976562,159.53187561035156,-205.45550537109372,980.5869750976562,133.50314331054688,-302.60174560546875,502.0203857421875,262.1533203125,-135.98960876464844,819.8193359375,-82.6828842163086,170.7217559814453,196.475830078125,-139.60353088378906,-148.55233764648438,974.1603393554688,-102.98368072509766,-47.94309997558594,495.4444274902344,-179.80426025390625,-268.601806640625,855.9425659179688
127.18852996826172,-300.4896850585937,133.8567352294922,160.44728088378906,-207.03370666503903,982.086181640625,134.91390991210938,-300.52166748046875,502.1353149414063,263.38739013671875,-141.34815979003906,820.761474609375,-82.89263153076172,171.0028839111328,201.4882659912109,-138.63758850097656,-149.84353637695312,974.2135009765624,-103.392822265625,-54.424781799316406,494.5126037597656,-179.8587646484375,-264.3201599121094,855.108154296875
127.24308776855467,-291.654541015625,133.5501708984375,161.367919921875,-208.4224090576172,983.6061401367188,136.3230743408203,-297.8122863769531,502.1236877441406,264.60107421875,-146.94007873535156,821.8578491210938,-83.22807312011719,170.13729858398438,206.75662231445312,-137.66807556152344,-150.9532470703125,974.3451538085938,-104.10527801513672,-61.44939804077149,493.4679260253906,-180.00985717773438,-259.9911499023437,854.4520874023438
127.26810455322266,-282.6126708984375,133.28167724609375,162.288330078125,-209.60079956054688,985.122802734375,137.68719482421875,-294.4469299316406,501.9771118164063,265.7828369140625,-152.75540161132812,823.1044921875,-83.6752700805664,168.08670043945312,212.24087524414065,-136.7035675048828,-151.8571319580078,974.5531616210938,-105.07274627685548,-68.96746826171875,492.3518981933594,-180.25254821777344,-255.6295928955078,853.9677734375
127.2634506225586,-273.3902893066406,133.04429626464844,163.20388793945312,-210.5503692626953,986.61474609375,138.97557067871094,-290.4258117675781,501.7004699707031,266.9215393066406,-158.78277587890625,824.497802734375,-84.21443939208984,164.8424072265625,217.88645935058597,-135.75289916992188,-152.53848266601562,974.8373413085938,-106.23794555664062,-76.93209838867188,491.2221374511719,-180.58135986328125,-251.24920654296875,853.6474609375
127.23196411132812,-264.01727294921875,132.83151245117188,164.11117553710938,-211.25515747070312,988.0639038085938,140.17274475097656,-285.7754821777344,501.30950927734375,268.0064697265625,-165.00946044921875,826.0346069335938,-84.82252502441406,160.4280548095703,223.626220703125,-134.82476806640625,-152.9886474609375,975.199462890625,-107.54045104980467,-85.3007583618164,490.1489562988281,-180.990478515625,-246.862548828125,853.4826049804688
127.1787109375,-254.5243225097656,132.63771057128906,165.0081787109375,-211.70201110839844,989.4552001953124,141.27867126464844,-280.5451965332031,500.8273010253906,269.0276184082031,-171.42120361328125,827.7122192382812,-85.476318359375,154.8992156982422,229.3834228515625,-133.9270477294922,-153.20697021484375,975.6432495117188,-108.9216079711914,-94.0353012084961,489.2108154296875,-181.47366333007807,-242.4807891845703,853.4638671875
127.1101531982422,-244.94021606445312,132.45864868164062,165.89442443847656,-211.8809967041016,990.7769775390624,142.30621337890625,-274.8008117675781,500.28070068359375,269.9757080078125,-178.00228881835938,829.5286865234375,-86.15543365478516,148.33961486816406,235.0748443603516,-133.0663604736328,-153.20021057128906,976.1743774414062,-110.32781982421876,-103.09968566894533,488.4886474609375,-182.02427673339844,-238.11370849609372,853.5813598632812
127.0333480834961,-235.2898712158203,132.29156494140625,166.7707061767578,-211.78579711914065,992.0202026367188,143.276123046875,-268.6172180175781,499.697021484375,270.8421936035156,-184.7354888916016,831.482666015625,-86.8444595336914,140.8538055419922,240.61309814453125,-132.2477264404297,-152.9815673828125,976.7994384765624,-111.71208953857422,-112.45626068115234,488.0598754882813,-182.63525390625,-233.76971435546875,853.824462890625
126.95507049560548,-225.5933074951172,132.1352996826172,167.6389923095703,-211.41400146484372,993.1785278320312,144.21051025390625,-262.070556640625,499.1015319824219,271.6194152832031,-191.6021728515625,833.5734252929688,-87.53388214111328,132.55731201171875,245.9073486328125,-131.47433471679688,-152.5694122314453,977.525390625,-113.03479766845705,-122.06200408935548,487.9925537109375,-183.299072265625,-229.45578002929688,854.1819458007812
126.88098907470705,-215.86553955078125,131.99021911621094,168.50192260742188,-210.7672882080078,994.2471923828124,145.12599182128906,-255.23159790039065,498.5160827636719,272.3004150390625,-198.5822906494141,835.8006591796875,-88.21959686279297,123.56602478027344,250.86297607421875,-130.7474822998047,-151.98590087890625,978.3585205078124,-114.2641830444336,-131.86572265625,488.3400573730469,-184.00765991210935,-225.17767333984372,854.6416625976562
126.81497192382812,-206.11703491210935,131.85792541503906,169.36248779296875,-209.8515472412109,995.2229614257812,146.0283203125,-248.1610412597656,497.9583740234375,272.879150390625,-205.654541015625,838.164306640625,-88.90110778808594,113.98694610595705,255.3820953369141,-130.0667724609375,-151.2554473876953,979.3033447265624,-115.37643432617188,-141.80587768554688,489.13714599609375,-184.7524871826172,-220.93997192382807,855.1908569335938
126.75861358642578,-196.3548126220703,131.74085998535156,170.2235107421875,-208.67669677734372,996.1029663085938,146.90943908691406,-240.90716552734372,497.4416198730469,273.35028076171875,-212.79649353027344,840.6641845703125,-89.57929229736328,103.91165924072266,259.36602783203125,-129.430419921875,-150.40335083007812,980.3612670898438,-116.35537719726562,-151.80931091308594,490.3976440429688,-185.5245513916016,-216.7462615966797,855.8157348632812
126.7110824584961,-186.58360290527344,131.64187622070312,171.0872344970703,-207.2564239501953,996.8849487304688,147.7482147216797,-233.50570678710935,496.9745178222656,273.7091979980469,-219.98472595214844,843.299560546875,-90.2547607421875,93.41300964355467,262.7198181152344,-128.83566284179688,-149.4544677734375,981.5299682617188,-117.19182586669922,-161.79220581054688,492.1142578125,-186.31455993652344,-212.5993804931641,856.501708984375
126.66943359375,-176.80657958984375,131.56369018554688,171.95477294921875,-205.6078186035156,997.56640625,148.51451110839844,-225.98117065429688,496.561279296875,273.9519958496094,-227.19500732421875,846.0689697265625,-90.92723083496094,82.54460144042969,265.3576965332031,-128.279296875,-148.43214416503906,982.8025512695312,-117.88245391845705,-171.66354370117188,494.2599487304688,-187.1129608154297,-208.50149536132807,857.2330322265625
126.62915802001952,-167.02597045898438,131.5084991455078,172.8257598876953,-203.75083923339844,998.1449584960938,149.17611694335938,-218.348876953125,496.2017517089844,274.0753479003906,-234.4025115966797,848.9699096679688,-91.59542083740234,71.34269714355469,267.2081604003906,-127.75806427001952,-147.3572235107422,984.1670532226562,-118.4283676147461,-181.3306121826172,496.7906494140625,-187.9102783203125,-204.4544219970703,857.9932861328125
126.5850067138672,-157.24305725097656,131.4776153564453,173.697998046875,-201.70773315429688,998.6182861328124,149.70660400390625,-210.6170959472656,495.891845703125,274.0765380859375,-241.58200073242188,851.998046875,-92.2573699951172,59.82929611206055,268.2177124023437,-127.2690658569336,-146.2474822998047,985.60693359375,-118.83332824707033,-190.70489501953125,499.6489868164063,-188.697265625,-200.4597930908203,858.7650756835938
126.53184509277344,-147.45819091796875,131.47120666503906,174.56736755371094,-199.50244140625,998.98388671875,150.0917510986328,-202.78941345214844,495.6246032714844,273.9532470703125,-248.70803833007807,855.1473999023438,-92.91104125976562,48.01534652709961,268.3526306152344,-126.81009674072266,-145.11724853515625,987.100830078125,-119.10213470458984,-199.7065277099609,502.7684020996094,-189.46522521972656,-196.5191802978516,859.5304565429688
126.46537017822266,-137.67105102539062,131.4883575439453,175.42787170410156,-197.15997314453125,999.239013671875,150.33241271972656,-194.8673095703125,495.3909301757813,273.70367431640625,-255.75518798828125,858.4097900390625,-93.55498504638672,35.90376663208008,267.5993957519531,-126.37981414794922,-143.9773712158203,988.6239013671876,-119.23919677734376,-208.26730346679688,506.07757568359375,-190.2062530517578,-192.63433837890625,860.2711181640625
126.3825454711914,-127.88107299804688,131.52708435058594,176.2718505859375,-194.70578002929688,999.3809204101562,150.44314575195312,-186.8527069091797,495.1807556152344,273.3263854980469,-262.6983337402344,861.7747192382812,-94.18891143798828,23.49155044555664,265.9633178710937,-125.97786712646484,-142.83554077148438,990.1482543945312,-119.24781036376952,-216.3315887451172,509.5042114257813,-190.91346740722656,-188.8072204589844,860.9686279296875
126.28173065185548,-118.08777618408205,131.58468627929688,177.09042358398438,-192.16525268554688,999.4069213867188,150.4476776123047,-178.7500457763672,494.9837951660156,272.8203430175781,-269.5128479003906,865.2291259765625,-94.8143081665039,10.7705659866333,263.466796875,-125.60491180419922,-141.6966552734375,991.6441650390624,-119.13060760498048,-223.8564300537109,512.9776000976562,-191.581298828125,-185.04019165039065,861.6046752929688
126.16252899169922,-108.29103088378906,131.657958984375,177.87400817871094,-189.56321716308597,999.3147583007812,150.37332153320312,-170.5674285888672,494.7902526855469,272.1849365234375,-276.1747741699219,868.757568359375,-95.43496704101562,-2.2726049423217773,260.1470642089844,-125.26256561279295,-140.5635528564453,993.081298828125,-118.89109802246094,-230.8107147216797,516.4297485351562,-192.2056121826172,-181.33590698242188,862.1617431640625
126.0254898071289,-98.49107360839844,131.74342346191406,178.61282348632812,-186.92369079589844,999.1027221679688,150.2459259033203,-162.31761169433594,494.5913696289063,271.41998291015625,-282.6611633300781,872.3421630859375,-96.05729675292967,-15.65683937072754,256.0544128417969,-124.95325469970705,-139.4376220703125,994.4296875,-118.5352554321289,-237.17327880859372,519.79541015625,-192.7838134765625,-177.69747924804688,862.623291015625
125.87169647216795,-88.6884765625,131.8376007080078,179.29733276367188,-184.2695159912109,998.770263671875,150.0861358642578,-154.0187225341797,494.3796997070313,270.52587890625,-288.9500427246094,875.9625854492188,-96.69052124023438,-29.405946731567383,251.25108337402344,-124.68003845214844,-138.31939697265625,995.6607666015624,-118.07278442382812,-242.9303741455078,523.0123291015625,-193.31495666503903,-174.12835693359375,862.9740600585938
125.7023696899414,-78.88404846191406,131.93704223632812,179.9186553955078,-181.62225341796875,998.3175659179688,149.9075469970703,-145.69480895996094,494.14886474609375,269.5038452148437,-295.0207824707031,879.5967407226562,-97.34630584716795,-43.54708480834961,245.81088256835935,-124.44632720947266,-137.20912170410156,996.748291015625,-117.517822265625,-248.07313537597656,526.020751953125,-193.79966735839844,-170.63238525390625,863.20068359375
125.5186004638672,-69.07864379882812,132.03846740722656,180.46885681152344,-179.0018310546875,997.74609375,149.71673583984375,-137.37551879882812,493.8938293457031,268.3558654785156,-300.8540954589844,883.220458984375,-98.03766632080078,-58.10782623291016,239.81915283203125,-124.2556381225586,-136.10719299316406,997.669189453125,-116.88900756835938,-252.5956878662109,528.76416015625,-194.24005126953125,-167.21365356445312,863.291748046875
125.32125854492188,-59.27314376831055,132.1387939453125,180.94125366210935,-176.4263916015625,997.0585327148438,149.5146026611328,-129.0946502685547,493.61077880859375,267.0850830078125,-306.43231201171875,886.808349609375,-98.77703857421876,-73.11202239990234,233.3726806640625,-124.11135864257812,-135.01455688476562,998.4041748046876,-116.2089385986328,-256.4939880371094,531.1895751953125,-194.6395263671875,-163.87649536132812,863.2382202148438
125.111083984375,-49.46868515014648,132.23532104492188,181.33053588867188,-173.91207885742188,996.2584838867188,149.298583984375,-120.88751983642578,493.2974853515625,265.6956787109375,-311.7394714355469,890.333984375,-99.57457733154295,-88.5753402709961,226.57907104492188,-124.01652526855467,-133.93299865722656,998.9380493164062,-115.50303649902344,-259.7655029296875,533.2492065429688,-195.0026092529297,-160.62545776367188,863.0333862304688
124.8889617919922,-39.66698455810547,132.3260498046875,181.633056640625,-171.47305297851562,995.3510131835938,149.06520080566406,-112.78807067871094,492.9534912109375,264.1932067871094,-316.7614440917969,893.77001953125,-100.43694305419922,-104.5011978149414,219.5552978515625,-123.9736557006836,-132.8653564453125,999.2603759765624,-114.7980728149414,-262.40948486328125,534.901611328125,-195.3346710205078,-157.46519470214844,862.6732788085938
124.65621185302734,-29.87067413330078,132.40994262695312,181.84678649902344,-169.1214599609375,994.3422241210938,148.81214904785156,-104.82666778564452,492.58013916015625,262.5845031738281,-321.48590087890625,897.0889892578125,-101.3666000366211,-120.8778305053711,212.42567443847656,-123.98463439941406,-131.81565856933594,999.3654174804688,-114.12055206298828,-264.42779541015625,536.1134643554688,-195.64166259765625,-154.40042114257812,862.1564331054688
124.41488647460938,-20.083559036254883,132.48715209960938,181.971435546875,-166.867431640625,993.2395629882812,148.53993225097656,-97.02906799316406,492.1802368164063,260.8778076171875,-325.902587890625,900.2633056640625,-102.36136627197266,-137.6768035888672,205.3190460205078,-124.05065155029295,-130.78912353515625,999.2523803710938,-113.49508666992188,-265.8258361816406,536.8610229492188,-195.92984008789065,-151.4359588623047,861.484130859375
124.16806030273438,-10.310827255249023,132.55931091308594,182.0083465576172,-164.7191925048828,992.0516357421876,148.25247192382812,-89.41622161865234,491.75775146484375,259.0827331542969,-330.00311279296875,903.2658081054688,-103.41426849365234,-154.85214233398438,198.3652801513672,-124.1722640991211,-129.79205322265625,998.92529296875,-112.9429168701172,-266.6139831542969,537.13232421875,-196.20556640625,-148.57666015625,860.6598510742188
123.91986846923828,-0.5592017769813538,132.62969970703125,181.9603271484375,-162.68316650390625,990.7881469726562,147.95704650878906,-82.00486755371094,491.3176574707031,257.2101135253906,-333.78094482421875,906.0700073242188,-104.51355743408205,-172.33934020996094,191.6914520263672,-124.34942626953124,-128.8318328857422,998.3928833007812,-112.48065948486328,-266.80889892578125,536.9281616210938,-196.47503662109372,-145.82740783691406,859.6898193359375
123.675537109375,9.162970542907717,132.7035675048828,181.83154296875,-160.76417541503906,989.4598388671876,147.6633758544922,-74.80876922607422,490.8654174804688,255.2721099853516,-337.2314147949219,908.6505737304688,-105.6429443359375,-190.0540771484375,185.4174652099609,-124.58167266845705,-127.91674041748048,997.6683349609376,-112.11941528320312,-266.4349975585937,536.2635498046875,-196.74420166015625,-143.1931610107422,858.5822143554688
123.44122314453124,18.845705032348636,132.7882537841797,181.627197265625,-158.9656982421875,988.0783081054688,147.38221740722656,-67.84033966064453,490.4069519042969,253.28179931640625,-340.3515319824219,910.9835205078124,-106.7817840576172,-207.8910369873047,179.65130615234375,-124.86820220947266,-127.0559539794922,996.7686767578124,-111.8642120361328,-265.5259094238281,535.1676025390625,-197.0186462402344,-140.678955078125,857.3472900390625
123.22371673583984,28.47751235961914,132.89332580566406,181.35325622558597,-157.2902374267578,986.6558227539062,147.12391662597656,-61.11220169067383,489.9482727050781,251.2531280517578,-343.13983154296875,913.0466918945312,-107.90546417236328,-225.7228546142578,174.48419189453125,-125.20808410644533,-126.25946807861328,995.71435546875,-111.7138900756836,-264.1259765625,533.6829833984375,-197.30352783203125,-138.28997802734375,855.9971923828125
123.03014373779295,38.045658111572266,133.03050231933594,181.01611328125,-155.73985290527344,985.205078125,146.89683532714844,-54.63861083984375,489.49517822265625,249.2006683349609,-345.5960693359375,914.8198852539062,-108.98585510253906,-243.39944458007807,169.98558044433594,-125.600341796875,-125.53807067871094,994.52880859375,-111.66136932373048,-262.2916564941406,531.8635864257812,-197.60357666015625,-136.03150939941406,854.5455322265625
122.86752319335938,47.53648376464844,133.21331787109375,180.6220245361328,-154.3166046142578,983.7390747070312,146.70626831054688,-48.43634796142578,489.0529174804688,247.13937377929688,-347.7212219238281,916.285400390625,-109.99197387695312,-260.7488098144531,166.1989288330078,-126.04407501220705,-124.90338134765624,993.2376708984376,-111.69447326660156,-260.0925598144531,529.7720336914062,-197.92323303222656,-133.90908813476562,853.0073852539062
122.74215698242188,56.935768127441406,133.45657348632812,180.17662048339844,-153.02310180664062,982.2705688476562,146.553466796875,-42.52507781982422,488.6257629394531,245.0843048095703,-349.5169372558594,917.4280395507812,-110.8908462524414,-277.5804138183594,163.1386260986328,-126.5384750366211,-124.36783599853516,991.8681030273438,-111.797119140625,-257.6117248535156,527.4762573242188,-198.2665863037109,-131.9284210205078,851.39892578125
122.65843963623048,66.22941589355469,133.7755889892578,179.68431091308594,-151.8631134033203,980.8117065429688,146.43507385253906,-36.927040100097656,488.2167053222656,243.05047607421875,-350.9854431152344,918.2356567382812,-111.64855194091795,-293.6905517578125,160.7886199951172,-127.08283996582033,-123.94467163085938,990.4481201171876,-111.95074462890624,-254.9447784423828,525.0460815429688,-198.6376037597656,-130.0955047607422,849.7371826171875
122.61782836914062,75.40430450439453,134.18556213378906,179.1480712890625,-150.84176635742188,979.3736572265624,146.34263610839844,-31.66617202758789,487.82708740234375,241.0526580810547,-352.1292419433594,918.6992797851562,-112.23153686523438,-308.86962890625,159.10302734375,-127.676513671875,-123.64785766601562,989.006103515625,-112.13567352294922,-252.1977996826172,522.5509033203125,-199.04010009765625,-128.4165802001953,848.0399780273438
122.6181640625,84.44891357421875,134.70135498046875,178.56924438476562,-149.96580505371094,977.9661254882812,146.2624053955078,-26.766904830932617,487.4565124511719,239.10513305664065,-352.9508361816406,918.8131713867188,-112.6082534790039,-322.91082763671875,158.00906372070312,-128.31881713867188,-123.49195098876952,987.56982421875,-112.33220672607422,-249.4833831787109,520.0576171875,-199.47787475585935,-126.89816284179688,846.325439453125
122.65369415283205,93.35352325439452,135.33740234375,177.9476776123047,-149.2434844970703,976.5975952148438,146.175537109375,-22.25292015075684,487.10296630859375,237.22157287597656,-353.4524230957031,918.5751953125,-112.75123596191406,-335.620361328125,157.411865234375,-129.00897216796875,-123.49177551269533,986.166015625,-112.5212860107422,-246.9153289794922,517.6296997070312,-199.9547882080078,-125.54704284667967,844.61181640625
122.7154769897461,102.11011505126952,136.10768127441406,177.2818145751953,-148.68431091308594,975.2749633789062,146.05865478515625,-18.146175384521484,486.7631530761719,235.4149475097656,-353.6358642578125,917.9869384765624,-112.63932800292967,-346.8280639648437,157.20147705078125,-129.74607849121094,-123.66200256347656,984.81982421875,-112.68484497070312,-244.6024169921875,515.3256225585938,-200.47471618652344,-124.37025451660156,842.9174194335938
122.7922592163086,110.71174621582033,137.02566528320312,176.56915283203125,-148.2985076904297,974.0037231445312,145.88531494140625,-14.466442108154297,486.4330749511719,233.697265625,-353.5024108886719,917.0534057617188,-112.260009765625,-356.3977355957031,157.26092529296875,-130.52903747558594,-124.01657104492188,983.5541381835938,-112.8061752319336,-242.64175415039065,513.1969604492188,-201.0415802001953,-123.3750457763672,841.2600708007812
122.87164306640624,119.15177154541016,138.10426330566406,175.80657958984375,-148.0963897705078,972.78857421875,145.6279296875,-11.231444358825684,486.1082458496094,232.07955932617188,-353.0525817871094,915.7832641601562,-111.61119079589844,-364.2361145019531,157.47512817382812,-131.35659790039062,-124.56793212890624,982.3894653320312,-112.8704833984375,-241.11265563964844,511.2861633300781,-201.6592559814453,-122.56880950927734,839.6570434570312
122.94139862060548,127.42276000976562,139.35568237304688,174.99093627929688,-148.08738708496094,971.6331787109376,145.26068115234375,-8.457620620727539,485.7842102050781,230.57179260253903,-352.28631591796875,914.1886596679688,-110.7024917602539,-370.2994995117188,157.73963928222656,-132.2274169921875,-125.32620239257812,981.3435668945312,-112.86578369140624,-240.0716094970703,509.6249084472656,-202.3315277099609,-121.95901489257812,838.1249389648438
122.99081420898438,135.51536560058594,140.79150390625,174.11953735351562,-148.27911376953125,970.5408325195312,144.76268005371094,-6.161323547363281,485.4562377929688,229.18264770507807,-351.2027587890625,912.2850341796876,-109.5555648803711,-374.5972595214844,157.96798706054688,-133.14007568359375,-126.2982940673828,980.4314575195312,-112.78411102294922,-239.5492248535156,508.2327270507813,-203.0619659423828,-121.55313873291016,836.6790161132812
123.01200103759766,143.4170379638672,142.42274475097656,173.19068908691406,-148.6763458251953,969.5148315429688,144.121337890625,-4.360223770141602,485.1194458007813,227.9195098876953,-349.8005065917969,910.0910034179688,-108.20353698730467,-377.191650390625,158.09658813476562,-134.0931854248047,-127.487060546875,979.665283203125,-112.6229476928711,-239.5490264892578,507.1170043945313,-203.85372924804688,-121.35852813720705,835.3335571289062
123.0009536743164,151.11077880859375,144.2599334716797,172.2039031982422,-149.28021240234375,968.5587768554688,143.33534240722656,-3.074593544006348,484.7682495117188,226.788330078125,-348.07763671875,907.6281127929688,-106.68985748291016,-378.1934509277344,158.08633422851562,-135.08538818359375,-128.8905487060547,979.0545654296876,-112.3865203857422,-240.04856872558597,506.2738952636719,-204.7095184326172,-121.38232421875,834.1013793945312
122.95831298828124,158.57388305664062,146.31341552734375,171.16012573242188,-150.08763122558594,967.676513671875,142.41712951660156,-2.328101634979248,484.3963928222656,225.79348754882807,-346.0319519042969,904.9204711914062,-105.06671905517578,-377.75384521484375,157.9206085205078,-136.11534118652344,-130.50144958496094,978.6061401367188,-112.0869140625,-241.00265502929688,505.6903991699219,-205.63134765625,-121.63128662109376,832.993896484375
122.8898696899414,165.77674865722656,148.59353637695312,170.06163024902344,-151.0911102294922,966.8721923828124,141.3940887451172,-2.147895097732544,483.99652099609375,224.93772888183597,-343.6611328125,901.9945068359376,-103.39309692382812,-376.0529479980469,157.60067749023438,-137.18167114257812,-132.30682373046875,978.32421875,-111.74457550048828,-242.3484344482422,505.3468627929688,-206.6204071044922,-122.11170959472656,832.0209350585938
122.80663299560548,172.68191528320312,151.11099243164062,168.91189575195312,-152.27859497070312,966.1500854492188,140.30860900878906,-2.5639584064483643,483.5601806640625,224.22206115722656,-340.9629211425781,898.8787231445312,-101.73230743408205,-373.28558349609375,157.14007568359375,-138.2828826904297,-134.2880859375,978.2108154296876,-111.38829803466795,-244.0115203857422,505.2193298339844,-207.67703247070312,-122.82926940917967,831.1907958984375
122.72443389892578,179.243408203125,153.87721252441406,167.71536254882812,-153.63363647460938,965.5140991210938,139.2164306640625,-3.6077935695648193,483.0776062011719,223.64573669433597,-337.935546875,895.6031494140625,-100.14893341064452,-369.6462707519531,156.55963134765625,-139.41722106933594,-136.42127990722656,978.2654418945312,-111.0544662475586,-245.9120178222656,505.28118896484375,-208.80050659179688,-123.78887176513672,830.5103149414062
122.66313934326172,185.4062042236328,156.90464782714844,166.47714233398438,-155.13575744628906,964.9676513671876,138.18328857421875,-5.310537815093994,482.5377502441406,223.20626831054688,-334.5779113769531,892.19921875,-98.70476531982422,-365.3145751953125,155.88352966308594,-140.58261108398438,-138.67782592773438,978.4852905273438,-110.78546142578124,-247.96966552734372,505.50384521484375,-209.98907470703125,-124.99453735351562,829.98486328125
122.6454620361328,191.1063537597656,160.2068328857422,165.20291137695312,-156.7604522705078,964.5130615234376,137.27992248535156,-7.700680732727051,481.9281921386719,222.8994140625,-330.8899230957031,888.6991577148438,-97.453857421875,-360.4433288574219,155.1362762451172,-141.77647399902344,-141.0253448486328,978.8653564453124,-110.62712097167967,-250.1070556640625,505.8564453125,-211.2399139404297,-126.44924926757812,829.6183471679688
122.6955108642578,196.27105712890625,163.7978973388672,163.89883422851562,-158.4793701171875,964.1516723632812,136.57582092285156,-10.801642417907717,481.23577880859375,222.71926879882807,-326.8729248046875,885.1356811523438,-96.43732452392578,-355.1510314941406,154.34112548828125,-142.99569702148438,-143.42881774902344,979.3984985351562,-110.62522888183594,-252.2506256103516,506.30517578125,-212.5491180419922,-128.1548614501953,829.4135131835938
122.83694458007812,200.81912231445312,167.6912078857422,162.57167053222656,-160.26058959960938,963.8834838867188,136.13235473632812,-14.629544258117676,480.44732666015625,222.6583404541016,-322.52984619140625,881.5416259765625,-95.67929077148438,-349.51922607421875,153.5194549560547,-144.2366180419922,-145.85174560546875,980.0753784179688,-110.82117462158205,-254.3294219970703,506.8128356933594,-213.9117431640625,-130.11192321777344,829.3718872070312
123.09093475341795,204.66200256347656,171.8973846435547,161.2287139892578,-162.0692901611328,963.70751953125,135.99600219726562,-19.19144821166992,479.5511779785156,222.70773315429688,-317.8656005859375,877.9495849609375,-95.18486785888672,-343.5941772460937,152.69090270996094,-145.49496459960938,-148.25733947753906,980.8853149414062,-111.2472152709961,-256.27252197265625,507.33929443359375,-215.32188415527344,-132.31961059570312,829.493896484375
123.47404479980467,207.70611572265625,176.42190551757812,159.87759399414062,-163.86883544921875,963.6219482421876,136.1930389404297,-24.48427963256836,478.5393371582031,222.8572998046875,-312.8871765136719,874.3916015625,-94.94084930419922,-337.3920288085937,151.87344360351562,-146.76600646972656,-150.60958862304688,981.8160400390624,-111.92204284667967,-258.0062255859375,507.8435974121094,-216.7726287841797,-134.77566528320312,829.7789916992188
123.99626922607422,209.85693359375,181.2625732421875,158.52613830566406,-165.62197875976562,963.6245727539062,136.7262725830078,-30.494611740112305,477.4102783203125,223.0958404541016,-307.6037902832031,870.8983154296875,-94.91878509521484,-330.9056091308594,151.08331298828125,-148.0445556640625,-152.87411499023438,982.8546142578124,-112.84746551513672,-259.45196533203125,508.28753662109375,-218.2562561035156,-137.4761962890625,830.2259521484375
124.65965270996094,211.02415466308597,186.40689086914065,157.18199157714844,-167.29246520996094,963.713623046875,137.5746307373047,-37.19915771484375,476.1716003417969,223.41128540039065,-302.0269775390625,867.499267578125,-95.07964324951172,-324.1131591796875,150.3347930908203,-149.3250732421875,-155.0188751220703,983.9874267578124,-114.00704956054688,-260.5260314941406,508.6394653320313,-219.76422119140625,-140.4157257080078,830.8328247070312
125.45761108398438,211.1274261474609,191.8297119140625,155.852294921875,-168.84664916992188,963.887939453125,138.69525146484375,-44.565677642822266,474.8424987792969,223.79103088378903,-296.17041015625,864.2219848632812,-95.3790512084961,-316.98699951171875,149.63975524902344,-150.6018524169922,-157.01454162597656,985.2008056640624,-115.36701965332033,-261.1409912109375,508.8780212402344,-221.2872314453125,-143.58709716796875,831.59716796875
126.37494659423828,210.1021881103516,197.49156188964844,154.54336547851562,-170.25497436523438,964.1476440429688,140.0277099609375,-52.55415725708008,473.4551696777344,224.22206115722656,-290.04998779296875,861.0919189453125,-95.7721176147461,-309.502197265625,149.00726318359375,-151.86915588378906,-158.8348388671875,986.4810180664062,-116.8792495727539,-261.2090759277344,508.994140625,-222.8153839111328,-146.9815216064453,832.5161743164062
127.3885498046875,207.90533447265625,203.33839416503903,153.26031494140625,-171.4934539794922,964.4944458007812,141.49949645996094,-61.11798477172852,472.0547790527344,224.69126892089844,-283.68359375,858.1322021484375,-96.21713256835938,-301.6436462402344,148.44325256347656,-153.12142944335938,-160.45660400390625,987.8145751953124,-118.48600769042967,-260.64678955078125,508.9917297363281,-224.33822631835935,-150.58853149414062,833.5867919921875
128.46875,204.519775390625,209.302978515625,152.0068817138672,-172.54469299316406,964.931640625,143.0322265625,-70.20502471923828,470.6982727050781,225.1856842041016,-277.09112548828125,855.3632202148438,-96.67809295654295,-293.41119384765625,147.9503936767578,-154.35357666015625,-161.85983276367188,989.188232421875,-120.12562561035156,-259.3805236816406,508.8862915039063,-225.84487915039065,-154.39613342285156,834.8060302734375
129.5812530517578,199.9575653076172,215.3076019287109,150.78524780273438,-173.3984832763672,965.4639892578124,144.54757690429688,-79.75836944580078,469.4514465332031,225.69261169433597,-270.29400634765625,852.802490234375,-97.12621307373048,-284.821533203125,147.52822875976562,-155.5611572265625,-163.02769470214844,990.5888671875,-121.7386474609375,-257.3524780273437,508.7018737792969,-227.3241424560547,-158.3908233642578,836.1705932617188
130.68984985351562,194.26084899902344,221.2675018310547,149.59596252441406,-174.05191040039062,966.097412109375,145.97259521484375,-89.71693420410156,468.38525390625,226.1999053955078,-263.3152770996094,850.4642944335938,-97.54061889648438,-275.906982421875,147.173583984375,-156.74058532714844,-163.9464874267578,992.0035400390624,-123.2737274169922,-254.52655029296875,508.4667663574219,-228.7646484375,-162.55776977539062,837.6771850585938
131.75927734375,187.49978637695312,227.09423828125,148.43809509277344,-174.50909423828125,966.8383178710938,147.24388122558594,-100.01593780517578,467.5714111328125,226.6960601806641,-256.1791687011719,848.3594970703125,-97.90835571289062,-266.7116394042969,146.8812255859375,-157.88916015625,-164.60557556152344,993.4193725585938,-124.6924819946289,-250.89329528808597,508.2088317871094,-230.15499877929688,-166.88092041015625,839.3224487304688
132.7576904296875,179.7671661376953,232.69830322265625,147.3093719482422,-174.78038024902344,967.6929931640624,148.31056213378906,-110.58733367919922,467.0777893066406,227.17041015625,-248.91085815429688,846.4954223632812,-98.22371673583984,-257.2861022949219,146.64471435546875,-159.00514221191406,-164.99737548828125,994.823486328125,-125.97257995605467,-246.4732818603516,507.951171875,-231.4838104248047,-171.34320068359375,841.102783203125
133.6581573486328,171.17010498046875,237.9903564453125,146.20643615722656,-174.8812713623047,968.6665649414062,149.13612365722656,-121.36029052734376,466.9640808105469,227.61322021484372,-241.53623962402344,844.8756103515625,-98.48712921142578,-247.68240356445312,146.45704650878906,-160.0876922607422,-165.11734008789062,996.2030639648438,-127.1084213256836,-241.31712341308597,507.7095336914063,-232.73995971679688,-175.92669677734375,843.0142211914062
134.43931579589844,161.82083129882812,242.8816375732422,145.12515258789062,-174.83111572265625,969.7623291015624,149.6988983154297,-132.2617645263672,467.2778625488281,228.01577758789065,-234.08160400390625,843.4998168945312,-98.7038116455078,-237.9492645263672,146.31130981445312,-161.1366729736328,-164.96397399902344,997.5453491210938,-128.1093292236328,-235.50157165527344,507.4915161132813,-233.91256713867188,-180.6127777099609,845.05224609375
135.0851593017578,151.82858276367188,247.2846527099609,144.0609588623047,-174.65158081054688,970.9805908203124,149.99119567871094,-143.2174072265625,468.0516662597656,228.3704071044922,-226.57330322265625,842.3640747070312,-98.88204956054688,-228.1292724609375,146.2010955810547,-162.15248107910156,-164.53884887695312,998.8379516601562,-128.99557495117188,-229.12271118164065,507.2976989746094,-234.9912109375,-185.3823699951172,847.211669921875
135.58448791503906,141.29307556152344,251.11492919921875,143.00930786132812,-174.36517333984375,972.3182983398438,150.01742553710938,-154.15249633789062,469.300537109375,228.6705322265625,-219.03744506835935,841.4605102539062,-99.0315170288086,-218.25743103027344,146.12088012695312,-163.13572692871094,-163.8468017578125,1000.0689086914062,-129.793212890625,-222.2871856689453,507.1238403320313,-235.96604919433597,-190.21604919433597,849.4863891601562
135.93057250976562,130.29966735839844,254.2936248779297,141.96617126464844,-173.99378967285156,973.7681274414062,149.791259765625,-164.99313354492188,471.0211791992188,228.9106292724609,-211.4996337890625,840.7777709960938,-99.16178131103516,-208.3609161376953,146.0662078857422,-164.0870361328125,-162.89593505859375,1001.226806640625,-130.52859497070312,-215.10308837890625,506.9632263183594,-236.82785034179688,-195.0942840576172,851.869140625
136.1214141845703,118.91584777832033,256.750732421875,140.92840576171875,-173.5574188232422,975.318115234375,149.33242797851562,-175.66741943359375,473.1920166015625,229.086181640625,-203.98472595214844,840.3010864257812,-99.28119659423828,-198.45941162109372,146.0335693359375,-165.0067138671875,-161.69776916503906,1002.3010864257812,-131.22364807128906,-207.67156982421875,506.8092346191406,-237.56820678710935,-199.99758911132807,854.351318359375
136.1599578857422,107.18988800048828,258.42724609375,139.894287109375,-173.0730743408203,976.9518432617188,148.6638641357422,-186.1065826416016,475.7745666503906,229.1936187744141,-196.5165252685547,840.0125732421875,-99.39612579345705,-188.5661163330078,146.02017211914062,-165.89453125,-160.26710510253906,1003.2821655273438,-131.89259338378906,-200.08013916015625,506.65728759765625,-238.1796417236328,-204.90663146972656,856.9227905273438
136.0541534423828,95.15076446533205,259.2763671875,138.8639373779297,-172.5540771484375,978.648681640625,147.8091278076172,-196.2462310791016,478.7158508300781,229.23033142089844,-189.11767578125,839.8916625976562,-99.5107650756836,-178.68907165527344,146.0236053466797,-166.74957275390625,-158.62188720703125,1004.1614379882812,-132.540771484375,-192.39816284179688,506.5062255859375,-238.6556396484375,-209.80245971679688,859.57177734375
135.81651306152344,82.80938720703125,259.26422119140625,137.83949279785156,-172.00961303710938,980.3840942382812,146.79066467285156,-206.02757263183597,481.95166015625,229.1944580078125,-181.8094482421875,839.9153442382812,-99.62735748291016,-168.83248901367188,146.04164123535156,-167.57009887695312,-156.7828826904297,1004.9317016601562,-133.1654815673828,-184.6750946044922,506.3585510253906,-238.9908142089844,-214.6665802001953,862.2845458984375
135.46340942382812,70.16055297851562,258.369873046875,136.8252716064453,-171.44485473632812,982.1309814453124,145.6284942626953,-215.3985748291016,485.4103393554688,229.0850067138672,-174.61170959472656,840.0587768554688,-99.74668884277344,-158.99795532226562,146.07200622558594,-168.353515625,-154.77333068847656,1005.5869750976562,-133.7584991455078,-176.94129943847656,506.2198791503906,-239.1809539794922,-219.4811553955078,865.045654296875
135.01344299316406,57.18571472167969,256.5855407714844,135.82762145996094,-170.8614044189453,983.8601684570312,144.33978271484375,-224.3147735595703,489.0166931152344,228.90164184570312,-167.54275512695312,840.2958984375,-99.86869049072266,-149.18545532226562,146.11228942871094,-169.09637451171875,-152.6184539794922,1006.1228637695312,-134.30950927734375,-169.21104431152344,506.0972595214844,-239.2230529785156,-224.2290496826172,867.8377685546875
134.48519897460938,43.8564453125,253.9171600341797,134.8546142578125,-170.258056640625,985.5418701171876,142.93896484375,-232.7393341064453,492.6954956054688,228.64480590820312,-160.619384765625,840.5997314453125,-99.99288940429688,-139.3939971923828,146.15994262695312,-169.7945556640625,-150.3449249267578,1006.5364990234376,-134.80914306640625,-161.4871063232422,505.9977722167969,-239.11534118652344,-228.8939666748047,870.6417846679688
133.8952178955078,30.138023376464844,250.3857421875,133.91551208496094,-169.6314239501953,987.1466064453124,141.43836975097656,-240.6423492431641,496.3742980957031,228.31561279296875,-153.8568572998047,840.9431762695312,-100.11863708496094,-129.62176513671875,146.21241760253906,-170.443359375,-147.9801788330078,1006.8265991210938,-135.2510223388672,-153.76614379882812,505.9268493652344,-238.8573303222656,-233.4605865478516,873.4370727539062
133.2568817138672,15.992630958557127,246.02960205078125,133.02029418945312,-168.97669982910156,988.6460571289062,139.8490753173828,-247.9998016357422,499.9856567382813,227.91587829589844,-147.26893615722656,841.2996215820312,-100.24525451660156,-119.86639404296876,146.2673797607422,-171.03773498535156,-145.55174255371094,1006.9935913085938,-135.63265991210938,-146.04367065429688,505.8875427246094,-238.4497833251953,-237.91456604003903,876.2015991210938
132.57958984375,1.3822540044784546,240.90609741210935,132.17904663085938,-168.2884979248047,990.0142211914062,138.18206787109375,-254.7924041748047,503.46826171875,227.4481964111328,-140.86798095703125,841.6433715820312,-100.37200927734376,-110.12508392333984,146.3227996826172,-171.5725555419922,-143.08670043945312,1007.0391235351562,-135.9552001953125,-138.3180389404297,505.88031005859375,-237.8946685791016,-242.2426605224609,878.9122314453125
131.8684844970703,-13.728378295898438,235.0923767089844,131.40127563476562,-167.56163024902344,991.2274169921876,136.44920349121094,-261.0047302246094,506.7677001953125,226.9159240722656,-134.66494750976562,841.9501953125,-100.49813079833984,-100.39498138427734,146.37718200683594,-172.0429229736328,-140.61122131347656,1006.9661865234376,-136.22268676757812,-130.59283447265625,505.9031372070313,-237.19520568847656,-246.4327545166016,881.5451049804688
131.1248016357422,-29.368444442749023,228.68492126464844,130.6953582763672,-166.79205322265625,992.2647705078124,134.66400146484375,-266.62469482421875,509.83636474609375,226.3232269287109,-128.6696014404297,842.1978149414062,-100.62285614013672,-90.6734619140625,146.4295196533203,-172.44451904296875,-138.15025329589844,1006.7784423828124,-136.44122314453125,-122.87813568115234,505.9520263671875,-236.35581970214844,-250.4737701416016,884.0760498046875
130.34683227539062,-45.557403564453125,221.79779052734372,130.06800842285156,-165.9774627685547,993.1085205078124,132.84207153320312,-271.6433410644531,512.633544921875,225.6752166748047,-122.89054107666016,842.3662719726562,-100.74542236328124,-80.95829772949219,146.4793701171875,-172.77389526367188,-135.72726440429688,1006.4801635742188,-136.6180877685547,-115.19046020507812,506.0211791992188,-235.38211059570312,-254.3557281494141,886.48095703125
129.53138732910156,-62.30192565917969,214.5592498779297,129.5240936279297,-165.1177978515625,993.744140625,131.00111389160156,-276.05523681640625,515.1250610351562,224.97787475585935,-117.33536529541016,842.4381713867188,-100.86528778076172,-71.2477798461914,146.52679443359375,-173.02877807617188,-133.36392211914062,1006.0757446289062,-136.76132202148438,-107.55179595947266,506.103515625,-234.28094482421875,-258.0695495605469,888.736083984375
128.6752471923828,-79.59358215332031,207.1072235107422,129.06654357910156,-164.2154998779297,994.16064453125,129.1603546142578,-279.8590087890625,517.2830810546875,224.2382354736328,-112.01079559326172,842.399169921875,-100.982177734375,-61.54078674316406,146.5723419189453,-173.20826721191406,-131.07969665527344,1005.5695190429688,-136.87942504882812,-99.98793029785156,506.1910400390625,-233.06036376953125,-261.60711669921875,890.8190307617188
127.7759246826172,-97.40666198730467,199.5842437744141,128.69642639160156,-163.2755889892578,994.35107421875,127.33990478515624,-283.0583190917969,519.0860595703125,223.46429443359372,-106.92277526855467,842.2377319335938,-101.09615325927734,-51.83689498901367,146.616943359375,-173.31289672851562,-128.89146423339844,1004.9656372070312,-136.98123168945312,-92.52613830566406,506.2752990722656,-231.7296142578125,-264.9610595703125,892.7085571289062
126.83148956298828,-115.6958999633789,192.1324462890625,128.41290283203125,-162.30581665039062,994.3121948242188,125.5595703125,-285.66290283203125,520.5189208984375,222.6649932861328,-102.07654571533205,841.9454956054688,-101.2076416015625,-42.136661529541016,146.6616973876953,-173.3447723388672,-126.8132553100586,1004.2677001953124,-137.07554626464844,-85.19286346435547,506.3479614257813,-230.2990264892578,-268.1248474121094,894.3855590820312
125.83993530273438,-134.39419555664062,184.88848876953125,128.21351623535156,-161.3165740966797,994.0447387695312,123.8378448486328,-287.6895446777344,521.572998046875,221.85025024414065,-97.47673034667967,841.5171508789062,-101.31732177734376,-32.441917419433594,146.70773315429688,-173.30740356445312,-124.85635375976562,1003.4793090820312,-137.1708526611328,-78.01190185546875,506.4011535644531,-228.780029296875,-271.0926208496094,895.8329467773438
124.7981948852539,-153.4105682373047,177.97879028320312,128.09425354003906,-160.32083129882812,993.55322265625,122.19068908691406,-289.1632385253906,522.2466430664062,221.0308074951172,-93.12744140625,840.9503173828125,-101.4259262084961,-22.756052017211918,146.7559356689453,-173.2056884765625,-123.02937316894533,1002.6038208007812,-137.27490234375,-71.00389862060547,506.4274597167969,-227.1849365234375,-273.85906982421875,897.0364990234375
123.70134735107422,-172.62893676757812,171.51507568359375,128.04981994628906,-159.33383178710938,992.8458862304688,120.6305694580078,-290.1175231933594,522.5452880859375,220.2181701660156,-89.03241729736328,840.2455444335938,-101.53400421142578,-13.08423900604248,146.8069610595703,-173.04559326171875,-121.33855438232422,1001.6446533203124,-137.39439392089844,-64.18657684326172,506.4197082519531,-225.5269317626953,-276.41949462890625,897.9847412109375
122.54207611083984,-191.90814208984372,165.59034729003906,128.07388305664062,-158.37286376953125,991.9345092773438,119.1656265258789,-290.594482421875,522.4818725585938,219.42442321777344,-85.19510650634766,839.4060668945312,-101.6416473388672,-3.4335427284240723,146.86138916015625,-172.8339080810547,-119.78810119628906,1000.60546875,-137.53445434570312,-57.57522964477539,506.37103271484375,-223.8198089599609,-278.7694702148437,898.6692504882812
121.31077575683594,-211.08349609375,160.27566528320312,128.15927124023438,-157.45677185058594,990.8342895507812,117.79914855957033,-290.6439819335937,522.0762939453125,218.66212463378903,-81.61890411376953,838.4374389648438,-101.74828338623048,6.18703031539917,146.92002868652344,-172.57794189453125,-118.3805160522461,999.4904174804688,-137.6978302001953,-51.18318176269531,506.2751770019531,-222.0778961181641,-280.9049987792969,899.0849609375
119.99624633789062,-229.97032165527344,155.61776733398438,128.29824829101562,-156.60560607910156,989.5635986328124,116.52942657470705,-290.32257080078125,521.355224609375,217.944091796875,-78.30725860595703,837.3477172851562,-101.85254669189452,15.766636848449709,146.98452758789062,-172.2852020263672,-117.11698150634766,998.30419921875,-137.88388061523438,-45.0223388671875,506.126953125,-220.31578063964844,-282.82232666015625,899.2302856445312
118.58670043945312,-248.36900329589844,151.63778686523438,128.48277282714844,-155.8401641845703,988.1438598632812,115.34989166259766,-289.69189453125,520.351318359375,217.2832489013672,-75.26384735107422,836.1469116210938,-101.9523468017578,25.29283142089844,147.05825805664062,-171.96311950683594,-115.99767303466795,997.0525512695312,-138.08775329589844,-39.10353469848633,505.9229736328125,-218.5482177734375,-284.517822265625,899.10693359375
117.07115173339844,-266.07147216796875,148.33140563964844,128.70465087890625,-155.1815185546875,986.5990600585938,114.24949645996094,-288.8166809082031,519.10205078125,216.69235229492188,-72.49272155761719,834.8468017578125,-102.04511260986328,34.7519416809082,147.14715576171875,-171.6188507080078,-115.02201080322266,995.7421264648438,-138.29986572265625,-33.43675231933594,505.6621398925781,-216.78988647460935,-285.9879455566406,898.7202758789062
115.44116973876952,-282.8683776855469,145.67050170898438,128.955810546875,-154.65048217773438,984.9557495117188,113.21341705322266,-287.7625732421875,517.6482543945312,216.18392944335935,-69.9984130859375,833.4609985351562,-102.12824249267578,44.12950134277344,147.26040649414062,-171.2590789794922,-114.18897247314452,994.3811645507812,-138.50588989257812,-28.03134536743164,505.34619140625,-215.0553436279297,-287.22930908203125,898.0789794921875
113.69275665283205,-298.5569152832031,143.60618591308594,129.2284698486328,-154.2671356201172,983.2423095703124,112.22403717041016,-286.5938720703125,516.0328369140625,215.7698974609375,-67.78594970703125,832.0045166015625,-102.1996078491211,53.41067886352539,147.41055297851562,-170.88987731933594,-113.49752807617188,992.97900390625,-138.6873016357422,-22.896482467651367,504.979736328125,-213.3587951660156,-288.2384033203125,897.1951904296875
111.82810974121094,-312.9480895996094,142.072998046875,129.51524353027344,-154.05032348632812,981.48876953125,111.26222229003906,-285.3717041015625,514.2993774414062,215.4615173339844,-65.86092376708984,830.4933471679688,-102.25806427001952,62.580810546875,147.61325073242188,-170.51661682128906,-112.94705963134766,991.5467529296876,-138.82228088378906,-18.041868209838867,504.5702209472656,-211.71401977539065,-289.0118408203125,896.084228515625
109.8569564819336,-325.8735656738281,140.9942626953125,129.80941772460938,-154.01695251464844,979.7261352539062,110.30892181396484,-284.1527099609375,512.4910278320312,215.26905822753903,-64.22938537597656,828.94482421875,-102.30386352539062,71.62602233886719,147.88674926757812,-170.1439208984375,-112.53775024414062,990.0967407226562,-138.8870086669922,-13.478767395019531,504.1274719238281,-210.1342010498047,-289.5462951660156,894.7643432617188
107.79714965820312,-337.19158935546875,140.28787231445312,130.1050262451172,-154.18154907226562,977.9857177734376,109.34696197509766,-282.98834228515625,510.6499633789063,215.20169067382807,-62.89780044555664,827.376708984375,-102.3387680053711,80.53363800048828,148.2511444091797,-169.77566528320312,-112.2708740234375,988.642578125,-138.85720825195312,-9.221280097961426,503.6629943847656,-208.6318359375,-289.8385009765625,893.256591796875
105.67452239990234,-346.7918701171875,139.87184143066406,130.3970489501953,-154.55563354492188,976.2989501953124,108.36288452148438,-281.92449951171875,508.8171081542969,215.2672882080078,-61.87290191650391,825.8074951171875,-102.36595153808594,89.29222869873047,148.72764587402344,-169.41490173339844,-112.14883422851562,987.1988525390624,-138.70980834960938,-5.287672996520996,503.1890563964844,-207.21861267089844,-289.88543701171875,891.5843505859375
103.52169799804688,-354.5993347167969,139.6685791015625,130.6815643310547,-155.14715576171875,974.6961669921876,107.34884643554688,-281.0015563964844,507.0316162109375,215.47219848632807,-61.16156005859375,824.2557983398438,-102.38957977294922,97.89118194580078,149.33767700195312,-169.0638885498047,-112.17511749267578,985.7806396484376,-138.42481994628906,-1.701623558998108,502.7176208496094,-205.90528869628903,-289.68426513671875,889.773193359375
101.37601470947266,-360.5768737792969,139.60736083984375,130.95591735839844,-155.96002197265625,973.2066040039062,106.30412292480467,-280.25390625,505.33099365234375,215.82115173339844,-60.77063751220703,822.7401733398438,-102.41423034667967,106.3198471069336,150.1022491455078,-168.7240447998047,-112.35396575927734,984.4033813476562,-137.98733520507812,1.5067626237869265,502.2593078613281,-204.7016143798828,-289.232666015625,887.85009765625
99.27766418457033,-364.7276611328125,139.6256561279297,131.21885681152344,-156.99371337890625,971.8573608398438,105.23613739013672,-279.7094116210937,503.7503662109375,216.3171539306641,-60.7068977355957,821.2788696289062,-102.4444580078125,114.56635284423828,151.0414276123047,-168.39596557617188,-112.68988037109376,983.0822143554688,-137.38926696777344,4.300361156463623,501.8221740722656,-203.61624145507807,-288.5287170410156,885.8434448242188
97.26807403564452,-367.0966796875,139.66989135742188,131.47056579589844,-158.24288940429688,970.6732177734376,104.1607666015625,-279.3883361816406,502.3218994140625,216.96131896972656,-60.97688674926758,819.8896484375,-102.48451232910156,122.61632537841795,152.1740264892578,-168.07937622070312,-113.18690490722656,981.83154296875,-136.63082885742188,6.6352219581604,501.4111022949219,-202.6566162109375,-287.5711669921875,883.781982421875
95.38829040527344,-367.7711181640625,139.69586181640625,131.71270751953125,-159.697265625,969.6759643554688,103.10189056396484,-279.3017272949219,501.07366943359375,217.75289916992188,-61.586856842041016,818.5894775390625,-102.53825378417967,130.45162963867188,153.51727294921875,-167.77310180664062,-113.84781646728516,980.6649169921876,-135.7212371826172,8.46175765991211,501.02728271484375,-201.82894897460935,-286.3595275878906,881.6948852539062
93.6769790649414,-366.8780212402344,139.66891479492188,131.94833374023438,-161.34161376953125,968.8839721679688,102.09033203125,-279.4497375488281,500.0282897949219,218.68931579589844,-62.54263687133789,817.3944091796875,-102.60914611816406,138.0486602783203,155.08656311035156,-167.47515869140625,-114.67327117919922,979.5941772460938,-134.67918395996094,9.726521492004396,500.6681213378906,-201.13818359375,-284.8942565917969,879.6109619140625
92.16793823242188,-364.5784301757813,139.5640869140625,132.1817169189453,-163.1558837890625,968.3118896484376,101.162109375,-279.81982421875,499.2013549804688,219.7661895751953,-63.849517822265625,816.3192749023438,-102.7008819580078,145.37648010253906,156.89576721191406,-167.18272399902344,-115.66085815429688,978.6294555664062,-133.53323364257812,10.374226570129396,500.3273010253906,-200.58795166015625,-283.17681884765625,877.5579833984375
90.88738250732422,-361.0579223632813,139.3659210205078,132.4180908203125,-165.1156463623047,967.9702758789062,100.35629272460938,-280.38531494140625,498.6002197265625,220.9774475097656,-65.51212310791016,815.3778686523438,-102.81824493408205,152.39450073242188,158.9579315185547,-166.8924102783203,-116.8043441772461,977.7789916992188,-132.3218231201172,10.349995613098145,499.9949340820313,-200.1805877685547,-281.20977783203125,875.5626220703125
89.8515396118164,-356.5130920410156,139.06809997558594,132.6634063720703,-167.19264221191406,967.8651123046876,99.7123794555664,-281.1048583984375,498.2226867675781,222.3155059814453,-67.53425598144531,814.5823974609375,-102.96765899658205,159.051025390625,161.2859344482422,-166.6002960205078,-118.0928726196289,977.0484008789062,-131.09271240234375,9.601943969726562,499.6578063964844,-199.9171600341797,-278.9970397949219,873.6494750976562
89.0649185180664,-351.1363830566406,138.673095703125,132.9239044189453,-169.3555145263672,967.99755859375,99.26749420166016,-281.92291259765625,498.0565185546875,223.77151489257807,-69.91874694824219,813.94384765625,-103.15734100341795,165.282470703125,163.8928680419922,-166.30223083496094,-119.51048278808594,976.4412231445312,-129.90187072753906,8.084107398986816,499.2997741699219,-199.79747009277344,-276.5437927246094,871.841064453125
88.51976776123047,-345.1019592285156,138.1915283203125,133.20578002929688,-171.5707550048828,968.3639526367188,99.05337524414062,-282.77117919921875,498.0794982910156,225.33541870117188,-72.66725158691406,813.4718017578125,-103.39708709716795,171.01393127441406,166.79248046875,-165.99392700195312,-121.03598022460938,975.9583129882812,-128.8110809326172,5.759598255157471,498.9023132324219,-199.82015991210935,-273.856689453125,870.1570434570312
88.19646453857422,-338.5553894042969,137.64059448242188,133.5148468017578,-173.80361938476562,968.9555053710938,99.09333038330078,-283.5705871582031,498.2601623535156,226.99632263183597,-75.78007507324219,813.174072265625,-103.69766998291016,176.1607666015625,169.99929809570312,-165.6711883544922,-122.64334106445312,975.5982055664062,-127.88467407226562,2.603725910186768,498.44525146484375,-199.98275756835935,-270.9438171386719,868.6141967773438
88.06507873535156,-331.6081848144531,137.04177856445312,133.85618591308594,-176.01914978027344,969.7584838867188,99.39942169189452,-284.2336730957031,498.5596008300781,228.7425842285156,-79.25593566894531,813.0573120117188,-104.06999206542967,180.63121032714844,173.52838134765625,-165.33016967773438,-124.30240631103516,975.3569946289062,-127.18513488769533,-1.393257975578308,497.907958984375,-200.28173828125,-267.8147277832031,867.2259521484375
88.08822631835938,-324.3377685546875,136.4184112548828,134.23387145996094,-178.1829833984375,970.7545776367188,99.97029113769533,-284.6674194335937,498.93353271484375,230.56207275390625,-83.09182739257812,813.12646484375,-104.52381134033205,184.32962036132807,177.39442443847656,-164.9674530029297,-125.97977447509766,975.2288818359376,-126.76785278320312,-6.224147319793701,497.2709655761719,-200.71263122558597,-264.4804992675781,866.0021362304688
88.2248764038086,-316.7910461425781,135.7932891845703,134.65077209472656,-180.2622833251953,971.9215087890624,100.7901382446289,-284.7763671875,499.3354797363281,232.44223022460935,-87.28278350830078,813.3851318359375,-105.06640625,187.16053771972656,181.6100311279297,-164.5803680419922,-127.63996124267578,975.2064208984376,-126.6756591796875,-11.86391544342041,496.5185546875,-201.2700958251953,-260.95343017578125,864.9490966796875
88.43440246582031,-308.991455078125,135.1866455078125,135.10833740234375,-182.2261962890625,973.234130859375,101.8290557861328,-284.4668273925781,499.7203979492188,234.3701934814453,-91.82176208496094,813.8353881835938,-105.70125579833984,189.0335235595703,186.1830139160156,-164.16702270507812,-129.24664306640625,975.28125,-126.93404388427734,-18.270278930664062,495.64166259765625,-201.94805908203125,-257.2472229003906,864.0695190429688
88.67990112304688,-300.94732666015625,134.6146697998047,135.6066436767578,-184.0465087890625,974.6651000976562,103.04513549804688,-283.6520080566406,500.04833984375,236.3328857421875,-96.69959259033205,814.4781494140625,-106.42713928222656,189.8684234619141,191.1129913330078,-163.7263946533203,-130.7640380859375,975.4447021484376,-127.5479507446289,-25.3857421875,494.6416015625,-202.73974609375,-253.3765563964844,863.3627319335938
88.93058776855469,-292.6603698730469,134.08871459960938,136.1443634033203,-185.69786071777344,976.1864624023438,104.38818359375,-282.2574462890625,500.2876281738281,238.3169860839844,-101.90496063232422,815.3131103515625,-107.23788452148438,189.60073852539065,196.3878936767578,-163.2584228515625,-132.15843200683594,975.6884765625,-128.50108337402344,-33.141014099121094,493.5330200195313,-203.63780212402344,-249.3569793701172,862.8245849609375
89.16307067871094,-284.13311767578125,133.6152801513672,136.71900939941406,-187.1579742431641,977.7705078125,105.80465698242188,-280.2265930175781,500.4169006347656,240.3089904785156,-107.42443084716795,816.3389282226562,-108.12272644042967,188.18695068359372,201.98085021972656,-162.7639923095703,-133.39971923828125,976.005615234375,-129.75779724121094,-41.4593391418457,492.34661865234375,-204.6343688964844,-245.20469665527344,862.4482421875
89.36165618896484,-275.3736572265625,133.19642639160156,137.32704162597656,-188.40786743164065,979.390869140625,107.24300384521484,-277.5252380371094,500.4257507324219,242.2952117919922,-113.24256134033205,817.5535888671875,-109.0669937133789,185.6094665527344,207.8484344482422,-162.2448272705078,-134.46279907226562,976.3907470703124,-131.26707458496094,-50.2608642578125,491.1301574707031,-205.7211151123047,-240.9363250732422,862.22412109375
89.5177993774414,-266.3979187011719,132.83047485351562,137.9643096923828,-189.43186950683597,981.0234375,108.65853118896484,-274.1441955566406,500.3140563964844,244.26174926757807,-119.3420181274414,818.9544067382812,-110.05310821533205,181.8801727294922,213.93077087402344,-161.7034149169922,-135.32879638671875,976.8407592773438,-132.9677734375,-59.46651458740234,489.9474487304688,-206.88931274414065,-236.5687561035156,862.140625
89.62897491455078,-257.2291564941406,132.5132598876953,138.6262664794922,-190.2177581787109,982.6467895507812,110.0172119140625,-270.1000671386719,500.0906982421875,246.19468688964844,-125.70362091064452,820.5380859375,-111.06220245361328,177.04150390625,220.15321350097656,-161.14283752441406,-135.98577880859375,977.3551025390624,-134.79444885253906,-69.00102996826172,488.8749694824219,-208.1298675537109,-232.11888122558597,862.1845092773438
89.6974105834961,-247.8959197998047,132.23910522460938,139.3082733154297,-190.75668334960935,984.2426147460938,111.29784393310548,-265.4331359863281,499.7713012695313,248.08001708984372,-132.30650329589844,822.3013916015625,-112.07644653320312,171.16407775878906,226.42921447753903,-160.56654357910156,-136.4290771484375,977.9356079101562,-136.68251037597656,-78.79450988769531,487.9964904785156,-209.433349609375,-227.60353088378903,862.3413696289062
89.72872924804688,-238.42971801757807,132.00193786621094,140.00584411621094,-191.0432281494141,985.7955322265624,112.49212646484376,-260.2027587890625,499.3759765625,249.90380859375,-139.12815856933594,824.24072265625,-113.08152770996094,164.34085083007812,232.6631317138672,-159.97825622558594,-136.66123962402344,978.5865478515624,-138.57228088378906,-88.78218078613281,487.3963317871094,-210.79005432128903,-223.0391387939453,862.59619140625
89.730712890625,-228.86231994628903,131.79603576660156,140.71478271484375,-191.07522583007807,987.2932739257812,113.6025619506836,-254.48118591308597,498.9269409179688,251.65228271484372,-146.14462280273438,826.3524169921875,-114.06868743896484,156.6782684326172,238.75244140625,-159.38177490234375,-136.6914520263672,979.3135375976562,-140.4115753173828,-98.90298461914062,487.1524353027344,-212.1899871826172,-218.44163513183597,862.9337158203125
89.71205139160156,-219.22357177734372,131.6166534423828,141.43125915527344,-190.8535919189453,988.7261352539062,114.63833618164062,-248.34622192382807,498.4463806152344,253.3118896484375,-153.3306884765625,828.6329345703125,-115.0356903076172,148.2856903076172,244.58876037597656,-158.78091430664062,-136.53457641601562,980.1229248046876,-142.1567840576172,-109.09749603271484,487.3294677734375,-213.6228485107422,-213.82623291015625,863.338623046875
89.68119049072266,-209.53956604003903,131.46043395996094,142.1519317626953,-190.3821258544922,990.0863037109376,115.60994720458984,-241.87437438964844,497.95513916015625,254.86949157714844,-160.66001892089844,831.0784301757812,-115.9865951538086,139.2651824951172,250.0586395263672,-158.17950439453125,-136.21002197265625,981.0206298828124,-143.77340698242188,-119.30622100830078,487.9735107421875,-215.0780792236328,-209.20738220214844,863.7958984375
89.64535522460938,-199.8316192626953,131.3256072998047,142.8738555908203,-189.6672515869141,991.3674926757812,116.52368927001952,-235.135009765625,497.47174072265625,256.3123779296875,-168.10540771484375,833.6849365234375,-116.93041229248048,129.7039031982422,255.04537963867188,-157.58128356933594,-135.74037170410156,982.0109252929688,-145.23611450195312,-129.4684600830078,489.1081848144531,-216.54478454589844,-204.5985870361328,864.2911987304688
89.6098861694336,-190.11558532714844,131.21185302734375,143.59449768066406,-188.7176513671875,992.564453125,117.37738800048828,-228.1864318847656,497.0119018554688,257.6285095214844,-175.6389617919922,836.4480590820312,-117.87913513183594,119.67002868652344,259.43310546875,-156.9900360107422,-135.14984130859375,983.0955810546876,-146.52830505371094,-139.5220184326172,490.7327880859375,-218.0117950439453,-200.0125274658203,864.8106079101562
89.57785034179688,-180.4018402099609,131.1199951171875,144.3115997314453,-187.5442047119141,993.6720581054688,118.1584701538086,-221.0738220214844,496.588134765625,258.8064880371094,-183.23228454589844,839.36279296875,-118.84569549560548,109.21221160888672,263.1124572753906,-156.40951538085938,-134.46292114257812,984.2728881835938,-147.6410675048828,-149.4039306640625,492.82269287109375,-219.4676513671875,-195.4608917236328,865.3410034179688
89.55010986328125,-170.69549560546875,131.0514678955078,145.02317810058594,-186.1597900390625,994.6854248046876,118.84518432617188,-213.828857421875,496.2095031738281,259.83575439453125,-190.85678100585935,842.4232177734375,-119.8424301147461,98.36144256591795,265.98699951171875,-155.84356689453125,-133.70303344726562,985.5371704101562,-148.5714874267578,-159.05238342285156,495.33154296875,-220.90077209472656,-190.9545440673828,865.8697509765625
89.5256118774414,-160.99705505371094,131.00765991210938,145.7272491455078,-184.57931518554688,995.5993041992188,119.41110229492188,-206.47055053710935,495.8813171386719,260.7065734863281,-198.48388671875,845.6222534179688,-120.88031768798828,87.13410186767578,267.97857666015625,-155.29620361328125,-132.89144897460938,986.8784790039062,-149.32057189941406,-168.4095001220703,498.1952209472656,-222.29953002929688,-186.5034942626953,866.3849487304688
89.50184631347656,-151.30380249023438,130.98931884765625,146.42173767089844,-182.81954956054688,996.4082641601562,119.8317642211914,-199.0068206787109,495.6052551269531,261.4102478027344,-206.0852203369141,848.9512329101562,-121.96858978271484,75.53547668457031,269.03131103515625,-154.7715606689453,-132.04652404785156,988.282470703125,-149.8910675048828,-177.42417907714844,501.3372802734375,-223.6524200439453,-182.11703491210935,866.8754272460938
89.47539520263672,-141.61148071289062,130.9960479736328,147.10418701171875,-180.89877319335935,997.1064453125,120.09129333496094,-191.4368133544922,495.3798522949219,261.93902587890625,-213.6329498291016,852.4000244140625,-123.1139678955078,63.563507080078125,269.1138610839844,-154.27395629882812,-131.1831817626953,989.7310791015624,-150.2857208251953,-186.0543365478516,504.6747131347656,-224.9482421875,-177.80372619628906,867.330322265625
89.44258880615234,-131.9156494140625,131.02627563476562,147.77146911621094,-178.83639526367188,997.688232421875,120.18680572509766,-183.7543182373047,495.2007751464844,262.2863464355469,-221.09991455078125,855.956298828125,-124.31986236572266,51.212039947509766,268.22003173828125,-153.80783081054688,-130.31289672851562,991.202880859375,-150.505859375,-194.26730346679688,508.1243896484375,-226.1763916015625,-173.571533203125,867.7394409179688
89.40005493164062,-122.21276092529295,131.07737731933594,148.41966247558594,-176.65235900878906,998.1481323242188,120.12920379638672,-175.9521942138672,495.0613403320313,262.4467468261719,-228.45982360839844,859.6060791015625,-125.58600616455078,38.47285079956055,266.36767578125,-153.37765502929688,-129.4437713623047,992.6738891601562,-150.55111694335938,-202.03842163085935,511.6083679199219,-227.32704162597656,-169.42782592773438,868.0931396484375
89.34503936767578,-112.50076293945312,131.1460418701172,149.04400634765625,-174.3666534423828,998.4811401367188,119.94049835205078,-168.02659606933594,494.95257568359375,262.4161071777344,-235.6874847412109,863.3331909179688,-126.90829467773438,25.336456298828125,263.5963439941406,-152.98782348632812,-128.58091735839844,994.1185302734376,-150.41989135742188,-209.3487243652344,515.0579223632812,-228.39141845703125,-165.37950134277344,868.38232421875
89.27546691894531,-102.77943420410156,131.228515625,149.63900756835938,-171.9989013671875,998.6832885742188,119.64916229248048,-159.98037719726562,494.8636474609375,262.1916198730469,-242.75881958007807,867.1195068359375,-128.2788848876953,11.792010307312012,259.9643859863281,-152.642578125,-127.72689056396484,995.5105590820312,-150.1107940673828,-216.18240356445312,518.414794921875,-229.3620147705078,-161.43295288085938,868.5983276367188
89.18985748291016,-93.05026245117188,131.3209991455078,150.19851684570312,-169.56813049316406,998.7515869140624,119.28524017333984,-151.8253173828125,494.7825317382813,261.7720642089844,-249.6510009765625,870.945068359375,-129.68626403808594,-2.17313551902771,255.5459747314453,-152.34579467773438,-126.88233947753906,996.8240356445312,-149.62518310546875,-222.52513122558597,521.6307373046875,-230.23280334472656,-157.5941619873047,868.7333984375
89.08712005615234,-83.31612396240234,131.41976928710938,150.71612548828125,-167.09254455566406,998.6844482421876,118.87633514404295,-143.58338928222656,494.6965942382813,261.1576538085937,-256.3425598144531,874.7885131835938,-131.11566162109375,-16.57368278503418,250.4282684326172,-152.10092163085938,-126.04655456542967,998.0341186523438,-148.9700469970703,-228.36309814453125,524.664794921875,-230.99937438964844,-153.86862182617188,868.7803955078125
88.96644592285156,-73.58062744140625,131.52137756347656,151.18539428710938,-164.5894317626953,998.481689453125,118.4449691772461,-135.2867431640625,494.5933837890625,260.3503723144531,-262.8134155273437,878.6268310546875,-132.54954528808594,-31.425905227661133,244.7090301513672,-151.9107666015625,-125.21810150146484,999.11767578125,-148.16014099121094,-233.6824493408203,527.4806518554688,-231.65904235839844,-150.26144409179688,868.7328491210938
88.82709503173828,-63.84737014770508,131.62274169921875,151.60018920898438,-162.07510375976562,998.1447143554688,118.00755310058594,-126.97613525390624,494.4613342285156,259.35382080078125,-269.0448608398437,882.4360961914062,-133.96844482421875,-46.74599456787109,238.49468994140625,-151.7774658203125,-124.39541625976562,1000.0540771484376,-147.2187042236328,-238.4689178466797,530.0443725585938,-232.21096801757807,-146.77725219726562,868.58544921875
88.66837310791016,-54.1192626953125,131.7211456298828,151.95509338378906,-159.56492614746094,997.6764526367188,117.57450103759766,-118.6978988647461,494.2908630371094,258.17340087890625,-275.01959228515625,886.191650390625,-135.35177612304688,-62.54721450805664,231.898681640625,-151.70240783691406,-123.57730102539062,1000.8255004882812,-146.17709350585938,-242.70797729492188,532.3236083984375,-232.65606689453125,-143.42030334472656,868.333740234375
88.4896469116211,-44.39844512939453,131.81454467773438,152.24560546875,-157.07333374023438,997.08154296875,117.15131378173828,-110.49999237060548,494.0751647949219,256.8162841796875,-280.72186279296875,889.8681640625,-136.67877197265625,-78.83625793457031,225.0401611328125,-151.68609619140625,-122.76342010498048,1001.4174194335938,-145.07302856445312,-246.38555908203125,534.2867431640625,-232.9969787597656,-140.19439697265625,867.9741821289062
88.29047393798828,-34.686649322509766,131.90179443359375,152.46836853027344,-154.61375427246094,996.365966796875,116.74005126953124,-102.42814636230467,493.8107604980469,255.2913360595703,-286.1373291015625,893.4403686523438,-137.92935180664062,-95.60933685302734,218.04229736328125,-151.72828674316406,-121.95466613769533,1001.8187255859376,-143.94834899902344,-249.48910522460935,535.9038696289062,-233.23794555664065,-137.10293579101562,867.50439453125
88.0709457397461,-24.985782623291016,131.98277282714844,152.6212615966797,-152.1987762451172,995.5372924804688,116.34101104736328,-94.5227279663086,493.4977722167969,253.6090545654297,-291.2532043457031,896.8828735351562,-139.0847930908203,-112.8484878540039,211.0305633544922,-151.827880859375,-121.15338134765624,1002.0222778320312,-142.84605407714844,-252.0088653564453,537.1470947265625,-233.38465881347656,-134.14891052246094,866.9231567382812
87.83203125,-15.298675537109377,132.0585174560547,152.70355224609375,-149.8402862548828,994.6043090820312,115.95423126220705,-86.8167495727539,493.13970947265625,251.7815704345703,-296.0582275390625,900.1708374023438,-140.12818908691406,-130.51853942871094,204.1304626464844,-151.98306274414062,-120.36341857910156,1002.024658203125,-141.80734252929688,-253.93951416015625,537.9927368164062,-233.4441070556641,-131.33499145507812,866.2301635742188
87.5759506225586,-5.629824638366699,132.13140869140625,152.71578979492188,-147.549560546875,993.5768432617188,115.58065795898438,-79.3350601196289,492.7426452636719,249.82237243652344,-300.5426330566406,903.2799682617188,-141.04476928710938,-148.56451416015625,197.4649810791016,-152.19134521484375,-119.59007263183594,1001.8267822265624,-140.86868286132812,-255.2816467285156,538.4228515625,-233.42425537109372,-128.66354370117188,865.42626953125
87.30638122558594,4.0142364501953125,132.20529174804688,152.65966796875,-145.33749389648438,992.4657592773438,115.2229995727539,-72.0947036743164,492.3142700195313,247.7462921142578,-304.6981201171875,906.18701171875,-141.8221435546875,-166.9096221923828,191.1515350341797,-152.44981384277344,-118.84005737304688,1001.4334716796876,-140.05935668945312,-256.04351806640625,538.4282836914062,-233.33395385742188,-126.13665771484376,864.513427734375
87.02861022949219,13.62507152557373,132.28567504882812,152.53782653808594,-143.2146759033203,991.2825927734376,114.88587188720705,-65.10613250732422,491.8629455566406,245.5692901611328,-308.5178527832031,908.8696899414062,-142.45042419433594,-185.4536590576172,185.2984619140625,-152.7552032470703,-118.12142181396484,1000.8535766601562,-139.39956665039062,-256.2422790527344,538.0105590820312,-233.1826934814453,-123.7563018798828,863.4947509765625
86.74943542480469,23.192766189575195,132.3798065185547,152.3535614013672,-141.19142150878906,990.0394897460938,114.57540130615234,-58.37498474121094,491.3968505859375,243.3082733154297,-311.9962463378906,911.3073120117188,-142.92214965820312,-204.0725555419922,180.00115966796875,-153.1041717529297,-117.44351196289062,1000.099853515625,-138.8994903564453,-255.9053955078125,537.1839599609375,-232.98046875,-121.52433776855467,862.374267578125
86.4769515991211,32.70647048950195,132.49664306640625,152.11053466796875,-139.27777099609375,988.7490844726562,114.29834747314452,-51.90427017211914,490.923583984375,240.98092651367188,-315.12890625,913.4807739257812,-143.23196411132812,-222.61827087402344,175.3379669189453,-153.49337768554688,-116.81694793701172,999.1885986328124,-138.5590057373047,-255.0716094970703,535.97607421875,-232.73760986328125,-119.44266510009766,861.1572265625
86.2202377319336,42.1549072265625,132.6469268798828,151.8125457763672,-137.4834747314453,987.4241333007812,114.06108856201172,-45.69650650024414,490.4497375488281,238.6055603027344,-317.9125061035156,915.372802734375,-143.37635803222656,-240.91964721679688,171.36573791503906,-153.9197998046875,-116.25360107421876,998.1392822265624,-138.36830139160156,-253.7919158935547,534.4271850585938,-232.46469116210935,-117.51329803466795,859.8500366210938
85.98868560791016,51.52677154541016,132.84275817871094,151.46336364746094,-135.81787109375,986.0777587890624,113.86854553222656,-39.75559997558594,489.9808044433594,236.20083618164065,-320.34454345703125,916.9682006835938,-143.35321044921875,-258.7850952148437,168.11581420898438,-154.3806915283203,-115.76647186279295,996.9739990234376,-138.30917358398438,-252.1302947998047,532.5888061523438,-232.1725311279297,-115.73847198486328,858.4602661132812
85.79114532470703,60.81095123291016,133.09725952148438,151.06649780273438,-134.28993225097656,984.7227172851562,113.7231674194336,-34.088130950927734,489.5210266113281,233.78567504882807,-322.4231872558594,918.2540283203124,-143.16156005859375,-276.007568359375,165.59054565429688,-154.87374877929688,-115.36961364746094,995.7169189453124,-138.35694885253906,-250.163818359375,530.5211181640625,-231.8720245361328,-114.12074279785156,856.99658203125
85.63465881347656,69.9967269897461,133.42385864257812,150.62513732910156,-132.90829467773438,983.3717651367188,113.62394714355467,-28.70403480529785,489.0735168457031,231.3789978027344,-324.1470642089844,919.2198486328124,-142.80172729492188,-292.3712158203125,163.76136779785156,-155.39710998535156,-115.0779266357422,994.3935546875,-138.48277282714844,-247.9818420410156,528.2904052734375,-231.57424926757807,-112.6630859375,855.4688720703125
85.52333068847656,79.07374572753906,133.83607482910156,150.1420135498047,-131.6813201904297,982.0372314453124,113.5657196044922,-23.6165828704834,488.640380859375,228.99954223632807,-325.51519775390625,919.8576049804688,-142.2757110595703,-307.659912109375,162.5686492919922,-155.94923400878906,-114.90691375732422,993.0301513671876,-138.6560516357422,-245.6839904785156,525.96630859375,-231.29034423828125,-111.3689422607422,853.88818359375
85.45760345458984,88.03195190429688,134.3474578857422,149.6193389892578,-130.6171417236328,980.7308959960938,113.5385971069336,-18.84182929992676,488.222900390625,226.6656646728516,-326.5267639160156,920.1619262695312,-141.5883026123047,-321.6675720214844,161.9239959716797,-156.52899169921875,-114.87236785888672,991.65283203125,-138.84678649902344,-243.37643432617188,523.6192626953125,-231.031494140625,-110.24225616455078,852.2667236328125
85.43390655517578,96.86146545410156,134.97158813476562,149.05870056152344,-129.72381591796875,979.4638671875,113.52786254882812,-14.39772129058838,487.8215942382813,224.3951873779297,-327.180908203125,920.1302490234376,-140.74769592285156,-334.2089233398437,161.71560668945312,-157.1354522705078,-114.98991394042967,990.2868041992188,-139.02764892578125,-241.16656494140625,521.3170776367188,-230.8088836669922,-109.28753662109376,850.61767578125
85.44488525390625,105.55257415771484,135.72210693359375,148.46121215820312,-129.00930786132812,978.246337890625,113.51435089111328,-10.30313777923584,487.4364929199219,222.2051544189453,-327.476806640625,919.7626953125,-139.76565551757812,-345.1289978027344,161.8163299560547,-157.76797485351562,-115.27449798583984,988.9559936523438,-139.17535400390625,-239.1566162109375,519.12109375,-230.63357543945312,-108.50981903076172,848.955078125
85.48016357421875,114.0957260131836,136.61265563964844,147.8275146484375,-128.48129272460938,977.0875244140624,113.47547912597656,-6.57700252532959,487.0671997070313,220.11166381835935,-327.41339111328125,919.0621337890624,-138.65692138671875,-354.3109741210937,162.09368896484375,-158.42611694335938,-115.73975372314452,987.6822509765624,-139.27120971679688,-237.4364471435547,517.08251953125,-230.5164337158203,-107.91464233398438,847.2937622070312
85.5274887084961,122.48150634765624,137.65658569335938,147.157958984375,-128.1468505859375,975.995361328125,113.3869171142578,-3.2375926971435547,486.7127380371094,218.1296539306641,-326.9893798828125,918.0341186523438,-137.43804931640625,-361.681884765625,162.42062377929688,-159.1096649169922,-116.397216796875,986.4852294921876,-139.30078125,-236.0769195556641,515.2393188476562,-230.4679412841797,-107.50800323486328,845.6490478515625
85.57417297363281,130.700439453125,138.86668395996094,146.4527130126953,-128.01231384277344,974.9765014648438,113.2248306274414,-0.30217444896698,486.371826171875,216.272705078125,-326.203369140625,916.6871948242188,-136.12657165527344,-367.2169799804688,162.68600463867188,-159.8186798095703,-117.2555160522461,985.3821411132812,-139.25341796875,-235.12474060058597,513.6148681640625,-230.4980316162109,-107.29622650146484,844.0366821289062
85.60855102539062,138.74282836914062,140.2548065185547,145.71170043945312,-128.08277893066406,974.036376953125,112.96849060058594,2.212944984436035,486.0427551269531,214.5529022216797,-325.0535888671875,915.0322875976562,-134.7408905029297,-370.9423522949219,162.80355834960938,-160.5534210205078,-118.3195571899414,984.3880004882812,-139.1222686767578,-234.5999298095703,512.2177124023438,-230.6159210205078,-107.28587341308594,842.472412109375
85.6212387084961,146.59823608398438,141.8316650390625,144.93470764160156,-128.3619384765625,973.1790771484376,112.60295104980467,4.291910648345947,485.7234191894531,212.98057556152344,-323.53826904296875,913.0831909179688,-133.3004913330078,-372.9351196289063,162.71775817871094,-161.31446838378906,-119.58966827392578,983.5153198242188,-138.9047088623047,-234.49610900878903,511.0439453125,-230.829833984375,-107.48356628417967,840.9720458984375
85.60615539550781,154.25482177734375,143.6067657470703,144.12132263183594,-128.85153198242188,972.4075317382812,112.12166595458984,5.918419361114502,485.4114685058594,211.56419372558597,-321.6554870605469,910.8561401367188,-131.8263702392578,-373.32037353515625,162.40560913085938,-162.1024932861328,-121.06099700927734,982.7745361328124,-138.603271484375,-234.7832946777344,510.080078125,-231.1468505859375,-107.89582824707033,839.5509643554688
85.56116485595703,161.6982879638672,145.5884552001953,143.27114868164062,-129.55099487304688,971.7235717773438,111.52865600585938,7.0746588706970215,485.1040954589844,210.3101501464844,-319.4034423828125,908.3698120117188,-130.34165954589844,-372.2644653320313,161.87376403808594,-162.91831970214844,-122.72300720214844,982.1744384765624,-138.22645568847656,-235.41282653808597,509.3072204589844,-231.57264709472656,-108.52889251708984,838.22412109375
85.4884033203125,168.91058349609375,147.7841796875,142.38381958007812,-130.45693969726562,971.1281127929688,110.83993530273438,7.7403883934021,484.7978515625,209.22265625,-316.7806396484375,905.6450805664062,-128.8724822998047,-369.9643249511719,161.1519012451172,-163.76268005371094,-124.55931091308594,981.7217407226562,-137.78968811035156,-236.32345581054688,508.70513916015625,-232.11134338378903,-109.38850402832033,837.0057983398438
85.39427947998047,175.86859130859375,150.20095825195312,141.459228515625,-131.5626220703125,970.62109375,110.08407592773438,7.892417430877685,484.4881286621094,208.3036193847656,-313.7860412597656,902.7051391601562,-127.4485855102539,-366.63385009765625,160.2832794189453,-164.63612365722656,-126.54777526855467,981.4219360351562,-137.31591796875,-237.44805908203125,508.2557678222656,-232.7652740478516,-110.47972869873048,835.9095458984375
85.2891845703125,182.5428009033203,152.84597778320312,140.49765014648438,-132.8574981689453,970.2015991210938,109.3015594482422,7.50462532043457,484.1686401367188,207.5525360107422,-310.41943359375,899.5748901367188,-126.10336303710938,-362.4877014160156,159.31524658203125,-165.53880310058594,-128.66102600097656,981.2786254882812,-136.83599853515625,-238.71966552734372,507.9448547363281,-233.5349273681641,-111.8067626953125,834.9479370117188
85.18711853027344,188.89630126953125,155.72720336914062,139.4999542236328,-134.3268585205078,969.8676147460938,108.54302978515624,6.54854154586792,483.8309631347656,206.96653747558597,-306.681640625,896.2813110351562,-124.87299346923828,-357.7249450683594,158.2916717529297,-166.47036743164062,-130.8672637939453,981.2938842773438,-136.38836669921875,-240.07569885253903,507.7622985839844,-234.41883850097656,-113.37276458740234,834.1325073242188
85.10523986816406,194.88394165039065,158.8538818359375,138.46763610839844,-135.95147705078125,969.6160278320312,107.86631774902344,4.994543552398682,483.46392822265625,206.5402984619141,-302.5747985839844,892.8526611328125,-123.7941436767578,-352.5149230957031,157.2489776611328,-167.42984008789062,-133.1314239501953,981.468017578125,-136.0178985595703,-241.4599609375,507.7002258300781,-235.41346740722656,-115.1796646118164,833.4735107421875
85.0634994506836,200.4517974853516,162.2367706298828,137.4029998779297,-137.70758056640625,969.442626953125,107.3322982788086,2.813636064529419,483.0538024902344,206.2661895751953,-298.1027526855469,889.318603515625,-122.90018463134766,-346.98785400390625,156.214599609375,-168.41558837890625,-135.4165496826172,981.7992553710938,-135.7736358642578,-242.8218994140625,507.75006103515625,-236.51333618164065,-117.22803497314452,832.97998046875
85.08416748046875,205.53683471679688,165.88775634765625,136.30918884277344,-139.56680297851562,969.341796875,106.99983215332033,-0.020334793254733,482.5843200683594,206.1344146728516,-293.2713317871094,885.709716796875,-122.2168197631836,-341.2315368652344,155.20758056640625,-169.42526245117188,-137.68527221679688,982.2835083007812,-135.70535278320312,-244.1137237548828,507.89892578125,-237.71095275878903,-119.51696014404295,832.6596069335938
85.19073486328125,210.06692504882807,169.8185577392578,135.190185546875,-141.49649047851562,969.3069458007812,106.92005157470705,-3.528317928314209,482.037841796875,206.1332092285156,-288.0885314941406,882.0572509765625,-121.75838470458984,-335.2938842773437,154.2401580810547,-170.4558868408203,-139.90138244628906,982.91455078125,-135.8589324951172,-245.28634643554688,508.126953125,-238.9969940185547,-122.0438995361328,832.5184936523438
85.40616607666016,213.9616851806641,174.03858947753906,134.05075073242188,-143.46026611328125,969.3307495117188,107.13082122802734,-7.723865509033203,481.3970642089844,206.24917602539065,-282.564697265625,878.392822265625,-121.52595520019533,-329.189208984375,153.31979370117188,-171.5038299560547,-142.0309295654297,983.6837768554688,-136.27110290527344,-246.285400390625,508.406494140625,-240.3603057861328,-124.8046417236328,832.5610961914062
85.75066375732422,217.13478088378903,178.55215454101562,132.89637756347656,-145.41883850097656,969.4057006835938,107.6521987915039,-12.611472129821776,480.6472778320313,206.4676055908203,-276.712646484375,874.7479248046875,-121.50735473632812,-322.9070739746094,152.45095825195312,-172.56492614746094,-144.0430450439453,984.5803833007812,-136.9638214111328,-247.048583984375,508.7041931152344,-241.78814697265625,-127.79315185546876,832.790283203125
86.23967742919922,219.4973907470703,183.35548400878903,131.73309326171875,-147.33126831054688,969.5245361328124,108.48363494873048,-18.18565368652344,479.7794799804688,206.77288818359372,-270.5478210449219,871.1535034179688,-121.67889404296876,-316.4212951660156,151.6365509033203,-173.63442993164062,-145.9104766845703,985.5916137695312,-137.93997192382812,-247.5050048828125,508.9850769042969,-243.26632690429688,-131.0016326904297,833.207275390625
86.88248443603516,220.96267700195312,188.4337158203125,130.5673370361328,-149.15626525878906,969.68115234375,109.60350799560548,-24.430721282958984,478.7932739257813,207.1488494873047,-264.088134765625,867.6398315429688,-122.00819396972656,-309.6982727050781,150.87876892089844,-174.70716857910156,-147.60980224609375,986.7029418945312,-139.18101501464844,-247.57704162597656,509.2174682617188,-244.7793884277344,-134.42039489746094,833.8115234375
87.68109893798828,221.4508056640625,193.7585906982422,129.40565490722656,-150.8538055419922,969.8709106445312,110.97093200683594,-31.321083068847656,477.6990051269531,207.5791778564453,-257.3539428710937,864.2357177734375,-122.45763397216795,-302.7043151855469,150.17950439453125,-175.77781677246094,-149.12147521972656,987.8986206054688,-140.6476593017578,-247.1844482421875,509.37738037109375,-246.3108367919922,-138.0380401611328,834.6007690429688
88.62957000732422,220.8945159912109,199.28733825683597,128.2545166015625,-152.38682556152344,970.0913696289062,112.52941131591795,-38.8218994140625,476.5194091796875,208.0478515625,-250.36788940429688,860.9684448242188,-122.9876480102539,-295.41131591796875,149.54043579101562,-176.84103393554688,-150.42979431152344,989.162109375,-142.28314208984375,-246.25022888183597,509.4513854980469,-247.8434295654297,-141.8413543701172,835.5713500976562
89.71361541748047,219.24436950683597,204.9633636474609,127.12006378173828,-153.72271728515625,970.3423461914062,114.21183776855467,-46.889896392822266,475.2896423339844,208.5394744873047,-243.1547393798828,857.8632202148438,-123.55962371826172,-287.8006286621094,148.9628448486328,-177.89166259765625,-151.52259826660156,990.4762573242188,-144.0189666748047,-244.7069396972656,509.4379577636719,-249.35939025878903,-145.8155975341797,836.7178955078125
90.9110107421875,216.47332763671875,210.7186584472656,126.00792694091795,-154.8346710205078,970.6261596679688,115.9459228515625,-55.4742317199707,474.0566101074219,209.03956604003903,-235.7410430908203,854.9426879882812,-124.13835144042967,-279.8650817871094,148.4473419189453,-178.9249725341797,-152.3910369873047,991.8238525390624,-145.78189086914062,-242.502685546875,509.3465576171875,-250.84075927734372,-149.94448852539062,838.033935546875
92.19298553466795,212.57994079589844,216.47756958007807,124.92298889160156,-155.70274353027344,970.9476928710938,117.6595230102539,-64.51741027832031,472.876953125,209.5348663330078,-228.15480041503903,852.2269287109375,-124.6939697265625,-271.6095275878906,147.99366760253906,-179.93685913085938,-153.0291748046875,993.1878662109376,-147.5017547607422,-239.60626220703125,509.1948547363281,-252.2696990966797,-154.2105255126953,839.5115356445312
93.52653503417967,207.59007263183597,222.16082763671875,123.86931610107422,-156.31448364257812,971.3143920898438,119.28519439697266,-73.95636749267578,471.8142395019531,210.0135498046875,-220.4251708984375,849.7326049804688,-125.20329284667967,-263.05047607421875,147.60028076171875,-180.92384338378903,-153.4335479736328,994.5517578125,-149.11883544921875,-236.0111846923828,509.0050048828125,-253.62875366210935,-158.59512329101562,841.1419067382812
94.87713623046876,201.55612182617188,227.6892852783203,122.85000610351562,-156.66522216796875,971.7357177734376,120.76387786865234,-83.72383880615234,470.9356384277344,210.4653167724609,-212.5820159912109,847.4732666015625,-125.65045928955078,-254.21469116210935,147.26422119140625,-181.88330078125,-153.6028289794922,995.89990234375,-150.58975219726562,-231.73773193359372,508.7990112304688,-254.90121459960935,-163.07882690429688,842.9152221679688
96.2113037109375,194.55343627929688,232.9862060546875,121.86719512939452,-156.7579345703125,972.2227783203124,122.04757690429688,-93.7498016357422,470.3082275390625,210.88140869140625,-204.65560913085935,845.4586791992188,-126.0269546508789,-245.13731384277344,146.98101806640625,-182.81333923339844,-153.53741455078125,997.2173461914062,-151.8907470703125,-226.83218383789065,508.5951232910156,-256.0713806152344,-167.6416473388672,844.8211669921875
97.49861145019533,186.674072265625,237.97775268554688,120.92201232910156,-156.6028289794922,972.7874145507812,123.1011199951172,-103.96296691894533,469.9949951171875,211.2546539306641,-196.6761779785156,843.6947631835938,-126.33096313476562,-235.8587188720703,146.74510192871094,-183.712890625,-153.2391357421875,998.4903564453124,-153.01754760742188,-221.36306762695312,508.4053955078125,-257.12481689453125,-172.26324462890625,846.8487548828125
98.71295928955078,178.01922607421875,242.5916290283203,120.01459503173828,-156.2164764404297,973.4413452148438,123.90292358398438,-114.29196166992188,470.0513000488281,211.5792694091797,-188.6735992431641,842.1834716796875,-126.56621551513672,-226.42112731933597,146.5504150390625,-184.58154296875,-152.7111053466797,999.7064208984376,-153.98219299316406,-215.41510009765625,508.2350769042969,-258.0486145019531,-176.92323303222656,848.9866943359375
99.83292388916016,168.69119262695312,246.7554626464844,119.14418029785156,-155.6208038330078,974.1951293945312,124.44461822509766,-124.66629028320312,470.52093505859375,211.85079956054688,-180.67703247070312,840.9227294921875,-126.7403335571289,-216.8656311035156,146.39120483398438,-185.41949462890625,-151.95761108398438,1000.8541259765624,-154.8076934814453,-209.08177185058597,508.0834655761719,-258.8314819335937,-181.60145568847656,851.2233276367188
100.84149169921876,158.78634643554688,250.3962860107422,118.30923461914062,-154.8417510986328,975.0565185546876,124.72957611083984,-135.0170135498047,471.4332580566406,212.0658416748047,-172.71470642089844,839.906494140625,-126.86306762695312,-207.2296600341797,146.26248168945312,-186.22740173339844,-150.98435974121094,1001.9234619140624,-155.5219268798828,-202.45767211914065,507.9455261230469,-259.464111328125,-186.27818298339844,853.546875
101.72595977783205,148.3897247314453,253.44158935546875,117.50762176513672,-153.90789794921875,976.0298461914062,124.77051544189452,-145.27731323242188,472.8008728027344,212.22189331054688,-164.81362915039062,839.1246948242188,-126.9446792602539,-197.54527282714844,146.1603546142578,-187.0061187744141,-149.79855346679688,1002.9055786132812,-156.15211486816406,-195.63172912597656,507.8142395019531,-259.9389343261719,-190.9343414306641,855.9453735351562
102.4783172607422,137.571044921875,255.8216857910156,116.73686981201172,-152.848876953125,977.1146240234376,124.58663940429688,-155.3830108642578,474.6183471679688,212.317138671875,-156.99942016601562,838.5636596679688,-126.99473571777344,-187.83839416503903,146.08213806152344,-187.7565155029297,-148.40921020507812,1003.79296875,-156.72071838378906,-188.68194580078125,507.6822814941406,-260.2505187988281,-195.55177307128903,858.40673828125
103.09613037109376,126.38224792480467,257.4726257324219,115.99439239501952,-151.6939697265625,978.305419921875,124.20072174072266,-165.27313232421875,476.8624572753906,212.35025024414065,-149.29629516601562,838.2060546875,-127.0212860107422,-178.12881469726562,146.0260467529297,-188.4792022705078,-146.8273162841797,1004.57958984375,-157.24295043945312,-181.67166137695312,507.5437316894531,-260.395263671875,-200.11329650878903,860.9186401367188
103.58294677734376,114.8562240600586,258.3388977050781,115.27777862548828,-150.4707489013672,979.5913696289062,123.63677978515624,-174.89053344726562,479.4935607910156,212.32017517089844,-141.72691345214844,838.0316162109375,-127.03059387207033,-168.43031311035156,145.99082946777344,-189.17437744140625,-145.0658721923828,1005.2606201171876,-157.72628784179688,-174.64764404296875,507.3949279785156,-260.3715515136719,-204.6029052734375,863.4685668945312
103.94783020019533,103.0066146850586,258.3756103515625,114.58501434326172,-149.20387268066406,980.95654296875,122.91824340820312,-184.1824951171875,482.4582214355469,212.22610473632807,-134.3124542236328,838.0171508789062,-127.02725982666016,-158.75120544433594,145.975341796875,-189.84153747558597,-143.13995361328125,1005.832763671875,-158.17160034179688,-167.6398468017578,507.234619140625,-260.179443359375,-209.00579833984372,866.0435180664062
104.20413970947266,90.8290023803711,257.5505065917969,113.91474151611328,-147.91441345214844,982.3804321289062,122.0668487548828,-193.101318359375,485.6927490234375,212.0672912597656,-127.07260131835938,838.1373291015625,-127.01466369628906,-149.09524536132812,145.97821044921875,-190.4794158935547,-141.06666564941406,1006.294189453125,-158.57537841796875,-160.66259765625,507.0638732910156,-259.8207092285156,-213.30844116210935,868.6301879882812
104.36759948730467,78.3038101196289,255.8457946777344,113.26651000976562,-146.61924743652344,983.8389892578124,121.10205078125,-201.60467529296875,489.1269836425781,211.8430328369141,-120.02558135986328,838.3652954101562,-126.99542999267578,-139.4625244140625,145.9976043701172,-191.08583068847656,-138.86492919921875,1006.6444702148438,-158.93243408203125,-153.7174835205078,506.8851013183594,-259.2986145019531,-217.4985809326172,871.2147827148438
104.45479583740234,65.40052032470703,253.2604217529297,112.64105224609376,-145.33102416992188,985.3054809570312,120.0410614013672,-209.65586853027344,492.6882629394531,211.5526428222656,-113.1881866455078,838.6728515625,-126.97187042236328,-129.8507537841797,146.03128051757812,-191.65774536132807,-136.5553436279297,1006.8845825195312,-159.2381591796875,-146.79733276367188,506.7016906738281,-258.6176147460937,-221.5652008056641,873.78271484375
104.48236083984376,52.08222579956055,249.8127593994141,112.04025268554688,-144.05831909179688,986.7516479492188,118.8992919921875,-217.22381591796875,496.3045349121094,211.1955108642578,-106.57583618164062,839.0316162109375,-126.94623565673828,-120.2563018798828,146.07664489746094,-192.1913146972656,-134.15966796875,1007.0165405273438,-159.48985290527344,-139.89053344726562,506.5171813964844,-257.7834167480469,-225.4983367919922,876.3190307617188
104.466064453125,38.310035705566406,245.54249572753903,111.46695709228516,-142.8061981201172,988.148681640625,117.69110870361328,-224.28282165527344,499.9069519042969,210.77117919921875,-100.20256042480467,839.4132690429688,-126.92082977294922,-110.67526245117188,146.13092041015625,-192.6820526123047,-131.70046997070312,1007.0436401367188,-159.6873016357422,-132.98484802246094,506.33538818359375,-256.8026123046875,-229.2890472412109,878.807861328125
104.41973114013672,24.04690361022949,240.5113677978516,110.92477416992188,-141.5770263671875,989.4678955078124,116.43042755126952,-230.811767578125,503.43157958984375,210.27935791015625,-94.08104705810548,839.7903442382812,-126.89801788330078,-101.10431671142578,146.19137573242188,-193.1250457763672,-129.20077514648438,1006.9696655273438,-159.83267211914062,-126.06987762451172,506.1601257324219,-255.6827087402344,-232.9291229248047,881.2329711914062
104.35427856445312,9.26100730895996,234.80270385742188,110.4178695678711,-140.3710479736328,990.6817626953124,115.13133239746094,-236.7931365966797,506.82037353515625,209.72018432617188,-88.2226333618164,840.1369018554688,-126.88016510009766,-91.54109191894533,146.2554473876953,-193.5153045654297,-126.68383026123048,1006.7989501953124,-159.93035888671875,-119.13858032226562,505.9951171875,-254.4319610595703,-236.4110870361328,883.577392578125
104.27711486816406,-6.071258544921875,228.5197296142578,109.95087432861328,-139.1871795654297,991.7644653320312,113.80835723876952,-242.2125244140625,510.021728515625,209.09426879882807,-82.63739776611328,840.4287109375,-126.86951446533205,-81.98419952392578,146.32089233398438,-193.84803771972656,-124.17288970947266,1006.5361328125,-159.9866943359375,-112.18758392333984,505.8437805175781,-253.0592803955078,-239.72805786132807,885.823974609375
104.19221496582033,-21.96263313293457,221.78268432617188,109.52873992919922,-138.0235595703125,992.69287109375,112.47657012939452,-247.0585784912109,512.9904174804688,208.40293884277344,-77.3342056274414,840.6439819335938,-126.86807250976562,-72.43286895751953,146.3857879638672,-194.11892700195312,-121.6910171508789,1006.185546875,-160.0096893310547,-105.21700286865234,505.7090148925781,-251.5740966796875,-242.87376403808597,887.9552001953125
104.1008758544922,-38.41281509399414,214.7245330810547,109.156494140625,-136.87826538085938,993.4467163085938,111.1513442993164,-251.32342529296875,515.6875,207.6484222412109,-72.3208236694336,840.7637329101562,-126.87751007080078,-62.88657379150391,146.44857788085938,-194.32449340820312,-119.26058959960938,1005.7511596679688,-160.00894165039062,-98.22982788085938,505.5929870605469,-249.98635864257807,-245.84243774414065,889.953369140625
104.00292205810548,-55.40691757202149,207.48585510253903,108.83900451660156,-135.74993896484375,994.0093383789062,109.84796905517578,-255.0035095214844,518.0798950195312,206.833984375,-67.60406494140625,840.7719116210938,-126.89907836914062,-53.34465789794922,146.508056640625,-194.46224975585935,-116.90274047851562,1005.2362670898438,-159.99533081054688,-91.2313003540039,505.496826171875,-248.3064117431641,-248.62879943847656,891.8012084960938
103.89764404296876,-72.91393280029297,200.2095184326172,108.58057403564452,-134.6382293701172,994.3676147460938,108.58112335205078,-258.1004638671875,520.1404418945312,205.96408081054688,-63.18988800048828,840.6556396484375,-126.93354034423828,-43.80616760253906,146.5634307861328,-194.5308990478516,-114.63655853271484,1004.643310546875,-159.98081970214844,-84.22835540771484,505.4202575683594,-246.54502868652344,-251.22802734375,893.4816284179688
103.78419494628906,-90.8851318359375,193.0354766845703,108.38465118408205,-133.54432678222656,994.512451171875,107.3642120361328,-260.6221618652344,521.8480224609375,205.04449462890625,-59.083526611328125,840.4053344726562,-126.98117065429688,-34.26982879638672,146.61422729492188,-194.5304107666016,-112.47853088378906,1003.973876953125,-159.97804260253906,-77.2291488647461,505.3611755371094,-244.7133026123047,-253.63577270507807,894.9782104492188
103.66152954101562,-109.25260925292967,186.0957489013672,108.2534408569336,-132.4712677001953,994.438720703125,106.20886993408205,-262.5835266113281,523.1874389648438,204.0823974609375,-55.289588928222656,840.0147705078125,-127.0416030883789,-24.73415756225586,146.66033935546875,-194.4621734619141,-110.4420928955078,1003.2286987304688,-159.9996795654297,-70.24295806884766,505.3154602050781,-242.8225860595703,-255.8480529785156,896.275390625
103.52813720703124,-127.92798614501952,179.50990295410156,108.18772888183594,-131.42425537109375,994.1451416015624,105.1244125366211,-264.00750732421875,524.1502685546875,203.08639526367188,-51.81209182739258,839.48095703125,-127.11380767822266,-15.197714805603027,146.70188903808594,-194.3289031982422,-108.53744506835938,1002.4078979492188,-160.05743408203125,-63.28075408935547,505.2768859863281,-240.8845367431641,-257.8612670898437,897.3587036132812
103.38166046142578,-146.801513671875,173.38096618652344,108.18669128417967,-130.41087341308594,993.6346435546876,104.1173858642578,-264.9252624511719,524.73486328125,202.0665283203125,-48.65449142456055,838.8041381835938,-127.19589233398438,-5.659527778625488,146.73916625976562,-194.1346435546875,-106.77144622802734,1001.5111083984376,-160.16085815429688,-56.35626220703125,505.23736572265625,-238.9109039306641,-259.6720886230469,898.2149047851562
103.21858978271484,-165.7420654296875,167.7920379638672,108.24794006347656,-129.4412384033203,992.9136962890624,103.1911392211914,-265.3760986328125,524.9468994140625,201.0341796875,-45.81965255737305,837.9876708984375,-127.28507995605467,3.880300998687744,146.77276611328125,-193.88458251953125,-105.14772033691406,1000.5379638671876,-160.31593322753906,-49.48711013793945,505.1875305175781,-236.91357421875,-261.27752685546875,898.8325805664062
103.03395080566406,-184.59815979003903,162.8037109375,108.36761474609376,-128.5279083251953,991.9927978515624,102.34564971923828,-265.4068603515625,524.79931640625,200.001953125,-43.30984878540039,837.0375366210938,-127.37761688232422,13.419870376586914,146.8035430908203,-193.5848388671875,-103.66690826416016,999.4881591796876,-160.52383422851562,-42.69569778442383,505.1173400878906,-234.9044647216797,-262.67486572265625,899.2020263671875
102.82125854492188,-203.20030212402344,158.452392578125,108.54061889648438,-127.68577575683594,990.8857421875,101.5774383544922,-265.0711669921875,524.312255859375,198.98361206054688,-41.12669372558594,835.9625244140625,-127.46891784667967,22.954790115356445,146.83290100097656,-193.24224853515625,-102.32711029052734,998.3621215820312,-160.77993774414062,-36.00943756103516,505.0166931152344,-232.89552307128903,-263.8614807128906,899.3155517578125
102.57243347167967,-221.36428833007807,154.74964904785156,108.76091003417967,-126.9316635131836,989.6098022460938,100.87977600097656,-264.4281311035156,523.5120849609375,197.9937744140625,-39.27109909057617,834.7738037109375,-127.55387878417967,32.47760772705078,146.86312866210938,-192.86404418945312,-101.12450408935548,997.1611938476562,-161.07362365722656,-29.460203170776367,504.8760681152344,-230.89862060546875,-264.8349914550781,899.16796875
102.27786254882812,-238.8961944580078,151.6824951171875,109.02191162109376,-126.28382873535156,988.1854858398438,100.2430648803711,-263.540771484375,522.4312133789062,197.04782104492188,-37.74317169189453,833.4848022460938,-127.6275405883789,41.97743225097656,146.89793395996094,-192.45755004882807,-100.0541000366211,995.8883666992188,-161.38865661621094,-23.08307647705078,504.6871337890625,-228.92547607421875,-265.5931091308594,898.756591796875
101.92658233642578,-255.5987091064453,149.2151336669922,109.31684112548828,-125.7612533569336,986.6361694335938,99.65534210205078,-262.4740295410156,521.1063842773438,196.16163635253903,-36.542137145996094,832.11083984375,-127.685791015625,51.43995666503906,146.94322204589844,-192.0299072265625,-99.11052703857422,994.548095703125,-161.7041473388672,-16.914499282836914,504.443359375,-226.98768615722656,-266.13360595703125,898.0814819335938
101.50692749023438,-271.27838134765625,147.2919158935547,109.63915252685548,-125.3828125,984.9878540039062,99.1030044555664,-261.2926025390625,519.5775756835938,195.351318359375,-35.6662712097168,830.6690673828125,-127.72535705566406,60.84834671020508,147.00779724121094,-191.5877227783203,-98.28890991210938,993.147216796875,-161.9959716796875,-10.990153312683104,504.14105224609375,-225.09649658203125,-266.45440673828125,897.145751953125
101.00749969482422,-285.7528686523437,145.841796875,109.98283386230467,-125.1664581298828,983.2689208984376,98.571533203125,-260.0586242675781,517.88671875,194.6329345703125,-35.112884521484375,829.1781616210938,-127.7438507080078,70.1845932006836,147.1036834716797,-191.13687133789065,-97.58560943603516,991.694580078125,-162.2381591796875,-5.34291410446167,503.7801818847656,-223.26287841796875,-266.553466796875,895.9553833007812
100.41849517822266,-298.85791015625,144.78384399414062,110.3427963256836,-125.12842559814452,981.5097045898438,98.04655456542967,-258.8293762207031,516.07666015625,194.02227783203125,-34.878387451171875,827.657958984375,-127.74000549316406,79.4307861328125,147.24600219726562,-190.6822662353516,-96.99894714355467,990.201416015625,-162.40423583984375,-0.0013031834969297,503.3653869628906,-221.4973297119141,-266.42901611328125,894.5195922851562
99.73303985595705,-310.4536437988281,144.03335571289062,110.71505737304688,-125.28264617919922,979.741943359375,97.5150146484375,-257.6557006835937,514.1897583007812,193.53445434570312,-34.95833206176758,826.1292114257812,-127.71428680419922,88.57008361816406,147.45254516601562,-190.2275848388672,-96.52965545654295,988.6812744140624,-162.46861267089844,5.011202335357666,502.90625,-219.80984497070312,-266.0793762207031,892.850830078125
98.94842529296876,-320.4296264648437,143.5078887939453,111.09699249267578,-125.64012145996094,977.9981079101562,96.9663314819336,-256.58038330078125,512.267578125,193.18370056152344,-35.34751510620117,824.613525390625,-127.66948699951172,97.58729553222656,147.7430419921875,-189.7752227783203,-96.18115997314452,987.1495361328124,-162.40780639648438,9.67581558227539,502.4172058105469,-218.20985412597656,-265.5032653808594,890.9646606445312
98.06671142578124,-328.7089233398437,143.13204956054688,111.4874267578125,-126.20845794677734,976.3111572265624,96.39347839355467,-255.6375274658203,510.3504943847656,192.9830322265625,-36.04009246826172,823.132568359375,-127.6111068725586,106.46914672851562,148.13829040527344,-189.32606506347656,-95.95955657958984,985.6232299804688,-162.2016143798828,13.97702693939209,501.9165649414063,-216.70608520507807,-264.6998596191406,888.879638671875
97.09495544433594,-335.25067138671875,142.8407745361328,111.8866958618164,-126.99147033691406,974.7132568359376,95.79368591308594,-254.8521270751953,508.4771118164063,192.94395446777344,-37.02973175048828,821.7080078125,-127.54743194580078,115.20398712158205,148.6592559814453,-188.87945556640625,-95.87327575683594,984.1204833984376,-161.8341522216797,17.900297164916992,501.4249267578125,-215.3065490722656,-263.6688537597656,886.6173095703125
96.04556274414062,-340.0521240234375,142.5814208984375,112.29659271240234,-127.9889144897461,973.2357788085938,95.1688003540039,-254.24044799804688,506.6842956542969,193.07623291015625,-38.30975341796875,820.3612060546875,-127.48907470703124,123.78112030029295,149.3263397216797,-188.43316650390625,-95.93247985839844,982.66015625,-161.2946014404297,21.42918968200684,500.962890625,-214.01844787597656,-262.4107666015625,884.2018432617188
94.93692779541016,-343.1498718261719,142.31503295898438,112.72022247314452,-129.19635009765625,971.9080810546876,94.5252456665039,-253.8106231689453,505.0066528320313,193.3876800537109,-39.873291015625,819.1127319335938,-127.44812774658205,132.18951416015625,150.15890502929688,-187.9834442138672,-96.14810943603516,981.260986328125,-160.57772827148438,24.542451858520508,500.54888916015625,-212.8480987548828,-260.9269104003906,881.6597900390625
93.79364013671876,-344.61932373046875,142.0162353515625,113.16173553466795,-130.60525512695312,970.7569580078124,93.8736801147461,-253.56358337402344,503.4759826660156,193.8839111328125,-41.71348571777344,817.9818725585938,-127.43698120117188,140.4160614013672,151.1748809814453,-187.52517700195312,-96.53083038330078,979.941162109375,-159.68434143066406,27.211565017700195,500.1968994140625,-211.80093383789065,-259.2197265625,879.0197143554688
92.64600372314452,-344.5722351074219,141.6715850830078,113.62600708007812,-132.20314025878906,969.805908203125,93.2285385131836,-253.494140625,502.1207885742188,194.5682830810547,-43.823612213134766,816.9866333007812,-127.46722412109376,148.44346618652344,152.39073181152344,-187.05218505859372,-97.08971405029295,978.7174682617188,-158.6216583251953,29.39922523498535,499.9145202636719,-210.8814697265625,-257.2928466796875,876.311767578125
91.52842712402344,-343.1513061523437,141.27658081054688,114.11821746826172,-133.97393798828125,969.0746459960938,92.60755157470705,-253.59194946289065,500.9653625488281,195.44175720214844,-46.19721984863281,816.1432495117188,-127.54882049560548,156.24819946289062,153.82168579101562,-186.55763244628903,-97.83088684082033,977.60498046875,-157.40380859375,31.058984756469727,499.701904296875,-210.0932159423828,-255.1511993408203,873.5671997070312
90.4769058227539,-340.521728515625,140.83236694335938,114.64344024658205,-135.89820861816406,968.578369140625,92.0314483642578,-253.8423309326172,500.0286865234375,196.5028839111328,-48.82827377319336,815.4659423828125,-127.6895980834961,163.79884338378906,155.48216247558594,-186.03451538085935,-98.75618743896484,976.6162719726562,-156.0524139404297,32.13616180419922,499.5516052246094,-209.43870544433597,-252.80123901367188,870.8177490234375
89.52569580078125,-336.8599548339844,140.34315490722656,115.2061996459961,-137.9534149169922,968.3272705078124,91.52364349365234,-254.2265625,499.3232727050781,197.7478485107422,-51.71123504638672,814.9666748046875,-127.8950653076172,171.0546875,157.3863525390625,-185.4762420654297,-99.86200714111328,975.7609252929688,-154.5972442626953,32.569969177246094,499.4488220214844,-208.91943359375,-250.2508850097656,868.0952758789062
88.70382690429688,-332.3410339355469,139.81507873535156,115.81013488769533,-140.11434936523438,968.3265991210938,91.1099624633789,-254.7215576171875,498.853759765625,199.17062377929688,-54.841094970703125,814.6551513671875,-128.1686553955078,177.9647674560547,159.54873657226562,-184.87716674804688,-101.13853454589844,975.0452880859376,-153.07655334472656,32.29695510864258,499.3727111816406,-208.53585815429688,-247.5096435546875,865.4309692382812
88.03197479248047,-327.1255798339844,139.25587463378906,116.45771026611328,-142.35357666015625,968.5758056640624,90.81781768798828,-255.2989654541016,498.6155700683594,200.7630157470703,-58.21336364746094,814.5384521484375,-128.51214599609375,184.4672088623047,161.98426818847656,-184.23291015625,-102.56944274902344,974.4721069335938,-151.53675842285156,31.25566864013672,499.2975158691406,-208.28741455078125,-244.58860778808597,862.8549194335938
87.5203857421875,-321.3499755859375,138.6751251220703,117.15008544921876,-144.64195251464844,969.069091796875,90.67493438720705,-255.9234619140625,498.593994140625,202.51492309570312,-61.82397079467773,814.62109375,-128.92613220214844,190.4892120361328,164.70819091796875,-183.54071044921875,-104.1319351196289,974.0404052734376,-150.0311279296875,29.392240524291992,499.1940307617188,-208.1724853515625,-241.5004119873047,860.3956298828125
87.16776275634766,-315.1208190917969,138.08407592773438,117.88699340820312,-146.94932556152344,969.7950439453124,90.70723724365234,-256.5506591796875,498.7636413574219,204.4145355224609,-65.66912078857422,814.905029296875,-129.41018676757812,195.94793701171875,167.73568725585938,-182.7995758056641,-105.79721069335938,973.7457275390624,-148.61717224121094,26.66625595092773,499.0312194824219,-208.18841552734372,-238.25914001464844,858.0794067382812
86.96172332763672,-308.5142517089844,137.49501037597656,118.66680145263672,-149.24510192871094,970.7372436523438,90.93635559082033,-257.1247863769531,499.0891723632813,206.44854736328125,-69.74510955810547,815.3895263671875,-129.96250915527344,200.75241088867188,171.08114624023438,-182.0104217529297,-107.53135681152344,973.580078125,-147.35324096679688,23.05567741394043,498.7778930664063,-208.3315887451172,-234.88021850585935,855.929931640625
86.8808364868164,-301.57891845703125,136.92022705078125,119.48651885986328,-151.49879455566406,971.8746948242188,91.37672424316406,-257.57733154296875,499.5268249511719,208.60243225097656,-74.04808807373047,816.0714721679688,-130.5793914794922,204.80630493164065,174.7574462890625,-181.1760406494141,-109.29662322998048,973.5328979492188,-146.2946319580078,18.559892654418945,498.4046325683594,-208.597412109375,-231.38026428222656,853.968017578125
86.89789581298828,-294.3415222167969,136.3708953857422,120.34195709228516,-153.68064880371094,973.1825561523438,92.03298950195312,-257.8271179199219,500.0271911621094,210.8606414794922,-78.57384490966797,816.9453125,-131.25416564941406,208.01158142089844,178.77459716796875,-180.30113220214844,-111.0530242919922,973.5912475585938,-145.4891357421875,13.20036792755127,497.8859558105469,-208.9803924560547,-227.77685546875,852.2110595703125
86.98368072509766,-286.8136901855469,135.8560028076172,121.22785186767578,-155.7620391845703,974.6334228515624,92.8983154296875,-257.7828674316406,500.5390319824219,213.2068328857422,-83.31755065917969,818.00341796875,-131.97621154785156,210.27279663085935,183.13790893554688,-179.3921661376953,-112.760009765625,973.740966796875,-144.972900390625,7.0190253257751465,497.2034606933594,-209.4742126464844,-224.0883331298828,850.6731567382812
87.11042022705078,-278.99951171875,135.38172912597656,122.13807678222656,-157.7158966064453,976.1980590820312,93.95404815673828,-257.3477478027344,501.01312255859375,215.62405395507807,-88.2735366821289,819.236328125,-132.73019409179688,211.50225830078125,187.84556579589844,-178.45718383789062,-114.3782196044922,973.9676513671876,-144.7663116455078,0.0752428770065307,496.3491821289063,-210.0719146728516,-220.33343505859372,849.3648071289062
87.25437927246094,-270.9022521972656,134.9512176513672,123.06585693359376,-159.51708984375,977.8464965820312,95.1709442138672,-256.4261169433594,501.406494140625,218.09500122070312,-93.43511199951172,820.63330078125,-133.49612426757812,211.6257781982422,192.88597106933597,-177.5054473876953,-115.87130737304688,974.2576293945312,-144.87130737304688,-7.557948112487793,495.3291931152344,-210.765869140625,-216.5310211181641,848.2930908203125
87.39732360839844,-262.530029296875,134.56475830078125,124.00408935546876,-161.14263916015625,979.5494384765624,96.51187896728516,-254.9311065673828,501.6854248046875,220.6020965576172,-98.79440307617188,822.182373046875,-134.2500762939453,210.5887451171875,198.2353057861328,-176.54705810546875,-117.20771026611328,974.5992431640624,-145.27090454101562,-15.79823398590088,494.1665954589844,-211.54803466796875,-212.69964599609372,847.461669921875
87.5270004272461,-253.898681640625,134.22023010253906,124.94557189941406,-162.57203674316406,981.2789306640624,97.93568420410156,-252.7921142578125,501.8277893066406,223.127685546875,-104.34227752685548,823.8711547851562,-134.96566772460938,208.36212158203125,203.8556365966797,-175.5923309326172,-118.3620147705078,974.9837646484376,-145.93118286132812,-24.558616638183597,492.9030151367188,-212.4099884033203,-208.8572998046875,846.8709106445312
87.63668823242188,-245.0323638916016,133.91358947753906,125.88337707519533,-163.78744506835938,983.0092163085938,99.40149688720705,-249.96142578125,501.8238220214844,225.6541748046875,-110.06828308105467,825.6871948242188,-135.61605834960938,204.9473571777344,209.69444274902344,-174.65127563476562,-119.31584930419922,975.4058837890624,-146.80523681640625,-33.751712799072266,491.5984497070313,-213.34300231933597,-205.02105712890625,846.5182495117188
87.72444152832031,-235.96177673339844,133.63963317871094,126.81105041503906,-164.7740478515625,984.7174682617188,100.8730010986328,-246.41879272460935,501.6758117675781,228.1641387939453,-115.9607162475586,827.6182861328125,-136.17625427246094,200.37921142578125,215.68577575683597,-173.73312377929688,-120.05838775634766,975.8643798828124,-147.83837890625,-43.29319763183594,490.3284301757813,-214.3381500244141,-201.20672607421875,846.3983154296875
87.7920150756836,-226.7216796875,133.3927764892578,127.722900390625,-165.52023315429688,986.3837890625,102.32166290283205,-242.17361450195312,501.39691162109375,230.64041137695312,-122.00668334960938,829.6529541015625,-136.6255340576172,194.7253570556641,221.75303649902344,-172.84568786621094,-120.58641815185548,976.36181640625,-148.97325134277344,-53.10408020019531,489.17913818359375,-215.38633728027344,-197.4286956787109,846.5029907226562
87.84363555908203,-217.34811401367188,133.16770935058594,128.6141357421875,-166.0178985595703,987.9915771484376,103.728515625,-237.26390075683597,501.00885009765625,233.06613159179688,-128.1922149658203,831.7808837890625,-136.94961547851562,188.08206176757807,227.8121337890625,-171.99513244628906,-120.90393829345705,976.904296875,-150.15457153320312,-63.11188507080078,488.2407836914063,-216.4783935546875,-193.6996307373047,846.822021484375
87.88467407226562,-207.8758544921875,132.95997619628906,129.4810333251953,-166.26243591308594,989.52734375,105.08372497558594,-231.7522125244141,500.5390625,235.42486572265625,-134.5023956298828,833.9928588867188,-137.14244079589844,180.5661773681641,233.77381896972656,-171.18576049804688,-121.02133178710938,977.5006103515624,-151.33261108398438,-73.250732421875,487.6000061035156,-217.6050567626953,-190.0304412841797,847.3427734375
87.92033386230469,-198.3363342285156,132.76649475097656,130.32090759277344,-166.2528533935547,990.9802856445312,106.38419342041016,-225.7188720703125,500.0173950195313,237.7005920410156,-140.92141723632812,836.2809448242188,-137.20700073242188,172.30398559570312,239.5443115234375,-170.4199676513672,-120.95420837402344,978.1612548828124,-152.46524047851562,-83.46036529541016,487.3326110839844,-218.7570343017578,-186.43014526367188,848.0509033203125
87.95462036132812,-188.7562255859375,132.5858154296875,131.13217163085938,-165.99154663085938,992.34228515625,107.62944793701172,-219.2538146972656,499.4729309082031,239.87782287597656,-147.43264770507812,838.6387329101562,-137.1549530029297,163.41839599609375,245.0243988037109,-169.69859313964844,-120.72203063964844,978.8970336914062,-153.5186767578125,-93.68429565429688,487.49713134765625,-219.92498779296875,-182.90586853027344,848.9300537109375
87.98963165283203,-179.15652465820312,132.41810607910156,131.91416931152344,-165.4842987060547,993.6068725585938,108.81689453125,-212.4482879638672,498.931640625,241.94158935546875,-154.0188446044922,841.0609741210938,-137.00538635253906,154.01698303222656,250.1080474853516,-169.0211639404297,-120.34661865234376,979.7179565429688,-154.467041015625,-103.8676528930664,488.1304931640625,-221.0995330810547,-179.46292114257812,849.9622192382812
88.02532958984375,-169.55230712890625,132.2650146484375,132.6669464111328,-164.739990234375,994.769287109375,109.93770599365234,-205.3876953125,498.4146728515625,243.8775787353516,-160.66221618652344,843.5435180664062,-136.78282165527344,144.18272399902344,254.68267822265625,-168.38644409179688,-119.85072326660156,980.6314697265624,-155.2921142578125,-113.95604705810548,489.2458801269531,-222.27122497558597,-176.1049041748047,851.1278076171875
88.05972290039062,-159.95298767089844,132.12918090820312,133.39096069335938,-163.7705078125,995.8255615234376,110.97467803955078,-198.14602661132807,497.9374084472656,245.6721649169922,-167.34457397460938,846.0831909179688,-136.51553344726562,133.96900939941406,258.6324157714844,-167.7928924560547,-119.25666809082033,981.6416625976562,-155.98309326171875,-123.89564514160156,490.8329162597656,-223.43063354492188,-172.83380126953125,852.4056396484375
88.08935546875,-150.36318969726562,132.0136260986328,134.08668518066406,-162.59054565429688,996.7723388671876,111.90308380126952,-190.78244018554688,497.5092468261719,247.31246948242188,-174.0474395751953,848.6770629882812,-136.23428344726562,123.39900207519533,261.8440246582031,-167.2390594482422,-118.58525848388672,982.748046875,-156.53607177734375,-133.63401794433594,492.8594055175781,-224.568359375,-169.6501922607422,853.7734375
88.11004638671875,-140.78404235839844,131.92124938964844,134.75436401367188,-161.2175750732422,997.6064453125,112.69468688964844,-183.34002685546875,497.1340942382813,248.78651428222656,-180.7522430419922,851.32275390625,-135.97079467773438,112.46940612792967,264.2145080566406,-166.7239227294922,-117.85489654541016,983.9449462890624,-156.9527130126953,-143.121826171875,495.2745361328125,-225.6751708984375,-166.55352783203125,855.20751953125
88.11764526367188,-131.21432495117188,131.854248046875,135.3936309814453,-159.67153930664062,998.32470703125,113.3239517211914,-175.846435546875,496.81097412109375,250.08328247070312,-187.4403839111328,854.0174560546875,-135.7562255859375,101.15746307373048,265.6588439941406,-166.2471466064453,-117.0811004638672,985.2216186523438,-157.2384490966797,-152.3147735595703,498.0127868652344,-226.7421875,-163.542236328125,856.6834106445312
88.10868072509766,-121.6516571044922,131.8138427734375,136.0033721923828,-157.9744415283203,998.924072265625,113.77456665039062,-168.3160858154297,496.53509521484375,251.1928558349609,-194.0933380126953,856.7578735351562,-135.61900329589844,89.42951202392578,266.11639404296875,-165.8091583251953,-116.27629852294922,986.56201171875,-157.40020751953125,-161.17486572265625,500.9991455078125,-227.7610321044922,-160.61407470703125,858.1758422851562
88.08084869384766,-112.09333801269533,131.79998779296875,136.58154296875,-156.1496124267578,999.4015502929688,114.04370880126952,-160.75387573242188,496.2990417480469,252.1065368652344,-200.69284057617188,859.5397338867188,-135.58262634277344,77.24974060058594,265.5552062988281,-165.4112091064453,-115.44996643066406,987.9456176757812,-157.44444274902344,-169.67059326171875,504.1546630859375,-228.72401428222656,-157.7663116455078,859.6591796875
88.0331039428711,-102.5371551513672,131.81141662597656,137.12509155273438,-154.22105407714844,999.7542724609376,114.1427230834961,-153.15975952148438,496.0935974121094,252.81692504882807,-207.22085571289065,862.3576049804688,-135.66407775878906,64.58712005615234,263.9736633300781,-165.05519104003906,-114.6090087890625,989.3483276367188,-157.37535095214844,-177.77561950683594,507.4020080566406,-229.62448120117188,-154.99594116210938,861.1078491210938
87.96552276611328,-92.9817886352539,131.8457489013672,137.6300811767578,-152.21261596679688,999.9800415039062,114.09427642822266,-145.53334045410156,495.9085693359375,253.31809997558597,-213.65969848632807,865.2044677734375,-135.87295532226562,51.41966247558594,261.3998718261719,-164.74346923828125,-113.75823974609376,990.7433471679688,-157.19407653808594,-185.4667510986328,510.669921875,-230.45687866210935,-152.2998809814453,862.4965209960938
87.87887573242188,-83.42707061767578,131.89976501464844,138.09202575683594,-150.14747619628906,1000.0771484375,113.92745971679688,-137.87750244140625,495.733154296875,253.6056060791016,-219.99208068847656,868.0718383789062,-136.2112579345703,37.73579025268555,257.8890380859375,-164.47862243652344,-112.90097045898438,992.1025390625,-156.8988037109375,-192.7217559814453,513.8958740234375,-231.21710205078125,-149.6751708984375,863.8007202148438
87.77411651611328,-73.87393951416016,131.96974182128906,138.50611877441406,-148.04762268066406,1000.0445556640624,113.6724624633789,-130.20068359375,495.5566711425781,253.67660522460935,-226.20111083984372,870.94921875,-136.67355346679688,23.53355407714844,253.5194549560547,-164.26319885253906,-112.03949737548828,993.3975830078124,-156.48635864257812,-199.51780700683597,517.0264282226562,-231.90257263183597,-147.119140625,864.9971923828125
87.65193176269531,-64.32426452636719,132.05172729492188,138.86767578125,-145.93359375,999.8822631835938,113.35618591308594,-122.51765441894533,495.3689270019531,253.52989196777344,-232.27029418945312,873.8245239257812,-137.24771118164062,8.81839370727539,248.38829040527344,-164.09945678710938,-111.17557525634766,994.6008911132812,-155.95481872558594,-205.8309783935547,520.015380859375,-232.5124053955078,-144.62945556640625,866.064208984375
87.5123291015625,-54.780494689941406,132.14178466796875,139.1724395751953,-143.8241729736328,999.5909423828124,112.9992446899414,-114.84937286376952,495.1604919433594,253.1658935546875,-238.18359375,876.6837768554688,-137.91598510742188,-6.399440288543701,242.60699462890625,-163.98916625976562,-110.31072998046876,995.6867065429688,-155.3061981201172,-211.6362762451172,522.8212280273438,-233.04742431640625,-142.2042694091797,866.9820556640625
87.35450744628906,-45.24531555175781,132.23629760742188,139.41683959960938,-141.73641967773438,999.1721801757812,112.61488342285156,-107.22191619873048,494.9231567382813,252.5867156982422,-243.9254913330078,879.5113525390625,-138.656494140625,-22.106943130493164,236.29725646972656,-163.93353271484375,-109.4465789794922,996.6318969726562,-154.54852294921875,-216.90823364257807,525.4049682617188,-233.51025390625,-139.84226989746094,867.7333374023438
87.1768569946289,-35.72138595581055,132.33216857910156,139.5981903076172,-139.6856689453125,998.62841796875,112.20948028564452,-99.66466522216795,494.650146484375,251.7960662841797,-249.48095703125,882.2902221679688,-139.4449005126953,-38.28907775878906,229.58741760253903,-163.93301391601562,-108.5850601196289,997.4161987304688,-153.69691467285156,-221.62229919433597,527.7283935546875,-233.90512084960935,-137.54270935058594,868.3032836914062
86.97718811035156,-26.21109771728516,132.4269256591797,139.7147674560547,-137.68560791015625,997.9627685546876,111.78425598144533,-92.2079849243164,494.3363342285156,250.79920959472656,-254.8354949951172,885.001953125,-140.25619506835938,-54.9279670715332,222.609375,-163.98741149902344,-107.72864532470705,998.0228271484376,-152.77359008789062,-225.75665283203125,529.75439453125,-234.23782348632807,-135.305419921875,868.6798706054688
86.75301361083984,-16.716371536254883,132.51889038085938,139.76580810546875,-135.74835205078125,997.1790161132812,111.33759307861328,-84.88074493408203,493.9786376953125,249.6029357910156,-259.97528076171875,887.627197265625,-141.06614685058594,-72.00069427490234,215.4960784912109,-164.0958709716797,-106.88063049316406,998.438720703125,-151.8067169189453,-229.2943420410156,531.4474487304688,-234.51548767089844,-133.1308135986328,868.8540649414062
86.50199890136719,-7.238645553588867,132.60720825195312,139.75155639648438,-133.8846435546875,996.2815551757812,110.86740112304688,-77.70790100097656,493.5759887695313,248.2154541015625,-264.88720703125,890.1456909179688,-141.8527069091797,-89.47640991210938,208.3791656494141,-164.25697326660156,-106.04534149169922,998.6544799804688,-150.82862854003906,-232.22569274902344,532.7757568359375,-234.74630737304688,-131.01988220214844,868.8198852539062
86.22239685058594,2.2208728790283203,132.69187927246094,139.673095703125,-132.10401916503906,995.2754516601562,110.37318420410156,-70.70861053466797,493.1295166015625,246.6462860107422,-269.55889892578125,892.5368041992188,-142.59686279296875,-107.31327056884766,201.38656616210935,-164.46888732910156,-105.22847747802734,998.6644897460938,-149.87368774414062,-234.55032348632807,533.713134765625,-234.9393615722656,-128.9741668701172,868.5742797851562
85.91358947753906,11.660636901855469,132.7737274169922,139.5322723388672,-130.4150390625,994.166259765625,109.85726165771484,-63.89556121826172,492.6422729492188,244.9062042236328,-273.9788513183594,894.7796630859375,-143.28317260742188,-125.45571899414062,194.6401824951172,-164.7294464111328,-104.4372329711914,998.467041015625,-148.97589111328125,-236.2788543701172,534.2413330078125,-235.10427856445312,-126.99576568603516,868.1175537109375
85.57658386230469,21.07819938659668,132.8545684814453,139.33152770996094,-128.82542419433594,992.9600830078124,109.32527923583984,-57.275489807128906,492.118896484375,243.0070953369141,-278.1364440917969,896.8536987304688,-143.90017700195312,-143.83206176757812,188.25338745117188,-165.03631591796875,-103.6804656982422,998.0643310546876,-148.16673278808594,-237.43405151367188,534.3521118164062,-235.25100708007807,-125.08729553222656,867.45263671875
85.21437072753906,30.469860076904297,132.9374542236328,139.0736541748047,-127.34231567382812,991.6636962890624,108.78606414794922,-50.85040283203125,491.5651550292969,240.96194458007807,-282.02197265625,898.73876953125,-144.44046020507812,-162.3527069091797,182.32818603515625,-165.3870086669922,-102.96868896484376,997.4622802734376,-147.4732666015625,-238.05113220214844,534.049072265625,-235.3895721435547,-123.25188446044922,866.5855712890625
84.8322982788086,39.83055877685547,133.02703857421875,138.76174926757812,-125.97237396240234,990.2843017578124,108.25105285644533,-44.61912155151367,490.9877624511719,238.78463745117188,-285.6266784667969,900.4158325195312,-144.9007110595703,-180.90933227539065,176.95240783691406,-165.77903747558594,-102.31400299072266,996.6707763671876,-146.91685485839844,-238.17755126953125,533.3489379882812,-235.5298767089844,-121.4931869506836,865.5252685546875
84.43806457519531,49.153900146484375,133.1298065185547,138.39889526367188,-124.72191619873048,988.8299560546876,107.7332000732422,-38.57910919189453,490.3941955566406,236.48985290527344,-288.94256591796875,901.8668823242188,-145.28155517578125,-199.3750457763672,172.19647216796875,-166.20994567871094,-101.73007202148438,995.703369140625,-146.5121307373047,-237.8718719482422,532.2819213867188,-235.6815185546875,-119.8153305053711,864.2830200195312
84.04169464111328,58.432159423828125,133.2543487548828,137.9882049560547,-123.59700012207033,987.3092041015624,107.24571990966795,-32.72833633422852,489.7925720214844,234.0930633544922,-291.9626159667969,903.0758056640624,-145.5870819091797,-217.60498046875,168.11026000976562,-166.67738342285156,-101.23197174072266,994.5770874023438,-146.2663116455078,-237.2025451660156,530.890625,-235.8537139892578,-118.2229461669922,862.8729858398438
83.65501403808594,67.65625,133.41140747070312,137.53271484375,-122.60348510742188,985.7313842773438,106.80068969726562,-27.067007064819336,489.1914367675781,231.6102294921875,-294.6804504394531,904.0281982421876,-145.82406616210938,-235.4384613037109,164.72007751464844,-167.17910766601562,-100.83602142333984,993.3125610351562,-146.17869567871094,-236.24609375,529.22802734375,-236.05519104003903,-116.72117614746094,861.3112182617188
83.291015625,76.81562805175781,133.61383056640625,137.03533935546875,-121.74712371826172,984.1065673828124,106.40769958496094,-21.59894561767578,488.5994567871094,229.05784606933597,-297.0904541015625,904.7122192382812,-146.00094604492188,-252.7030487060547,162.026611328125,-167.71302795410156,-100.5595703125,991.9332275390624,-146.24053955078125,-235.0850372314453,527.3544311523438,-236.29415893554688,-115.3156509399414,859.6162719726562
82.96251678466797,85.89839172363281,133.8761444091797,136.49887084960938,-121.0336456298828,982.4458618164062,106.0724639892578,-16.332632064819336,488.0249328613281,226.45266723632807,-299.1875305175781,905.1183471679688,-146.12635803222656,-269.2195129394531,160.00421142578125,-168.2771759033203,-100.42066955566406,990.4652709960938,-146.43539428710938,-233.8053436279297,525.333740234375,-236.5782623291016,-114.01251983642578,857.8084106445312
82.68016815185547,94.89185333251952,134.2138671875,135.92596435546875,-120.46895599365234,980.760986328125,105.79563903808594,-11.281826972961426,487.4750061035156,223.8116607666016,-300.9671630859375,905.2401123046876,-146.2073211669922,-284.8072509765625,158.60179138183594,-168.8696746826172,-100.43768310546876,988.9369506835938,-146.74008178710938,-232.49375915527344,523.2297973632812,-236.9145965576172,-112.81845092773438,855.9093627929688
82.45033264160156,103.7832489013672,134.64280700683594,135.319091796875,-120.05915832519533,979.0646362304688,105.57174682617188,-6.4657721519470215,486.9552307128906,221.1518402099609,-302.4252319335937,905.0739135742188,-146.2474365234375,-299.29022216796875,157.74559020996094,-169.48880004882812,-100.62879943847656,987.3780517578124,-147.1262969970703,-231.23486328125,521.1041870117188,-237.3096466064453,-111.74061584472656,853.9425048828125
82.27384948730469,112.56022644042967,135.17874145507812,134.68045043945312,-119.81056213378906,977.3703002929688,105.38846588134766,-1.908946633338928,486.4688720703125,218.4901123046875,-303.5579833984375,904.6194458007812,-146.2455291748047,-312.5031433105469,157.34344482421875,-170.13290405273438,-101.01140594482422,985.8190307617188,-147.56268310546875,-230.1080780029297,519.0137939453125,-237.76931762695312,-110.78670501708984,851.9318237304688
82.14554595947266,121.21112823486328,135.83743286132812,134.0118865966797,-119.7295379638672,975.6922607421876,105.22635650634766,2.3596062660217285,486.0167846679688,215.84320068359372,-304.36199951171875,903.8795776367188,-146.19517517089844,-324.2981872558594,157.29075622558594,-170.80052185058594,-101.60145568847656,984.2904663085938,-148.0170135498047,-229.18472290039065,517.0097045898438,-238.29888916015625,-109.9648895263672,849.9021606445312
82.05470275878906,129.72509765625,136.63458251953125,133.31468200683594,-119.82231903076172,974.0451049804688,105.05934143066406,6.30725622177124,485.5972290039063,213.2274627685547,-304.8341979980469,902.8604125976562,-146.08529663085938,-334.5517272949219,157.4771270751953,-171.49032592773438,-102.41265106201172,982.8221435546876,-148.45840454101562,-228.5248870849609,515.1355590820312,-238.9029693603516,-109.28380584716795,847.8784790039062
81.98616790771484,138.0919952392578,137.5858917236328,132.5895233154297,-120.09487915039062,972.4440307617188,104.85603332519533,9.898820877075195,485.2062683105469,210.65875244140625,-304.9718322753906,901.5714721679688,-145.90184020996094,-343.1708984375,157.79368591308594,-172.2012481689453,-103.45563507080078,981.4424438476562,-148.859130859375,-228.17459106445312,513.4260864257812,-239.58547973632807,-108.75251770019533,845.8856811523438
81.9222183227539,146.3019256591797,138.70687866210938,131.83631896972656,-120.55268096923828,970.9041748046876,104.5821533203125,13.097451210021973,484.8381958007813,208.15231323242188,-304.77252197265625,900.0252075195312,-145.63037109375,-350.0992736816406,158.14012145996094,-172.9325714111328,-104.73714447021484,980.177734375,-149.196044921875,-228.1634521484375,511.9065856933594,-240.3495178222656,-108.3804168701172,843.9481201171875
81.84468078613281,154.3446502685547,140.01280212402344,131.0542755126953,-121.20042419433594,969.4404907226562,104.203857421875,15.865249633789062,484.4861755371094,205.7226104736328,-304.2343139648437,898.2371826171875,-145.25881958007812,-355.3214416503906,158.4309844970703,-173.68397521972656,-106.25919342041016,979.0517578125,-149.4520721435547,-228.5032958984375,510.5923767089844,-241.19737243652344,-108.17717742919922,842.0892333984375
81.7371826171875,162.20851135253906,141.51858520507812,130.2418670654297,-122.04175567626952,968.0676879882812,103.6916961669922,18.163572311401367,484.1426086425781,203.38319396972656,-303.3558654785156,896.2256469726562,-144.78041076660156,-358.86541748046875,158.60052490234375,-174.45558166503906,-108.01837158203124,978.0856323242188,-149.61758422851562,-229.18780517578125,509.4897155761719,-242.13038635253903,-108.1526336669922,840.3314208984375
81.58698272705078,169.8793487548828,143.23863220214844,129.3970489501953,-123.07879638671876,966.7996826171876,103.0247573852539,19.95307731628418,483.799560546875,201.14651489257807,-302.1363830566406,894.011474609375,-144.19595336914062,-360.8022766113281,158.60525512695312,-175.248046875,-110.00526428222656,977.297119140625,-149.69158935546875,-230.19332885742188,508.596923828125,-243.14889526367188,-108.31665802001952,838.6956176757812
81.38638305664062,177.33901977539062,145.18687438964844,128.51742553710938,-124.31161499023438,965.649658203125,102.1943359375,21.193626403808597,483.4490661621094,199.02377319335935,-300.575927734375,891.61767578125,-143.51559448242188,-361.24261474609375,158.42401123046875,-176.0623779296875,-112.20421600341795,976.700927734375,-149.6827392578125,-231.48081970214844,507.9063720703125,-244.25218200683597,-108.67897033691406,837.2009887695312
81.13341522216797,184.5640106201172,147.37684631347656,127.60057067871094,-125.73762512207033,964.629638671875,101.20662689208984,21.84429931640625,483.0830078125,197.0247344970703,-298.675537109375,889.069091796875,-142.75987243652344,-360.3296508789063,158.05580139160156,-176.8999481201172,-114.5933609008789,976.3082275390624,-149.6098175048828,-232.99899291992188,507.4066467285156,-245.4383544921875,-109.24903106689452,835.8650512695312
80.83192443847656,191.52392578125,149.82196044921875,126.64434051513672,-127.3509292602539,963.7501831054688,100.08403778076172,21.863710403442383,482.6931762695313,195.1576385498047,-296.4373474121094,886.3921508789062,-141.95965576171875,-358.2290954589844,157.5162353515625,-177.7622833251953,-117.14500427246094,976.1265258789062,-149.50161743164062,-234.6884307861328,507.0844421386719,-246.7043609619141,-110.03579711914062,834.7032470703125
80.49112701416016,198.1803131103516,152.53607177734375,125.64724731445312,-129.14173889160156,963.02001953125,98.86487579345705,21.210893630981445,482.271240234375,193.42904663085935,-293.86480712890625,883.6143798828125,-141.15435791015625,-355.1166381835937,156.83261108398438,-178.65086364746094,-119.82646942138672,976.15966796875,-149.3960418701172,-236.48599243164065,506.9259948730469,-248.04591369628903,-111.04755401611328,833.7291259765625
80.12487030029297,204.4858245849609,155.53390502929688,124.60868072509766,-131.09593200683594,962.445556640625,97.60137939453124,19.846694946289062,481.8084106445313,191.84378051757807,-290.962890625,880.76416015625,-140.3883819580078,-351.1637878417969,156.03878784179688,-179.5669403076172,-122.6011199951172,976.407470703125,-149.3380889892578,-238.32884216308597,506.917236328125,-249.45753479003903,-112.291748046875,832.953857421875
79.7506103515625,210.3834228515625,158.83143615722656,123.52921295166016,-133.1947784423828,962.0304565429688,96.35618591308594,17.735692977905273,481.29541015625,190.4049072265625,-287.73828125,877.8699951171875,-139.70603942871094,-346.5250244140625,155.1705322265625,-180.51138305664065,-125.4297332763672,976.8656616210938,-149.37684631347656,-240.15737915039065,507.0433349609375,-250.93251037597656,-113.7747573852539,832.38671875
79.38829803466797,215.8055419921875,162.44541931152344,122.41065979003906,-135.414794921875,961.775146484375,95.19752502441406,14.848447799682615,480.7222900390625,189.1137237548828,-284.19952392578125,874.9605102539062,-139.1460723876953,-341.328125,154.26222229003906,-181.48439025878903,-128.27194213867188,977.5259399414062,-149.56129455566406,-241.9161529541016,507.2872619628906,-252.4629364013672,-115.501708984375,832.034423828125
79.05921936035156,220.6732482910156,166.39199829101562,121.25616455078124,-137.72799682617188,961.6771240234376,94.19342041015624,11.16391944885254,480.0784912109375,187.96987915039065,-280.35723876953125,872.0639038085938,-138.7371368408203,-335.6696472167969,153.34498596191406,-182.4854431152344,-131.08766174316406,978.3758544921876,-149.93557739257812,-243.552734375,507.62799072265625,-254.03976440429688,-117.476318359375,831.901611328125
78.78479766845703,224.89666748046875,170.68470764160156,120.0701141357422,-140.10232543945312,961.73046875,93.40544891357422,6.671751499176025,479.35357666015625,186.97146606445312,-276.22412109375,869.2073974609375,-138.49490356445312,-329.6151733398437,152.44546508789062,-183.5131683349609,-133.8384246826172,979.3993530273438,-150.53395080566406,-245.0145568847656,508.039306640625,-255.65284729003903,-119.70068359375,831.9904174804688
78.5853042602539,228.37722778320312,175.33181762695312,118.85804748535156,-142.50241088867188,961.9266357421876,92.88279724121094,1.3741168975830078,478.5382080078125,186.11517333984372,-271.81524658203125,866.4169311523438,-138.4214324951172,-323.2032470703125,151.5852813720703,-184.56527709960935,-136.4884796142578,980.5772094726562,-151.3765411376953,-246.24513244628903,508.4899597167969,-257.291015625,-122.17510986328124,832.3006591796875
78.47843933105469,231.0121307373047,180.33328247070312,117.62642669677734,-144.89071655273438,962.2546997070312,92.65748596191406,-4.713277816772461,477.6263427734375,185.39651489257807,-267.1478576660156,863.7171020507812,-138.5065155029297,-316.451904296875,150.7808074951172,-185.63856506347656,-139.0056610107422,981.8876342773438,-152.4664764404297,-247.18060302734372,508.9455261230469,-258.9420471191406,-124.89800262451172,832.8297729492188
78.47795867919922,232.69985961914065,185.67755126953125,116.38239288330078,-147.22877502441406,962.7020263671876,92.74147033691406,-11.561213493347168,476.6175537109375,184.81002807617188,-262.2414245605469,861.13037109375,-138.7303009033203,-309.36627197265625,150.04344177246094,-186.72900390625,-141.36187744140625,983.30712890625,-153.78895568847656,-247.74842834472656,509.3715515136719,-260.59283447265625,-127.8656997680664,833.5728759765625
78.59227752685547,233.3465118408203,191.33831787109372,115.13346099853516,-149.4788360595703,963.2550048828124,93.12623596191406,-19.127893447875977,475.519775390625,184.34945678710935,-257.1175231933594,858.67724609375,-139.06634521484375,-301.9462585449219,149.38002014160156,-187.8318023681641,-143.5333251953125,984.8112182617188,-155.31224060058594,-247.86871337890625,509.7372131347656,-262.2294921875,-131.07241821289062,834.5228271484375
78.8231430053711,232.87240600585935,197.27212524414065,113.88719940185548,-151.6053466796875,963.9000244140624,93.78466033935548,-27.36042022705078,474.3514709472656,184.00808715820312,-251.79942321777344,856.3758544921875,-139.48468017578125,-294.19287109375,148.79339599609375,-188.94171142578125,-145.50048828125,986.3754272460938,-156.9905242919922,-247.4584808349609,510.0186767578125,-263.8373413085937,-134.51014709472656,835.6705322265625
79.1644058227539,231.2183380126953,203.41754150390625,112.65086364746094,-153.57667541503906,964.6245727539062,94.67488861083984,-36.196624755859375,473.142822265625,183.77883911132807,-246.3119659423828,854.241943359375,-139.95465087890625,-286.11328125,148.2832489013672,-190.0531463623047,-147.24789428710938,987.9759521484376,-158.76791381835938,-246.43795776367188,510.20159912109375,-265.4012145996094,-138.1687469482422,837.0049438476562
79.60140991210938,228.35108947753903,209.69674682617188,111.43112182617188,-155.3663787841797,965.41748046875,95.74523162841795,-45.56705474853516,471.9359436035156,183.65452575683597,-240.6811065673828,852.2886962890625,-140.44725036621094,-277.72412109375,147.8466339111328,-191.16053771972656,-148.76370239257812,989.5902099609376,-160.5835723876953,-244.73814392089844,510.2818298339844,-266.9055480957031,-142.03587341308594,838.5134887695312
80.1115951538086,224.2677764892578,216.01907348632807,110.2337417602539,-156.95437622070312,966.270263671875,96.9392547607422,-55.39704513549805,470.7835998535156,183.6280059814453,-234.9334716796875,850.5266723632812,-140.93702697753906,-269.0526123046875,147.478515625,-192.2585601806641,-150.0393829345703,991.1975708007812,-162.37730407714844,-242.30838012695312,510.2648010253906,-268.3345947265625,-146.09716796875,840.1822509765625
80.66651153564453,218.9989776611328,222.28610229492188,109.06340026855467,-158.32760620117188,967.1768798828124,98.20018768310548,-65.60882568359375,469.7464904785156,183.69224548339844,-229.09600830078125,848.9639282226562,-141.4032745361328,-260.1348876953125,147.1724395751953,-193.3423309326172,-151.06922912597656,992.7796020507812,-164.09510803222656,-239.12301635742188,510.1632080078125,-269.6726379394531,-150.33642578125,841.996337890625
81.23491668701172,212.60910034179688,228.39743041992188,107.9235610961914,-159.4802703857422,968.134033203125,99.4744644165039,-76.12371826171875,468.8899841308594,183.84043884277344,-223.1955718994141,847.6057739257812,-141.83067321777344,-251.0123291015625,146.92103576660156,-194.4075469970703,-151.8500213623047,994.3201904296876,-165.6941375732422,-235.1864471435547,509.9938049316406,-270.9043884277344,-154.73573303222656,843.940185546875
81.78607177734375,205.1920166015625,234.2556610107422,106.81641387939452,-160.41360473632812,969.1408081054688,100.71435546875,-86.86422729492188,468.2799072265625,184.06591796875,-217.25851440429688,846.4550170898438,-142.20936584472656,-241.72769165039065,146.7167205810547,-195.4506378173828,-152.3808135986328,995.8057250976562,-167.14598083496094,-230.5348052978516,509.7743835449219,-272.0151062011719,-159.2758026123047,845.9978637695312
82.29226684570312,196.8623962402344,239.769287109375,105.74295043945312,-161.13519287109375,970.1981811523438,101.87981414794922,-97.75592803955078,467.9781494140625,184.3622283935547,-211.3103790283203,845.5115966796875,-142.5348663330078,-232.32192993164065,146.55210876464844,-196.46871948242188,-152.6627655029297,997.22509765625,-168.4380340576172,-225.2336883544922,509.5210571289063,-272.99102783203125,-163.9362335205078,848.1533813476562
82.7306137084961,187.74415588378903,244.85337829589844,104.70315551757812,-161.65802001953125,971.3082275390624,102.93954467773438,-108.72888946533205,468.0385437011719,184.72288513183597,-205.3755798339844,844.7728881835938,-142.80770874023438,-222.83164978027344,146.42039489746094,-197.4594573974609,-152.69923400878906,998.5694580078124,-169.57260131835938,-219.3722076416016,509.2469177246094,-273.81951904296875,-168.69577026367188,850.3909301757812
83.08384704589844,177.9589385986328,249.42852783203125,103.69621276855467,-161.99908447265625,972.4732055664062,103.87117767333984,-119.71837615966795,468.5027770996094,185.14144897460935,-199.47720336914065,844.2337036132812,-143.03257751464844,-213.2876434326172,146.31565856933594,-198.42105102539065,-152.49586486816406,999.8321533203124,-170.56387329101562,-213.0545196533203,508.9620056152344,-274.4894104003906,-173.5327606201172,852.6951293945312
83.3404541015625,167.61598205566406,253.4200439453125,102.72093963623048,-162.17800903320312,973.694580078125,104.66062927246094,-130.66493225097656,469.39752197265625,185.6112518310547,-193.6367645263672,843.8860473632812,-143.2172393798828,-203.71421813964844,146.23309326171875,-199.35189819335935,-152.06094360351562,1001.0083618164062,-171.43357849121094,-206.3904266357422,508.6736755371094,-274.9911804199219,-178.42535400390625,855.0510864257812
83.49453735351562,156.80490112304688,256.7578430175781,101.7760772705078,-162.21559143066406,974.97216796875,105.30069732666016,-141.51394653320312,470.7323303222656,186.1253967285156,-187.8741607666016,843.7196044921875,-143.37094116210938,-194.12950134277344,146.16896057128906,-200.25051879882807,-151.40557861328125,1002.0948486328124,-172.20606994628906,-199.486083984375,508.38763427734375,-275.3171081542969,-183.3518829345703,857.444580078125
83.54595184326172,145.59178161621094,259.37750244140625,100.8607940673828,-162.13233947753906,976.3032836914062,105.78914642333984,-152.21481323242188,472.4993591308594,186.6766357421875,-182.2075042724609,843.7215576171875,-143.50311279296875,-184.54620361328125,146.12062072753906,-201.115234375,-150.54397583007812,1003.0897216796876,-172.9038543701172,-192.4361114501953,508.10931396484375,-275.4614562988281,-188.29119873046875,859.8622436523438
83.50064086914062,134.01841735839844,261.2219543457031,99.9749755859375,-161.94735717773438,977.6824340820312,106.1266860961914,-162.7198944091797,474.6740417480469,187.25733947753903,-176.6532440185547,843.8770141601562,-143.62225341796875,-174.9727783203125,146.08642578125,-201.9440460205078,-149.49337768554688,1003.9920043945312,-173.54417419433594,-185.31765747070312,507.844970703125,-275.4205322265625,-193.22288513183597,862.2911376953125
83.37040710449219,122.10478973388672,262.2432861328125,99.11955261230467,-161.67739868164062,979.1007080078124,106.31514739990234,-172.98374938964844,477.2173767089844,187.85952758789065,-171.22605895996094,844.1688232421875,-143.73516845703125,-165.4146728515625,146.06552124023438,-202.7344665527344,-148.2738494873047,1004.8012084960938,-174.1375732421875,-178.1868133544922,507.6022338867188,-275.19268798828125,-198.1274871826172,864.7192993164062
83.1718521118164,109.85333251953124,262.4045104980469,98.29672241210938,-161.33636474609375,980.546142578125,106.35609436035156,-182.96250915527344,480.0786743164063,188.47483825683597,-165.93896484375,844.5782470703125,-143.84661865234375,-155.8753204345703,146.0575408935547,-203.4834442138672,-146.90789794921875,1005.517333984375,-174.68821716308594,-171.07763671875,507.3900146484375,-274.77838134765625,-202.98675537109372,867.1351318359375
82.92462158203125,97.25415802001952,261.6807861328125,97.5100555419922,-160.93502807617188,982.0037231445312,106.25006103515624,-192.6136016845703,483.1993103027344,189.0946350097656,-160.80335998535156,845.0848388671875,-143.95956420898438,-146.35694885253906,146.06227111816406,-204.187255859375,-145.4198760986328,1006.1401977539062,-175.19580078125,-164.00360107421875,507.2175598144531,-274.17999267578125,-207.78375244140625,869.527587890625
82.64984130859375,84.28946685791016,260.0606994628906,96.76444244384766,-160.48130798339844,983.4559326171876,105.99639892578124,-201.8955841064453,486.5163879394531,189.7100830078125,-155.82907104492188,845.6671142578125,-144.07546997070312,-136.86073303222656,146.07943725585938,-204.84161376953125,-143.83534240722656,1006.6697998046876,-175.65821838378906,-156.96157836914062,507.0930786132813,-273.4018859863281,-212.5029296875,871.8857421875
82.36896514892578,70.93685913085938,257.5477600097656,96.06597137451172,-159.98069763183594,984.88330078125,105.59375762939452,-210.76808166503903,489.9658508300781,190.31236267089844,-151.02444458007812,846.3026733398438,-144.19485473632812,-127.38679504394533,146.1084747314453,-205.44171142578125,-142.18019104003906,1007.1058349609376,-176.07373046875,-149.9376678466797,507.022216796875,-272.4500732421875,-217.13031005859372,874.198974609375
82.10299682617188,57.17179870605469,254.16213989257807,95.42166900634766,-159.43679809570312,986.2650146484376,105.04095458984376,-219.19190979003903,493.48541259765625,190.89273071289065,-146.39639282226562,846.9686889648438,-144.31768798828125,-117.93399810791016,146.14859008789062,-205.98243713378903,-140.47970581054688,1007.4481201171876,-176.4423065185547,-142.91392517089844,507.007080078125,-271.33221435546875,-221.6533660888672,876.4566650390625
81.87150573730469,42.96941757202149,249.94178771972656,94.83907318115234,-158.85191345214844,987.5796508789062,104.33811950683594,-227.12918090820312,497.01568603515625,191.4427795410156,-141.95050048828125,847.642333984375,-144.44354248046875,-108.50006866455078,146.19874572753906,-206.4585876464844,-138.75775146484375,1007.6962280273438,-176.76565551757812,-135.87435913085938,507.0458068847656,-270.0572509765625,-226.0611724853516,878.6478881835938
81.69153594970703,28.30590057373047,244.9430084228516,94.32584381103516,-158.22752380371094,988.8056030273438,103.4879150390625,-234.5438537597656,500.5011291503906,191.9546356201172,-137.69110107421875,848.3010864257812,-144.5718231201172,-99.0819854736328,146.25784301757812,-206.86509704589844,-137.03585815429688,1007.849853515625,-177.04656982421875,-128.8094940185547,507.1332092285156,-268.63543701171875,-230.34429931640625,880.7615356445312
81.57647705078125,13.159632682800291,239.2401580810547,93.88924407958984,-157.5648956298828,989.9219970703124,102.49665069580078,-241.40206909179688,503.8896789550781,192.421142578125,-133.62139892578125,848.923095703125,-144.70172119140625,-89.67646026611328,146.3247833251953,-207.19732666015625,-135.33274841308594,1007.9086303710938,-177.28781127929688,-121.718994140625,507.26165771484375,-267.0779724121094,-234.49464416503903,882.7861328125
81.53523254394531,-2.487412929534912,232.92486572265625,93.53568267822266,-156.86566162109375,990.908935546875,101.37508392333984,-247.6727294921875,507.13232421875,192.8360595703125,-129.74354553222656,849.4876708984375,-144.83218383789062,-80.28035736083984,146.39862060546875,-207.4513397216797,-133.66416931152344,1007.8724365234376,-177.4911651611328,-114.61222076416016,507.42193603515625,-265.39697265625,-238.50537109375,884.709716796875
81.57176208496094,-18.64803123474121,226.1041717529297,93.270263671875,-156.13230895996094,991.748046875,100.13890838623048,-253.3283233642578,510.1824645996094,193.1942901611328,-126.05880737304688,849.9755249023438,-144.96180725097656,-70.89098358154297,146.4786376953125,-207.62417602539065,-132.04290771484375,1007.7410888671876,-177.65689086914062,-107.5074462890625,507.6042175292969,-263.60516357421875,-242.37066650390625,886.5200805664062
81.68535614013672,-35.32804870605469,218.8981170654297,93.09638214111328,-155.3686981201172,992.4229125976562,98.8087158203125,-258.34600830078125,512.9957275390625,193.49200439453125,-122.5675811767578,850.3690185546875,-145.08883666992188,-61.50624465942383,146.5643310546875,-207.7139587402344,-130.47898864746094,1007.5145263671876,-177.78378295898438,-100.42965698242188,507.7987365722656,-261.71588134765625,-246.085693359375,888.2046508789062
81.8714599609375,-52.524845123291016,211.4362030029297,93.01551818847656,-154.58029174804688,992.9192504882812,97.40949249267578,-262.70867919921875,515.52978515625,193.726806640625,-119.26956176757812,850.6524658203125,-145.2111358642578,-52.124732971191406,146.65557861328125,-207.7201232910156,-128.97987365722656,1007.1925659179688,-177.86962890625,-93.40782928466795,507.9961853027344,-259.74285888671875,-249.6463928222656,889.7506713867188
82.12313079833984,-70.22610473632812,203.8534698486328,93.02706146240234,-153.77444458007812,993.2255249023438,95.9696273803711,-266.40643310546875,517.7454223632812,193.89776611328125,-116.16378784179688,850.812255859375,-145.32632446289062,-42.745853424072266,146.7526092529297,-207.643310546875,-127.550537109375,1006.7750854492188,-177.9121856689453,-86.47180938720703,508.1879577636719,-257.699951171875,-253.0494842529297,891.1454467773438
82.43207550048828,-88.40817260742188,196.2864227294922,93.12840270996094,-152.96031188964844,993.3330688476562,94.51956176757812,-269.4376220703125,519.6071166992188,194.0055084228516,-113.2487564086914,850.8368530273438,-145.43191528320312,-33.36994552612305,146.85617065429688,-207.4854431152344,-126.19376373291016,1006.261962890625,-177.91018676757812,-79.6493911743164,508.3661193847656,-255.60113525390625,-256.2922668457031,892.376708984375
82.78923034667969,-107.03334045410156,188.8694000244141,93.3150634765625,-152.14892578125,993.2365112304688,93.09017181396484,-271.81011962890625,521.0847778320312,194.0522003173828,-110.52252197265624,850.71728515625,-145.52565002441406,-23.998449325561523,146.96755981445312,-207.2494964599609,-124.91046142578124,1005.6533203125,-177.86453247070312,-72.96385192871094,508.523193359375,-253.4602813720703,-259.37255859375,893.4325561523438
83.18496704101562,-126.04650115966795,181.7308349609375,93.58098602294922,-151.35293579101562,992.933837890625,91.71104431152344,-273.5424194335937,522.1552734375,194.0416412353516,-107.98284149169922,850.4465942382812,-145.6055908203125,-14.634073257446287,147.0886993408203,-206.9394073486328,-123.70036315917967,1004.9495239257812,-177.7788543701172,-66.4324722290039,508.6521606445313,-251.29107666015625,-262.2885131835937,894.3019409179688
83.60908508300781,-145.37196350097656,174.98976135253906,93.91888427734376,-150.58648681640625,992.4266967773438,90.40892791748048,-274.6641845703125,522.8040771484375,193.9791412353516,-105.62730407714844,850.0205078125,-145.67039489746094,-5.281129837036133,147.22222900390625,-206.5599670410156,-122.56272888183594,1004.1513671875,-177.65965270996094,-60.0665283203125,508.7461853027344,-249.10693359375,-265.0386047363281,894.97509765625
84.05049133300781,-164.91127014160156,168.75222778320312,94.32066345214844,-149.8649444580078,991.7205810546876,89.20639038085938,-275.21697998046875,523.0269775390625,193.8715667724609,-103.45346069335938,849.4367065429688,-145.7191925048828,4.054131984710693,147.371337890625,-206.1165313720703,-121.49697875976562,1003.260498046875,-177.51568603515625,-53.87275695800781,508.7987976074219,-246.92091369628903,-267.621337890625,895.4437255859375
84.49707794189453,-184.54241943359372,163.10794067382812,94.77783966064452,-149.20469665527344,990.8245849609376,88.12078857421875,-275.2539978027344,522.8310546875,193.7271881103516,-101.45895385742188,848.695556640625,-145.75169372558594,13.363332748413086,147.53988647460938,-205.6149139404297,-120.50325775146484,1002.2793579101562,-177.35682678222656,-47.85551071166992,508.8040466308594,-244.7458038330078,-270.03521728515625,895.7012939453125
84.9357681274414,-204.12042236328125,158.1268768310547,95.28194427490234,-148.62286376953125,989.7515258789062,87.1635971069336,-274.8393249511719,522.2353515625,193.5557098388672,-99.64166259765624,847.7993774414062,-145.76812744140625,22.636024475097656,147.73231506347656,-205.06118774414065,-119.58285522460938,1001.2113037109376,-177.19244384765625,-42.01921844482422,508.7568359375,-242.5939483642578,-272.2785949707031,895.74365234375
85.35298919677734,-223.4795684814453,153.85633850097656,95.82492065429688,-148.13705444335938,988.5177001953124,86.34009552001953,-274.04669189453125,521.2705688476562,193.3679962158203,-97.99979400634766,846.7528686523438,-145.7692413330078,31.860027313232425,147.9537811279297,-204.46144104003903,-118.73848724365234,1000.06103515625,-177.02976989746094,-36.370635986328125,508.6532287597656,-240.47732543945312,-274.3495483398437,895.5689086914062
85.73516845703125,-242.4368896484375,150.3184051513672,96.39942932128906,-147.76512145996094,987.142822265625,85.64949798583984,-272.9578857421875,519.9780883789062,193.1760711669922,-96.53203582763672,845.56298828125,-145.75625610351562,41.022010803222656,148.21023559570312,-203.82171630859372,-117.97447204589844,998.834228515625,-176.8724365234375,-30.92058753967285,508.4906311035156,-238.4075164794922,-276.2457275390625,895.1780395507812
86.06919860839844,-260.7965393066406,147.5083770751953,96.99907684326172,-147.52490234375,985.6494140625,85.08534240722656,-271.6606750488281,518.4083251953125,192.9928436279297,-95.23762512207033,844.2385864257812,-145.73065185546875,50.10818862915039,148.5088653564453,-203.14776611328125,-117.2967758178711,997.5379028320312,-176.71923828125,-25.68502426147461,508.2679138183594,-236.3956451416016,-277.9643859863281,894.5748901367188
86.34288787841797,-278.3548889160156,145.39437866210938,97.6186752319336,-147.4339599609375,984.0625,84.63628387451172,-270.246337890625,516.618408203125,192.83189392089844,-94.11644744873048,842.7906494140625,-145.6940460205078,59.10496520996094,148.85821533203125,-202.4449462890625,-116.71285247802734,996.1803588867188,-176.5634765625,-20.6852970123291,507.9853210449219,-234.4523468017578,-279.502197265625,893.7662353515625
86.54534149169922,-294.9065246582031,143.9185791015625,98.2542953491211,-147.50933837890625,982.4090576171876,84.28714752197266,-268.8069152832031,514.669677734375,192.70730590820312,-93.16915130615234,841.2320556640625,-145.6479949951172,67.99932861328125,149.268310546875,-201.71807861328125,-116.23148345947266,994.77099609375,-176.392822265625,-15.947819709777832,507.6445617675781,-232.58773803710935,-280.8553161621094,892.7619018554688
86.66765594482422,-310.2516174316406,143.0001983642578,98.9033660888672,-147.76708984375,980.7174072265624,84.02021789550781,-267.4322509765625,512.6248168945312,192.6333465576172,-92.3971710205078,839.5774536132812,-145.5937042236328,76.7789535522461,149.7508544921875,-200.97142028808597,-115.8625946044922,993.3204956054688,-176.18960571289062,-11.503162384033203,507.2485046386719,-230.81130981445312,-282.0193176269531,891.57470703125
86.703125,-324.2032775878906,142.54013061523438,99.56462097167967,-148.2218780517578,979.0167236328124,83.81675720214844,-266.2068786621094,510.5456237792969,192.62429809570312,-91.80284118652344,837.8430786132812,-145.5318145751953,85.43202209472656,150.3191680908203,-200.20852661132807,-115.6170654296875,991.8405151367188,-175.93185424804688,-7.38474702835083,506.8013916015625,-229.1318206787109,-282.9892883300781,890.2201538085938
86.64752197265625,-336.5946350097656,142.42718505859375,100.2380599975586,-148.88638305664062,977.3364868164062,83.65853881835938,-265.2069702148437,508.4904174804688,192.6941375732422,-91.38938903808594,836.046875,-145.46217346191406,93.94686126708984,150.9882354736328,-199.4322662353516,-115.50660705566406,990.3436889648438,-175.59466552734375,-3.627443313598633,506.3086853027344,-227.55731201171875,-283.75994873046875,888.7164306640625
86.49977111816406,-347.28643798828125,142.54608154296875,100.9248275756836,-149.7707061767578,975.705810546875,83.52940368652344,-264.4971618652344,506.5124816894531,192.8563232421875,-91.16102600097656,834.2080078125,-145.38372802734375,102.3116226196289,151.7742919921875,-198.64476013183597,-115.54354095458984,988.8432006835938,-175.15219116210938,-0.2663439512252807,505.7773132324219,-226.0948486328125,-284.3255920410156,887.0836791992188
86.26283264160156,-356.17486572265625,142.78579711914062,101.62714385986328,-150.8817596435547,974.1531372070312,83.41664123535156,-264.1273498535156,504.6580505371094,193.12353515625,-91.12287902832033,832.3466186523438,-145.29481506347656,110.51372528076172,152.69435119628906,-197.8473358154297,-115.74044799804688,987.3531494140624,-174.57977294921875,2.6640753746032715,505.2156677246094,-224.7505798339844,-284.6804504394531,885.3441772460938
85.94439697265625,-363.1987609863281,143.0478057861328,102.3481216430664,-152.2227020263672,972.705810546875,83.31217956542969,-264.1304016113281,502.9653625488281,193.5074462890625,-91.28105926513672,830.4840698242188,-145.1935577392578,118.5392074584961,153.76544189453125,-197.04055786132807,-116.10973358154295,985.8877563476562,-173.85633850097656,5.13036584854126,504.6332702636719,-223.52952575683597,-284.8187255859375,883.5214233398438
85.5571517944336,-368.3453063964844,143.25262451171875,103.0916519165039,-153.7924346923828,971.3897705078124,83.21354675292969,-264.520263671875,501.46337890625,194.0185089111328,-91.64256286621094,828.6422119140625,-145.07850646972656,126.37165069580078,155.004150390625,-196.2241058349609,-116.66307067871094,984.46142578125,-172.96676635742188,7.100156784057617,504.0403747558594,-222.4355926513672,-284.7348022460937,881.639892578125
85.11854553222656,-371.6531066894531,143.34393310546875,103.86216735839844,-155.58511352539062,970.2288818359376,83.12451934814453,-265.2914428710937,500.1717529296875,194.6657257080078,-92.2152328491211,826.8432006835938,-144.94921875,133.99105834960938,156.42625427246094,-195.39694213867188,-117.4105987548828,983.0885620117188,-171.9041290283203,8.541945457458496,503.4471130371094,-221.4713897705078,-284.4234924316406,879.7244873046875
84.650146484375,-373.2117919921875,143.28945922851562,104.6644058227539,-157.5899658203125,969.2451171875,83.05555725097656,-266.419677734375,499.1010437011719,195.4565277099609,-93.0075912475586,825.1095581054688,-144.8066864013672,141.37266540527344,158.0468292236328,-194.557373046875,-118.36005401611328,981.7833862304688,-170.6714630126953,9.424822807312012,502.8627014160156,-220.63829040527344,-283.8801574707031,877.800048828125
84.17638397216797,-373.1572570800781,143.0786590576172,105.50313568115234,-159.79116821289062,968.457763671875,83.02388763427734,-267.8634948730469,498.2537841796875,196.3965301513672,-94.02864837646484,823.46337890625,-144.65353393554688,148.48561096191406,159.8803253173828,-193.7032012939453,-119.51575469970705,980.559326171875,-169.28289794921875,9.718340873718262,502.2944946289063,-219.9363250732422,-283.1010437011719,875.8909301757812
83.72305297851562,-371.6629943847656,142.7176055908203,106.38285064697266,-162.16799926757812,967.88330078125,83.0531005859375,-269.56689453125,497.6259460449219,197.4895172119141,-95.2876968383789,821.926513671875,-144.49417114257812,155.29171752929688,161.94082641601562,-192.83204650878903,-120.87754821777344,979.4293212890624,-167.76402282714844,9.39270305633545,501.7472534179688,-219.36419677734372,-282.0833435058594,874.0206298828125
83.31565856933594,-368.9273376464844,142.2230682373047,107.30742645263672,-164.69520568847656,967.53466796875,83.17227935791016,-271.46258544921875,497.2081604003906,198.7372283935547,-96.7940673828125,820.5198974609375,-144.33456420898438,161.7442626953125,164.24215698242188,-191.9414978027344,-122.43978118896484,978.4050903320312,-166.15133666992188,8.419378280639648,501.2224426269531,-218.9193878173828,-280.8255310058594,872.2111206054688
82.97759246826172,-365.1574401855469,141.61724853515625,108.27975463867188,-167.34375,967.4212036132812,83.41441345214844,-273.4752502441406,496.9869995117188,200.13934326171875,-98.5568618774414,819.2634887695312,-144.18212890625,167.78721618652344,166.7980499267578,-191.0293884277344,-124.19049072265624,977.4970092773438,-164.49087524414062,6.772127628326416,500.7177734375,-218.59811401367188,-279.3273620605469,870.4827880859375
82.7282485961914,-360.55279541015625,140.92430114746094,109.30144500732422,-170.08164978027344,967.547607421875,83.8140869140625,-275.5247802734375,496.9454345703125,201.69342041015625,-100.58468627929688,818.1756591796875,-144.0452880859375,173.35528564453125,169.6224365234375,-190.0939483642578,-126.11087799072266,976.7139892578124,-162.83627319335938,4.428343296051025,500.2267456054688,-218.39552307128903,-277.5903015136719,868.8541259765625
82.58085632324219,-355.2904663085937,140.1685333251953,110.37255859375,-172.8749542236328,967.9140625,84.40438079833984,-277.5287475585937,497.0628662109375,203.39495849609372,-102.88542175292967,817.2732543945312,-143.9327392578125,178.37452697753906,172.72987365722656,-189.13394165039065,-128.17527770996094,976.0628051757812,-161.24581909179688,1.3705732822418213,499.73834228515625,-218.30577087402344,-275.6173400878906,867.34130859375
82.54093933105469,-349.51513671875,139.37388610839844,111.49144744873048,-175.68878173828125,968.5154418945312,85.21305084228516,-279.40411376953125,497.3148498535156,205.23733520507807,-105.46595001220705,816.5709838867188,-143.85250854492188,182.76364135742188,176.135498046875,-188.1487274169922,-130.3516845703125,975.5481567382812,-159.77890014648438,-2.4119269847869877,499.2368469238281,-218.3221740722656,-273.413330078125,865.9580688476562
82.60566711425781,-343.3351745605469,138.5634765625,112.65467834472656,-178.48826599121094,969.3416137695312,86.25848388671875,-281.0684509277344,497.67291259765625,207.2119598388672,-108.33193969726562,816.0813598632812,-143.81097412109375,186.4358673095703,179.85479736328125,-187.13833618164065,-132.6025390625,975.1723022460938,-158.4914093017578,-6.921798229217529,498.7023620605469,-218.43736267089844,-270.9849853515625,864.715576171875
82.76444244384766,-336.8231201171875,137.75868225097656,113.85706329345705,-181.23941040039065,970.3776245117188,87.54582214355469,-282.4403686523437,498.1047973632813,209.3083648681641,-111.4876480102539,815.814208984375,-143.81155395507812,189.3018493652344,183.90257263183597,-186.10357666015625,-134.8859100341797,974.935302734375,-157.43069458007812,-12.152485847473145,498.1122741699219,-218.64341735839844,-268.3408203125,863.6223754882812
83.00067901611328,-330.02001953125,136.97830200195312,115.0918426513672,-183.9098052978516,971.6038208007812,89.06432342529297,-283.4403381347656,498.5760192871094,211.51426696777344,-114.9357452392578,815.7767944335938,-143.85372924804688,191.2734375,188.29087829589844,-185.0461883544922,-137.1568603515625,974.834716796875,-156.6305694580078,-18.087615966796875,497.4443664550781,-218.93209838867188,-265.4912109375,862.6842041015625
83.29432678222656,-322.9422912597656,136.23793029785156,116.3509750366211,-186.46923828125,972.9970703125,90.78644561767578,-283.99176025390625,499.0521240234375,213.81576538085935,-118.67711639404295,815.9732666015625,-143.93228149414062,192.2681579589844,193.0259552001953,-183.96890258789065,-139.36911010742188,974.8663940429688,-156.10716247558594,-24.70096206665039,496.6808776855469,-219.294921875,-262.4481506347656,861.9041748046875
83.62435150146484,-315.5902709960937,135.54946899414062,117.62557983398438,-188.88999938964844,974.5311279296876,92.66915893554688,-284.0229187011719,499.5010986328125,216.1975860595703,-122.71077728271484,816.4050903320312,-144.03712463378906,192.2147521972656,198.1046142578125,-182.87533569335935,-141.47689819335938,975.024658203125,-155.85682678222656,-31.95710182189941,495.8135986328125,-219.7233123779297,-259.2252502441406,861.2827758789062
83.97075653076172,-307.95721435546875,134.92100524902344,118.90644073486328,-191.1470947265625,976.1779174804688,94.65721130371094,-283.4697265625,499.8959045410156,218.6431427001953,-127.03382110595705,817.0709228515625,-144.15396118164062,191.05870056152344,203.5105133056641,-181.77001953125,-143.43722534179688,975.302734375,-155.85655212402344,-39.812686920166016,494.8485412597656,-220.2087860107422,-255.83740234375,860.8180541992188
84.3157730102539,-300.036865234375,134.35696411132812,120.18449401855467,-193.2184295654297,977.9085693359376,96.68791198730467,-282.279296875,500.21575927734375,221.13494873046875,-131.64137268066406,817.966552734375,-144.265380859375,188.7671661376953,209.2113342285156,-180.65802001953125,-145.21202087402344,975.6935424804688,-156.06692504882812,-48.21816635131836,493.8095703125,-220.74301147460935,-252.30056762695312,860.5056762695312
84.64464569091797,-291.82928466796875,133.85850524902344,121.45133209228516,-195.0847930908203,979.694091796875,98.69670104980467,-280.41375732421875,500.4469299316406,223.65475463867188,-136.52651977539062,819.0855712890625,-144.3524932861328,185.3327178955078,215.15728759765625,-179.5447540283203,-146.77008056640625,976.190185546875,-156.4371795654297,-57.11967849731445,492.7398071289063,-221.3179168701172,-248.63157653808597,860.3394165039062
84.94599914550781,-283.34442138671875,133.4239959716797,122.69960021972656,-196.72982788085935,981.5064697265624,100.62279510498048,-277.8536376953125,500.58245849609375,226.18382263183597,-141.6803741455078,820.4193725585938,-144.39695739746094,180.77493286132807,221.2812957763672,-178.43557739257812,-148.08853149414062,976.7864379882812,-156.9113006591797,-66.46070098876953,491.7001037597656,-221.92579650878903,-244.8478240966797,860.311279296875
85.21192932128906,-274.6030578613281,133.0496368408203,123.92339324951172,-198.13999938964844,983.3189697265624,102.4142608642578,-274.6003723144531,500.6217346191406,228.7032928466797,-147.09197998046875,821.957763671875,-144.38330078125,175.13970947265625,227.500732421875,-177.33551025390625,-149.1537322998047,977.4773559570312,-157.43411254882812,-76.18315887451172,490.7648315429688,-222.5592803955078,-240.9671173095703,860.41162109375
85.43780517578125,-265.6354064941406,132.73013305664062,125.11846160888672,-199.30450439453125,985.1067504882812,104.0320053100586,-270.67694091796875,500.569580078125,231.1943206787109,-152.74842834472656,823.6890869140625,-144.301025390625,168.49560546875,233.72007751464844,-176.2490234375,-149.96160888671875,978.2590942382812,-157.95651245117188,-86.22772216796875,490.0153503417969,-223.21145629882807,-237.00738525390625,860.6295776367188
85.62200927734375,-256.4779052734375,132.4593048095703,126.28234100341795,-200.2152099609375,986.8471069335938,105.45223236083984,-266.12701416015625,500.4353637695313,233.6384429931641,-158.6349639892578,825.6008911132812,-144.1461944580078,160.92738342285156,239.8338623046875,-175.17990112304688,-150.5173797607422,979.1288452148438,-158.43919372558594,-96.53351593017578,489.5320434570313,-223.8758544921875,-232.9863739013672,860.9533081054688
85.76559448242188,-247.1698303222656,132.23069763183594,127.41431427001952,-200.8665771484375,988.519775390625,106.66710662841795,-261.0115966796875,500.231689453125,236.01779174804688,-164.73501586914062,827.68017578125,-143.92196655273438,152.52792358398438,245.7291259765625,-174.13124084472656,-150.83485412597656,980.08447265625,-158.85427856445312,-107.03723907470705,489.3862609863281,-224.5464324951172,-228.92144775390625,861.3701171875
85.87183380126953,-237.74986267089844,132.03790283203125,128.51527404785156,-201.2554168701172,990.1068115234376,107.68342590332033,-255.40426635742188,499.9732055664063,238.31529235839844,-171.03038024902344,829.9136352539062,-143.63778686523438,143.3902130126953,251.28753662109372,-173.10556030273438,-150.9352264404297,981.1239013671876,-159.18508911132812,-117.67218780517578,489.6334533691406,-225.21755981445312,-224.8292694091797,861.8666381835938
85.9455795288086,-228.2537078857422,131.87501525878906,129.5873565673828,-201.380859375,991.5927734375,108.51935577392578,-249.3851776123047,499.67523193359375,240.51487731933597,-177.50128173828125,832.287841796875,-143.30758666992188,133.6013641357422,256.3881225585937,-172.10491943359375,-150.84547424316406,982.2442016601562,-159.4249725341797,-128.36798095703125,490.3081665039063,-225.8838806152344,-220.7257232666016,862.4288940429688
85.99252319335938,-218.7123565673828,131.73690795898438,130.63372802734375,-201.2442626953125,992.9646606445312,109.19996643066406,-243.03512573242188,499.3524475097656,242.6016082763672,-184.1265869140625,834.7896728515625,-142.94708251953125,123.2393798828125,260.91192626953125,-171.1310272216797,-150.59654235839844,983.4410400390624,-159.57550048828125,-139.05128479003906,491.4216918945313,-226.5402984619141,-216.62564086914065,863.0426025390625
86.01839447021484,-209.15110778808597,131.61941528320312,131.6580352783203,-200.84939575195312,994.2119140625,109.75244140625,-236.43019104003903,499.0178833007813,244.56182861328125,-190.8839263916016,837.4061279296875,-142.5711669921875,112.37255859375,264.7480773925781,-170.1854248046875,-150.22129821777344,984.7080078125,-159.64414978027344,-149.64724731445312,492.96234130859375,-227.18191528320312,-212.5427703857422,863.6930541992188
86.02822875976562,-199.58941650390625,131.51937866210938,132.66409301757812,-200.20257568359372,995.3262329101562,110.20194244384766,-229.6378326416016,498.6819763183594,246.38323974609372,-197.74981689453125,840.1246337890625,-142.1919403076172,101.0600128173828,267.8001708984375,-169.26959228515625,-149.752685546875,986.0360107421876,-159.641357421875,-160.08132934570312,494.8976440429688,-227.8038787841797,-208.4897308349609,864.3653564453125
86.02587127685547,-190.0411071777344,131.434814453125,133.6553955078125,-199.31298828125,996.30126953125,110.56890106201172,-222.7144470214844,498.3519592285156,248.05490112304688,-204.69993591308597,842.932861328125,-141.8179931640625,89.35255432128906,269.9918212890625,-168.3850860595703,-149.22189331054688,987.4130249023438,-159.57749938964844,-170.2812957763672,497.1781921386719,-228.40147399902344,-204.4780120849609,865.0444946289062
86.01360321044922,-180.51487731933597,131.3646697998047,134.63465881347656,-198.1927490234375,997.1329345703124,110.8685302734375,-215.7043609619141,498.0317687988281,249.56723022460935,-211.70916748046875,845.8186645507812,-141.45492553710938,77.29280853271484,271.269775390625,-167.53359985351562,-148.65684509277344,988.824462890625,-159.45999145507812,-180.17938232421875,499.7424926757813,-228.97000122070312,-200.5179748535156,865.7153930664062
85.9921875,-171.0149383544922,131.30877685546875,135.60342407226562,-196.85693359375,997.8189086914062,111.11223602294922,-208.6400146484375,497.7221984863281,250.91195678710935,-218.7519073486328,848.7700805664062,-141.1063690185547,64.91498565673828,271.6051025390625,-166.71702575683594,-148.08103942871094,990.2529296875,-159.29086303710938,-189.71456909179688,502.52239990234375,-229.50491333007807,-196.61895751953125,866.3630981445312
85.9610595703125,-161.54165649414062,131.26739501953125,136.56158447265625,-195.3232421875,998.3585815429688,111.31009674072266,-201.54296875,497.4214782714844,252.08209228515625,-225.80224609375,851.775146484375,-140.7748565673828,52.24441146850586,270.9922790527344,-165.9375,-147.5128631591797,991.679443359375,-159.06527709960938,-198.8343811035156,505.4484558105469,-230.00177001953125,-192.78936767578125,866.97265625
85.91875457763672,-152.09239196777344,131.2410430908203,137.5072784423828,-193.6116485595703,998.753173828125,111.47300720214844,-194.42562866210935,497.1257934570313,253.07174682617188,-232.83409118652344,854.8217163085938,-140.46278381347656,39.29695510864258,269.4465026855469,-165.1973114013672,-146.96527099609375,993.0836181640624,-158.77114868164062,-207.49571228027344,508.4543151855469,-230.45640563964844,-189.03677368164065,867.52978515625
85.8632583618164,-142.66256713867188,131.23019409179688,138.43670654296875,-191.7440643310547,999.0054321289062,111.61338806152344,-187.29342651367188,496.8302307128906,253.87612915039065,-239.82147216796875,857.8974609375,-140.17333984375,26.078388214111328,267.000732421875,-164.49887084960938,-146.4459228515625,994.44482421875,-158.39039611816406,-215.6648406982422,511.4798278808594,-230.8650054931641,-185.3680419921875,868.0203857421875
85.79237365722656,-133.24668884277344,131.23507690429688,139.34432983398438,-189.7440490722656,999.1192016601562,111.74394989013672,-180.1475372314453,496.5292663574219,254.49142456054688,-246.7386779785156,860.9895629882812,-139.9110107421875,12.583887100219728,263.702392578125,-163.84469604492188,-145.9576873779297,995.7426147460938,-157.90171813964844,-223.3168487548828,514.4722290039062,-231.2241973876953,-181.7894744873047,868.4313354492188
85.70398712158203,-123.8391342163086,131.2555694580078,140.22314453125,-187.63641357421875,999.0996704101562,111.87501525878906,-172.9873504638672,496.2174987792969,254.9147491455078,-253.56040954589844,864.0848388671875,-139.68194580078125,-1.2021540403366089,259.6106262207031,-163.23727416992188,-145.4993438720703,996.9573974609376,-157.28440856933594,-230.43492126464844,517.3856201171875,-231.53128051757807,-178.30686950683594,868.750244140625
85.59635162353516,-114.4347152709961,131.29103088378906,141.0650634765625,-185.4469451904297,998.9525146484376,112.0116958618164,-165.81272888183594,495.8901672363281,255.14410400390625,-260.2620544433594,867.1694946289062,-139.4936981201172,-15.305634498596191,254.794189453125,-162.6790008544922,-145.06655883789062,998.0709838867188,-156.5220489501953,-237.00852966308597,520.1791381835938,-231.7842712402344,-174.9257354736328,868.9660034179688
85.46821594238281,-105.02904510498048,131.3401641845703,141.8614959716797,-183.2019195556641,998.6839599609376,112.1519546508789,-158.62596130371094,495.54345703125,255.1784210205078,-266.8197021484375,870.2291259765625,-139.35443115234375,-29.76095199584961,249.3305511474609,-162.172119140625,-144.65293884277344,999.0667724609376,-155.60537719726562,-243.0312957763672,522.8154907226562,-231.98204040527344,-171.65133666992188,869.068603515625
85.3189926147461,-95.61871337890624,131.40087890625,142.6038818359375,-180.9277191162109,998.3003540039062,112.286376953125,-151.43321228027344,495.1748046875,255.0175323486328,-273.2105407714844,873.2488403320312,-139.27117919921875,-44.607566833496094,243.305419921875,-161.71868896484375,-144.25120544433594,999.9298095703124,-154.53427124023438,-248.4988250732422,525.2590942382812,-232.1244201660156,-168.48875427246094,869.049560546875
85.14868927001953,-86.20127868652344,131.47030639648438,143.28416442871094,-178.65020751953125,997.8079223632812,112.39958953857422,-144.2452850341797,494.7827453613281,254.6623077392578,-279.4126892089844,876.2130126953125,-139.24835205078125,-59.88569641113281,236.8126983642578,-161.32041931152344,-143.85438537597656,1000.6470336914062,-153.31858825683594,-253.4070587158203,527.475341796875,-232.2122802734375,-165.44309997558594,868.9019165039062
84.9578628540039,-76.7752685546875,131.54486083984375,143.89541625976562,-176.3942108154297,997.21240234375,112.47298431396484,-137.07728576660156,494.3669128417969,254.11459350585935,-285.4056091308594,879.10546875,-139.2869873046875,-75.6317367553711,229.9544982910156,-160.97860717773438,-143.4568634033203,1001.2073364257812,-151.9779052734375,-257.751220703125,529.43017578125,-232.2475433349609,-162.51947021484375,868.6204223632812
84.74742126464844,-67.3402099609375,131.6204833984375,144.43222045898438,-174.18296813964844,996.51904296875,112.48807525634766,-129.9476776123047,493.9277648925781,253.37738037109372,-291.1700439453125,881.9096069335938,-139.38438415527344,-91.87361907958984,222.8406524658203,-160.6940155029297,-143.0553741455078,1001.6011962890624,-150.54042053222656,-261.5257873535156,531.0908203125,-232.23313903808597,-159.7230224609375,868.201416015625
84.5184326171875,-57.896610260009766,131.6929168701172,144.8910675048828,-172.03758239746094,995.7321166992188,112.42967987060548,-122.87698364257812,493.46630859375,252.45480346679688,-296.68817138671875,884.608154296875,-139.53436279296875,-108.62630462646484,215.5880126953125,-160.46673583984375,-142.6496124267578,1001.8212890625,-149.041259765625,-264.7248229980469,532.4268188476562,-232.1730499267578,-157.05911254882812,867.64306640625
84.2720718383789,-48.44614028930664,131.75808715820312,145.27061462402344,-169.976806640625,994.8555908203124,112.2884750366211,-115.88623046875,492.9839477539063,251.35220336914065,-301.9437255859375,887.1836547851562,-139.7274169921875,-125.8876953125,208.31887817382807,-160.29603576660156,-142.24269104003906,1001.8622436523438,-147.5203399658203,-267.3432922363281,533.4110107421875,-232.0721893310547,-154.53314208984375,866.9452514648438
84.00968933105469,-38.99178695678711,131.8124542236328,145.5717010498047,-168.01666259765625,993.8927612304688,112.06256103515624,-108.99565887451172,492.48236083984375,250.07620239257807,-306.92205810546875,889.6182861328125,-139.9509735107422,-143.63536071777344,201.15872192382807,-160.18032836914062,-141.8411865234375,1001.7210693359376,-146.0199432373047,-269.3787841796875,534.02099609375,-231.9362945556641,-152.1507110595703,866.1095581054688
83.73300170898438,-29.53805923461914,131.8536376953125,145.79725646972656,-166.17034912109375,992.8467407226562,111.75802612304688,-102.22435760498048,491.9632263183594,248.6345977783203,-311.6102294921875,891.8941040039062,-140.1895751953125,-161.82424926757812,194.23326110839844,-160.11717224121094,-141.45506286621094,1001.397216796875,-144.5821990966797,-270.83380126953125,534.2406005859375,-231.77182006835935,-149.9175567626953,865.1392211914062
83.44444274902344,-20.09110450744629,131.88088989257812,145.9520263671875,-164.44810485839844,991.7208251953124,111.3885269165039,-95.59049987792967,491.4280395507813,247.03646850585935,-315.9969177246094,893.9932250976562,-140.42544555664062,-180.3852081298828,187.66465759277344,-160.1033935546875,-141.09727478027344,1000.8928833007812,-143.24649047851562,-271.71826171875,534.0615844726562,-231.58587646484372,-147.83949279785156,864.0390625
83.14754486083984,-10.658714294433594,131.89590454101562,146.0421905517578,-162.85728454589844,990.5189208984376,110.9742431640625,-89.1113052368164,490.878173828125,245.2920837402344,-320.07257080078125,895.89794921875,-140.6391143798828,-199.22406005859372,181.5673675537109,-160.1352081298828,-140.78330993652344,1000.2129516601562,-142.04722595214844,-272.0518798828125,533.4851684570312,-231.385986328125,-145.9224395751953,862.8155517578125
82.84729766845703,-1.250212550163269,131.90330505371094,146.0748748779297,-161.40255737304688,989.2456665039062,110.54011535644533,-82.80303192138672,490.3153991699219,243.41290283203125,-323.8291320800781,897.5911254882812,-140.81033325195312,-218.22119140625,176.04330444335938,-160.2085418701172,-140.5304412841797,999.3655395507812,-141.0117645263672,-271.8663330078125,532.5233764648438,-231.18003845214844,-144.17236328125,861.4765014648438
82.55039978027344,8.123722076416016,131.91114807128906,146.05763244628906,-160.08627319335938,987.906982421875,110.11341857910156,-76.6810302734375,489.7419738769531,241.4114990234375,-327.2601318359375,899.0562744140625,-140.91905212402344,-237.2321319580078,171.17698669433594,-160.31922912597656,-140.35699462890625,998.3616333007812,-140.15902709960938,-271.2069396972656,531.1995239257812,-230.97607421875,-142.59519958496094,860.0313110351562
82.26538848876953,17.451265335083008,131.9309844970703,145.9979705810547,-158.9090576171875,986.5101318359376,109.7212371826172,-70.75984191894531,489.1613464355469,239.30145263671875,-330.36041259765625,900.2779541015625,-140.9463653564453,-256.0892333984375,167.03053283691406,-160.46331787109375,-140.2816162109375,997.21533203125,-139.4984130859375,-270.1334533691406,529.5477294921875,-230.78219604492188,-141.19688415527344,858.4905395507812
82.00252532958984,26.719606399536133,131.9776153564453,145.90283203125,-157.87042236328125,985.063720703125,109.3879852294922,-65.05330657958984,488.5780944824219,237.09738159179688,-333.12603759765625,901.2421875,-140.87521362304688,-274.6046447753906,163.6393585205078,-160.63731384277344,-140.3224334716797,995.9437255859376,-139.02938842773438,-268.7200012207031,527.6123657226562,-230.60641479492188,-139.98326110839844,856.8663330078125
81.7731704711914,35.915138244628906,132.06814575195312,145.77810668945312,-156.96951293945312,983.5778198242188,109.13330078125,-59.574745178222656,487.99798583984375,234.8147735595703,-335.5541381835937,901.9365234375,-140.6908416748047,-292.5747985839844,161.00877380371094,-160.83834838867188,-140.49649047851562,994.5664672851562,-138.74160766601562,-267.0540771484375,525.4456176757812,-230.45651245117188,-138.96005249023438,855.1719360351562
81.58829498291016,45.02403259277344,132.22068786621094,145.62823486328125,-156.20591735839844,982.0636596679688,108.97024536132812,-54.33713150024414,487.4276123046875,232.4698638916016,-337.6426696777344,902.3505249023438,-140.38124084472656,-309.78668212890625,159.1124267578125,-161.06431579589844,-140.81912231445312,993.1058349609376,-138.61575317382812,-265.2341613769531,523.1058959960938,-230.3399658203125,-138.13284301757812,853.4216918945312
81.4566879272461,54.03310394287109,132.45323181152344,145.45596313476562,-155.5803680419922,980.5336303710938,108.90399932861328,-49.35333633422852,486.8738098144531,230.0795745849609,-339.3902893066406,902.47607421875,-139.93751525878906,-326.0257263183594,157.89285278320312,-161.31398010253906,-141.30355834960938,991.5859985351562,-138.62469482421875,-263.3664245605469,520.65576171875,-230.26382446289065,-137.50701904296875,851.6312255859375
81.38326263427734,62.93055725097656,132.78273010253906,145.26211547851562,-155.09530639648438,979.0007934570312,108.93101501464844,-44.63650894165039,486.3430786132813,227.6613311767578,-340.7961730957031,902.3075561523438,-139.35447692871094,-341.0858154296875,157.2644805908203,-161.58692932128906,-141.96058654785156,990.0325317382812,-138.735107421875,-261.5604858398437,518.1600341796875,-230.23468017578125,-137.08775329589844,849.8169555664062
81.36804962158203,71.70630645751953,133.224853515625,145.04559326171875,-154.75518798828125,977.4786987304688,109.03876495361328,-40.200626373291016,485.8409118652344,225.23287963867188,-341.85992431640625,901.8421630859376,-138.63150024414062,-354.7798767089844,157.11903381347656,-161.88357543945312,-142.79833984375,988.4718627929688,-138.90924072265625,-259.9240417480469,515.68408203125,-230.2585601806641,-136.88002014160156,847.996337890625
81.40579223632812,80.35189819335938,133.79400634765625,144.80340576171875,-154.5666961669922,975.98095703125,109.2061538696289,-36.06122589111328,485.3712768554688,222.8121490478516,-342.58135986328125,901.079833984375,-137.77261352539062,-366.9488830566406,157.3333282470703,-162.20504760742188,-143.82220458984375,986.9307861328124,-139.1069793701172,-258.5571594238281,513.291015625,-230.34088134765625,-136.88851928710938,846.187255859375
81.48637390136719,88.86004638671875,134.50357055664062,144.5309600830078,-154.53866577148438,974.5208129882812,109.40473175048828,-32.236228942871094,484.9362487792969,220.4170379638672,-342.96051025390625,900.0238037109375,-136.78573608398438,-377.4686584472656,157.7784423828125,-162.55307006835938,-145.03472900390625,985.4356079101562,-139.28826904296875,-257.5464782714844,511.0393981933594,-230.48643493652344,-137.11764526367188,844.4081420898438
81.5958251953125,97.22401428222656,135.36642456054688,144.22239685058594,-154.68157958984375,973.111083984375,109.6007080078125,-28.746801376342773,484.5357666015625,218.065185546875,-342.99755859375,898.68017578125,-135.68138122558594,-386.2543640136719,158.32907104492188,-162.92982482910156,-146.4357452392578,984.0115966796876,-139.41566467285156,-256.9598388671875,508.9803771972656,-230.6993560791016,-137.57151794433594,842.6775512695312
81.71781158447266,105.43669891357422,136.3951873779297,143.87106323242188,-155.0069580078125,971.7638549804688,109.75774383544922,-25.618114471435547,484.1676940917969,215.77377319335935,-342.6928405761719,897.0584106445312,-134.47210693359375,-393.2640075683594,158.8725128173828,-163.3377227783203,-148.02227783203125,982.6826782226562,-139.457275390625,-256.843017578125,507.1558227539063,-230.9830474853516,-138.2538299560547,841.0142211914062
81.83546447753906,113.48963165283205,137.60267639160156,143.4702606201172,-155.52609252929688,970.4907836914062,109.84039306640624,-22.87981986999512,483.8279113769531,213.55923461914065,-342.0468444824219,895.1708984375,-133.17300415039062,-398.5015563964844,159.3163604736328,-163.7793426513672,-149.7886199951172,981.4708862304688,-139.3894500732422,-257.2177734375,505.5970764160156,-231.34014892578125,-139.16783142089844,839.4364624023438
81.93331909179688,121.37181091308594,139.00196838378906,143.0138702392578,-156.24893188476562,969.3031616210938,109.8177261352539,-20.565998077392575,483.5106201171875,211.4371032714844,-341.060302734375,893.0331420898438,-131.80274963378906,-402.0181274414063,159.59393310546875,-164.25714111328125,-151.72633361816406,980.3958129882812,-139.19898986816406,-258.0816650390625,504.32464599609375,-231.7725830078125,-140.31631469726562,837.9620971679688
81.9991226196289,129.06857299804688,140.6065216064453,142.4969482421875,-157.1827392578125,968.2118530273438,109.6668930053711,-18.714519500732425,483.2086791992188,209.4217071533203,-339.7342834472656,890.6635131835938,-130.3846893310547,-403.9100646972656,159.6664276123047,-164.77333068847656,-153.82421875,979.4747314453124,-138.88470458984375,-259.4096069335937,503.3485412597656,-232.2814178466797,-141.701416015625,836.6083374023438
82.025390625,136.56056213378906,142.43002319335938,141.9160919189453,-158.33111572265625,967.2272338867188,109.37623596191406,-17.36588478088379,482.9139099121094,207.52603149414065,-338.0702209472656,888.0833740234375,-128.94775390625,-404.3137817382813,159.52134704589844,-165.3297119140625,-156.0683135986328,978.721923828125,-138.45828247070312,-261.15673828125,502.66943359375,-232.8669586181641,-143.32460021972656,835.3914184570312
82.01040649414062,143.8229522705078,144.48622131347656,141.26956176757812,-159.69308471679688,966.3588256835938,108.94754028320312,-16.561656951904297,482.6175537109375,205.7615203857422,-336.0701599121094,885.3164672851562,-127.5265884399414,-403.3961486816406,159.16761779785156,-165.92747497558594,-158.44189453125,978.1488037109376,-137.94436645507812,-263.2630310058594,502.2801513671875,-233.52859497070312,-145.1864776611328,834.3264770507812
81.95875549316406,150.82485961914062,146.7884521484375,140.55735778808594,-161.2625732421875,965.61474609375,108.39720153808594,-16.342683792114258,482.3101196289063,204.137939453125,-333.73681640625,882.3890380859375,-126.16078186035156,-401.3419189453125,158.62918090820312,-166.56707763671875,-160.925537109375,977.7637939453124,-137.37977600097656,-265.6582336425781,502.1671447753906,-234.264892578125,-147.2868194580078,833.4271850585938
81.88126373291016,157.52914428710938,149.34934997558594,139.7812957763672,-163.0279541015625,965.0011596679688,107.75627899169922,-16.747295379638672,481.9814758300781,202.66331481933597,-331.0736999511719,879.3292236328125,-124.89299011230467,-398.3391723632813,157.9389190673828,-167.24826049804688,-163.49734497070312,977.572021484375,-136.8118438720703,-268.2673645019531,502.3110961914063,-235.07345581054688,-149.6243133544922,832.7059936523438
81.79426574707031,163.89230346679688,152.1805419921875,138.9447479248047,-164.97222900390625,964.5218505859376,107.0691375732422,-17.809598922729492,481.6206970214844,201.3437957763672,-328.0853881835937,876.1669311523438,-123.7655258178711,-394.5646362304688,157.13348388671875,-167.96987915039062,-166.13330078125,977.5752563476562,-136.29554748535156,-271.0149841308594,502.68695068359375,-235.9510040283203,-152.196533203125,832.1734008789062
81.71867370605469,169.8644561767578,155.2927703857422,138.05262756347656,-167.0731658935547,964.1776123046876,106.39085388183594,-19.558046340942383,481.2156982421875,200.18360900878903,-324.7775573730469,872.9330444335938,-122.81600189208984,-390.1719970703125,156.2490997314453,-168.72998046875,-168.8077850341797,977.7719116210938,-135.8895721435547,-273.8281555175781,503.2627868652344,-236.89324951171875,-154.99984741210938,831.8381958007812
81.67922973632812,175.3887939453125,158.6962890625,137.1110076904297,-169.30386352539062,963.9658813476562,105.78331756591795,-22.014404296875,480.7530822753906,199.1851348876953,-321.1573486328125,869.6592407226562,-122.07272338867188,-385.2840270996094,155.31907653808594,-169.52590942382812,-171.49415588378906,978.1569213867188,-135.65110778808594,-276.6373596191406,503.9988403320313,-237.8949279785156,-158.02931213378906,831.7070922851562
81.7037353515625,180.40084838867188,162.40126037597656,136.1268310546875,-171.63348388671875,963.88037109375,105.31018829345705,-25.19304084777832,480.2184448242188,198.34886169433597,-317.2333374023437,866.3772583007812,-121.5509033203125,-379.9895935058594,154.3726806640625,-170.35430908203125,-174.16539001464844,978.7216796875,-135.63009643554688,-279.375244140625,504.8468933105469,-238.94981384277344,-161.27862548828125,831.7844848632812
81.8214111328125,184.82801818847656,166.41665649414062,135.10752868652344,-174.02810668945312,963.9112548828124,105.03099822998048,-29.100492477416992,479.5968627929688,197.67349243164065,-313.015869140625,863.11865234375,-121.25067901611328,-374.3449096679688,153.4351348876953,-171.21121215820312,-176.7947235107422,979.4544677734376,-135.86334228515625,-281.9744873046875,505.7516784667969,-240.05062866210935,-164.74014282226562,832.072509765625
82.06037139892578,188.5903778076172,170.74855041503906,134.0606231689453,-176.45181274414062,964.0457153320312,104.99518585205078,-33.735252380371094,478.8744201660156,197.156005859375,-308.5170593261719,859.9141845703125,-121.15728759765624,-368.37744140625,152.52772521972656,-172.09222412109375,-179.3561553955078,980.3406372070312,-136.3695526123047,-284.36480712890625,506.6541748046875,-241.18917846679688,-168.40476989746094,832.5709838867188
82.44475555419922,191.60243225097656,175.39779663085938,132.99346923828125,-178.86782836914062,964.2689819335938,105.23693084716795,-39.08777618408203,478.0401306152344,196.7918701171875,-303.7509765625,856.7933959960938,-121.2433853149414,-362.0921936035156,151.6680145263672,-172.99261474609375,-181.8248291015625,981.3629760742188,-137.14627075195312,-286.47125244140625,507.4972534179688,-242.35633850097656,-172.2620849609375,833.2769775390625
82.9917984008789,193.77584838867188,180.35682678222656,131.91302490234375,-181.2396545410156,964.5653686523438,105.77162170410156,-45.14059448242188,477.088623046875,196.5751037597656,-298.733642578125,853.7841796875,-121.47282409667967,-355.4794006347656,150.87001037597656,-173.90750122070312,-184.1772918701172,982.5026245117188,-138.16941833496094,-288.2137145996094,508.2314758300781,-243.5420837402344,-176.30029296875,834.1853637695312
83.70968627929688,195.0233459472656,185.60655212402344,130.82568359375,-183.5323944091797,964.9196166992188,106.59449768066406,-51.86838912963867,476.0228271484375,196.4985198974609,-293.48291015625,850.9126586914062,-121.80518341064452,-348.5226135253906,150.14419555664062,-174.83193969726562,-186.39161682128903,983.7395629882812,-139.39576721191406,-289.5085754394531,508.8203125,-244.7356719970703,-180.5063323974609,835.2885131835938
84.59661865234375,195.2631683349609,191.11387634277344,129.73716735839844,-185.7138671875,965.3186645507812,107.68170928955078,-59.23826217651367,474.8558654785156,196.55393981933597,-288.0184326171875,848.202392578125,-122.20010375976562,-341.20654296875,149.4973602294922,-175.76112365722656,-188.44741821289065,985.0531616210938,-140.76754760742188,-290.271728515625,509.2432556152344,-245.9257354736328,-184.86602783203125,836.5768432617188
85.6403579711914,194.42481994628903,196.8297576904297,128.6525421142578,-187.7558135986328,965.7523193359376,108.99346160888672,-67.2101058959961,473.6124572753906,196.73228454589844,-282.361572265625,845.6744995117188,-122.62093353271484,-333.5235595703125,148.93258666992188,-176.69049072265625,-190.3258819580078,986.4229736328124,-142.21868896484375,-290.4226989746094,509.4969482421875,-247.10037231445312,-189.3641357421875,838.0387573242188
86.81844329833984,192.45513916015625,202.6889190673828,127.57611083984376,-189.6348114013672,966.21435546875,110.4786376953125,-75.737060546875,472.3289184570313,197.0238800048828,-276.53497314453125,843.34716796875,-123.0372085571289,-325.4780578613281,148.4492950439453,-177.61590576171875,-192.0096893310547,987.8292846679688,-143.68154907226562,-289.8895874023437,509.5938415527344,-248.24740600585935,-193.9845428466797,839.6610107421875
88.09935760498047,189.3243865966797,208.6120147705078,126.51152801513672,-191.33297729492188,966.7029418945312,112.07987213134766,-84.76604461669922,471.0520324707031,197.41864013671875,-270.56256103515625,841.2357788085938,-123.42618560791016,-317.088623046875,148.0435333251953,-178.53366088867188,-193.48309326171875,989.2533569335938,-145.09393310546875,-288.6141662597656,509.558837890625,-249.35455322265625,-198.71051025390625,841.4293212890625
89.4446792602539,185.03091430664065,214.50970458984372,125.46177673339844,-192.83843994140625,967.2203979492188,113.73827362060548,-94.2383270263672,469.8369445800781,197.9062042236328,-264.468994140625,839.3525390625,-123.7732925415039,-308.3871765136719,147.7085418701172,-179.44064331054688,-194.73194885253903,990.677978515625,-146.40521240234375,-286.557373046875,509.4242248535156,-250.40953063964844,-203.5247802734375,843.328369140625
90.81208801269533,179.60360717773438,220.2880096435547,124.42919921875,-194.14529418945312,967.7728881835938,115.39739990234376,-104.09042358398438,468.7443542480469,198.4761199951172,-258.279541015625,837.706298828125,-124.07167053222656,-299.415771484375,147.4355926513672,-180.33428955078125,-195.74395751953125,992.0873413085938,-147.58120727539062,-283.7042236328125,509.22406005859375,-251.40036010742188,-208.4097900390625,845.3424072265625
92.15878295898438,173.1015167236328,225.853759765625,123.41554260253906,-195.2534027099609,968.3692626953124,117.0060806274414,-114.25523376464844,467.837158203125,199.1179656982422,-252.01968383789065,836.3028564453125,-124.32115936279295,-290.2222900390625,147.21482849121094,-181.2125244140625,-196.5087738037109,993.467529296875,-148.60667419433594,-280.06719970703125,508.9889221191406,-252.3155212402344,-213.34796142578125,847.4554443359375
93.44493103027344,165.61033630371094,231.11917114257807,122.4219741821289,-196.16783142089844,969.0198974609376,118.52034759521484,-124.66355895996094,467.1770935058594,199.8214569091797,-245.71484375,835.1446533203125,-124.52682495117188,-280.8565979003906,147.0362548828125,-182.0738067626953,-197.0183563232422,994.8062744140624,-149.4853973388672,-275.686767578125,508.7417907714844,-253.14407348632807,-218.32180786132807,849.6515502929688
94.63648986816406,157.235595703125,236.00445556640625,121.44927978515624,-196.89797973632807,969.735595703125,119.9045181274414,-135.24559020996094,466.8212585449219,200.57647705078125,-239.3900909423828,834.230712890625,-124.69715118408205,-271.36651611328125,146.89044189453125,-182.91688537597656,-197.2672576904297,996.0929565429688,-150.2375030517578,-270.628662109375,508.4963989257813,-253.87582397460935,-223.31414794921875,851.9153442382812
95.70667266845705,148.0933380126953,240.4379119873047,120.49796295166016,-197.45664978027344,970.5264892578124,121.13166046142578,-145.9322509765625,466.8191528320313,201.3731231689453,-233.0698089599609,833.5569458007812,-124.842041015625,-261.7952880859375,146.7692108154297,-183.7406768798828,-197.2530059814453,997.3187866210938,-150.89451599121094,-264.9786071777344,508.2574768066406,-254.5014495849609,-228.3082733154297,854.23193359375
96.63592529296876,138.29940795898438,244.354248046875,119.56856536865234,-197.8587951660156,971.401123046875,122.18345642089844,-156.65655517578125,467.2095947265625,202.2017059326172,-226.77755737304688,833.1159057617188,-124.97100067138672,-252.17987060546875,146.6660614013672,-184.5441131591797,-196.9765167236328,998.4765014648438,-151.49310302734375,-258.8348999023437,508.0227966308594,-255.01258850097656,-233.28811645507807,856.5870971679688
97.4113540649414,127.95948028564452,247.69297790527344,118.66187286376952,-198.12045288085935,972.3656005859376,123.04953002929688,-167.35459899902344,468.0183410644531,203.05284118652344,-220.5357208251953,832.8972778320312,-125.09172821044922,-242.5498046875,146.57656860351562,-185.32591247558597,-196.4423828125,999.5602416992188,-152.06854248046875,-252.29986572265625,507.78619384765625,-255.4018402099609,-238.23829650878903,858.9675903320312
98.02629089355467,117.1614227294922,250.39797973632807,117.77915954589844,-198.2575836181641,973.4225463867188,123.72608184814452,-177.96588134765625,469.2562561035156,203.91729736328125,-214.36546325683597,832.8876342773438,-125.2093276977539,-232.92709350585935,146.4984893798828,-186.0843963623047,-195.65919494628903,1000.5653686523438,-152.64906311035156,-245.47198486328125,507.5407409667969,-255.6628875732422,-243.14427185058597,861.3609619140625
98.48028564453124,105.97081756591795,252.4179229736328,116.9223861694336,-198.2851409912109,974.570556640625,124.214111328125,-188.4331817626953,470.9183349609375,204.7861328125,-208.2864532470703,833.0709838867188,-125.3261489868164,-223.32652282714844,146.431640625,-186.81732177734372,-194.6395721435547,1001.4882202148438,-153.2518310546875,-238.4392852783203,507.2815246582031,-255.79037475585935,-247.99237060546875,863.7555541992188
98.77982330322266,94.4292221069336,253.70755004882807,116.09432983398438,-198.21633911132807,975.8035888671876,124.51747131347656,-198.7024383544922,472.98382568359375,205.6506500244141,-202.3168792724609,833.4288940429688,-125.44192504882812,-213.7564392089844,146.37718200683594,-187.5217437744141,-193.40008544921875,1002.3261108398438,-153.88116455078125,-231.2749938964844,507.00787353515625,-255.77999877929688,-252.76988220214844,866.1404418945312
98.93914031982422,82.55504608154297,254.2289581298828,115.29872131347656,-198.06219482421875,977.111083984375,124.64111328125,-208.72259521484372,475.4175720214844,206.50238037109372,-196.4732818603516,833.940673828125,-125.55430603027344,-204.21995544433597,146.3369903564453,-188.19395446777344,-191.96096801757807,1003.0765380859376,-154.52914428710938,-224.0352478027344,506.7238464355469,-255.6284027099609,-257.46502685546875,868.5054321289062
98.97997283935548,70.34677124023438,253.9528961181641,114.54020690917967,-197.83123779296875,978.4782104492188,124.58983612060548,-218.44577026367188,478.1722106933594,207.3331451416016,-190.77056884765625,834.5838623046875,-125.65969848632812,-194.71624755859372,146.31277465820312,-188.8295135498047,-190.345703125,1003.73779296875,-155.17848205566406,-216.75933837890625,506.4378967285156,-255.3331756591797,-262.0670471191406,870.8405151367188
98.9301300048828,57.78776550292969,252.85968017578125,113.82427978515624,-197.52957153320312,979.8864135742188,124.3675765991211,-227.8276824951172,481.19140625,208.1350860595703,-185.22203063964844,835.33447265625,-125.7541732788086,-185.2420196533203,146.30564880371094,-189.42330932617188,-188.58023071289065,1004.3081665039062,-155.80670166015625,-209.47174072265625,506.1613159179688,-254.8927154541016,-266.5660705566406,873.135986328125
98.822021484375,44.85110855102539,250.94053649902344,113.15705108642578,-197.1610565185547,981.3143310546876,123.97733306884766,-236.82809448242188,484.4132385253906,208.9007110595703,-179.83935546875,836.1675415039062,-125.8344497680664,-175.7928009033203,146.31564331054688,-189.96961975097656,-186.6921844482422,1004.786376953125,-156.3909912109375,-202.1856384277344,505.9059143066406,-254.30621337890625,-270.9532165527344,875.3822631835938
98.6910629272461,31.503522872924805,248.19967651367188,112.54488372802734,-196.7277069091797,982.7383422851562,123.42161560058594,-245.4107208251953,487.7737426757813,209.62301635742188,-174.6326446533203,837.057373046875,-125.8985366821289,-166.36392211914062,146.34165954589844,-190.46241760253903,-184.7099151611328,1005.1712036132812,-156.912353515625,-194.90725708007807,505.6815490722656,-253.57359313964844,-275.2203674316406,877.5693359375
98.5740737915039,17.708444595336914,244.656494140625,111.99390411376952,-196.2303009033203,984.1334838867188,122.70325469970705,-253.5430908203125,491.2095336914063,210.29556274414065,-169.61045837402344,837.978271484375,-125.94612121582033,-156.9513702392578,146.38156127929688,-190.8955078125,-182.66172790527344,1005.4618530273438,-157.35816955566406,-187.64028930664065,505.4943237304688,-252.69546508789065,-279.36016845703125,879.6868286132812
98.50725555419922,3.428630113601685,240.3477478027344,111.50948333740234,-195.66912841796875,985.47412109375,121.82640075683594,-261.196044921875,494.659912109375,210.91256713867188,-164.77987670898438,838.9046630859375,-125.97848510742188,-147.5523223876953,146.43247985839844,-191.2628631591797,-180.5751953125,1005.6578369140624,-157.72291564941406,-180.3894195556641,505.3455810546875,-251.67308044433597,-283.3657531738281,881.7239990234375
98.52389526367188,-11.3715181350708,235.3287048339844,111.09580993652344,-195.04493713378903,986.7344360351562,120.7976531982422,-268.3434143066406,498.0679931640625,211.46902465820312,-160.14657592773438,839.8118286132812,-125.99818420410156,-138.16529846191406,146.49127197265625,-191.5589141845703,-178.4766845703125,1005.7590942382812,-158.0071563720703,-173.16229248046875,505.232177734375,-250.50836181640625,-287.2308044433594,883.6693725585938
98.6519012451172,-26.72365951538086,229.67364501953125,110.75577545166016,-194.3595123291016,987.8896484375,119.62704467773438,-274.9618835449219,501.3810729980469,211.9608612060547,-155.7149200439453,840.67626953125,-126.00858306884766,-128.79006958007812,146.55496215820312,-191.77896118164065,-176.39089965820312,1005.765869140625,-158.21578979492188,-165.96994018554688,505.1477661132813,-249.2039337158203,-290.9491577148437,885.5108032226562
98.91152954101562,-42.65299606323242,223.4752349853516,110.4909439086914,-193.6162567138672,988.9161987304688,118.32886505126952,-281.03106689453125,504.5505065917969,212.3850250244141,-151.48805236816406,841.4760131835938,-126.01334381103516,-119.4272232055664,146.6210479736328,-191.91940307617188,-174.34036254882812,1005.6787109375,-158.35630798339844,-158.82571411132812,505.0842590332031,-247.7631072998047,-294.51513671875,887.2359008789062
99.31375122070312,-59.1754264831543,216.84295654296875,110.3016357421875,-192.8205718994141,989.7929077148438,116.92212677001952,-286.5339050292969,507.5313720703125,212.73956298828125,-147.46798706054688,842.1909790039062,-126.01605987548828,-110.07771301269533,146.6879425048828,-191.97804260253903,-172.3450469970703,1005.4982299804688,-158.4372100830078,-151.74343872070312,505.03363037109375,-246.18988037109372,-297.9232482910156,888.8314819335938
99.85941314697266,-76.29462432861328,209.90017700195312,110.1869888305664,-191.9799652099609,990.5011596679688,115.43048858642578,-291.4569702148437,510.2823791503906,213.02378845214844,-143.65577697753906,842.8031616210938,-126.02001953125,-100.74249267578124,146.75497436523438,-191.95420837402344,-170.42189025878906,1005.22509765625,-158.46726989746094,-144.7355499267578,504.9892272949219,-244.4890899658203,-301.1683654785156,890.2844848632812
100.5393295288086,-93.9993667602539,202.7801818847656,110.14502716064452,-191.1042633056641,991.0256958007812,113.88179779052734,-295.7912902832031,512.7658081054688,213.2382354736328,-140.05162048339844,843.2970581054688,-126.02806091308594,-91.42233276367188,146.82252502441406,-191.84884643554688,-168.5848846435547,1004.8599853515624,-158.45523071289062,-137.81158447265625,504.9466857910156,-242.66639709472656,-304.24566650390625,891.5816650390625
101.3353500366211,-112.26146697998048,195.6210784912109,110.1727523803711,-190.20545959472656,991.3544921875,112.30701446533205,-299.5329895019531,514.9478149414062,213.38482666015625,-136.6550750732422,843.6594848632812,-126.0424575805664,-82.11771392822266,146.89193725585938,-191.66461181640625,-166.8451385498047,1004.4035034179688,-158.41012573242188,-130.97726440429688,504.9042053222656,-240.7283172607422,-307.15069580078125,892.7100219726562
102.22225952148438,-131.03443908691406,188.5601043701172,110.26628112792967,-189.29757690429688,991.4793090820312,110.7388916015625,-302.68426513671875,516.7987060546875,213.4667816162109,-133.46519470214844,843.8798828125,-126.06488037109376,-72.8287582397461,146.96542358398438,-191.40557861328125,-165.21121215820312,1003.8563842773438,-158.34156799316406,-124.23448944091795,504.86236572265625,-238.68240356445312,-309.87945556640625,893.6572265625
103.17007446289062,-150.2528839111328,181.72787475585935,110.4210433959961,-188.3964080810547,991.3956298828124,109.21027374267578,-305.2543029785156,518.2940063476562,213.48873901367188,-130.48069763183594,843.9501953125,-126.09630584716795,-63.55535888671875,147.0458221435547,-191.0772399902344,-163.68936157226562,1003.219482421875,-158.260009765625,-117.58206939697266,504.8233642578125,-236.53712463378903,-312.42840576171875,894.4116821289062
104.14602661132812,-169.83155822753906,175.24331665039062,110.63204956054688,-187.51925659179688,991.102783203125,107.75243377685548,-307.2602233886719,519.4151000976562,213.4566192626953,-127.7001495361328,843.864990234375,-126.13704681396484,-54.29727554321289,147.1363983154297,-190.68606567382807,-162.28378295898438,1002.493896484375,-158.17674255371094,-111.01712799072266,504.7898864746094,-234.3020782470703,-314.79449462890625,894.9631958007812
105.11573791503906,-189.66409301757807,169.20960998535156,110.89410400390624,-186.68450927734372,990.6038208007812,106.39342498779295,-308.7279663085937,520.150390625,213.37774658203125,-125.12213897705078,843.6211547851562,-126.18675994873048,-45.05452728271485,147.24061584472656,-190.23927307128903,-160.99685668945312,1001.68115234375,-158.1033172607422,-104.537109375,504.7639770507813,-231.98789978027344,-316.9752502441406,895.3027954101562
106.04388427734376,-209.62208557128903,163.7108917236328,111.2021255493164,-185.91136169433597,989.905517578125,105.15667724609376,-309.69317626953125,520.4957885742188,213.2606506347656,-122.74539947509766,843.21826171875,-126.24447631835938,-35.8278694152832,147.36192321777344,-189.74447631835935,-159.82916259765625,1000.7831420898438,-158.0506134033203,-98.14185333251952,504.74615478515625,-229.60641479492188,-318.9687194824219,895.423583984375
106.89472198486328,-229.5556182861328,158.8097686767578,111.55133819580078,-185.2194366455078,989.0178833007812,104.05962371826172,-310.20135498046875,520.4554443359375,213.11509704589844,-120.56893920898438,842.657958984375,-126.30863189697266,-26.61944580078125,147.50363159179688,-189.2093963623047,-158.77980041503906,999.8024291992188,-158.02767944335938,-91.83572387695312,504.7344970703125,-227.1705474853516,-320.7735290527344,895.3209228515625
107.63292694091795,-249.29527282714844,154.54550170898438,111.9374771118164,-184.62843322753903,987.9544067382812,103.11261749267578,-310.3075866699219,520.042236328125,212.9519195556641,-118.59214782714844,841.9443969726562,-126.3772430419922,-17.433395385742188,147.6689910888672,-188.64161682128903,-157.84661865234375,998.7422485351562,-158.04014587402344,-85.62924194335938,504.724609375,-224.6943206787109,-322.3888244628906,894.9924926757812
108.22473907470705,-268.6552124023437,150.9332275390625,112.35689544677734,-184.15782165527344,986.7313232421876,102.31808471679688,-310.0755920410156,519.2774658203125,212.78292846679688,-116.81494140625,841.0836791992188,-126.4482650756836,-8.276374816894531,147.8613739013672,-188.0485076904297,-157.02645874023438,997.60693359375,-158.08900451660156,-79.53997802734375,504.7096557617188,-222.1928558349609,-323.814208984375,894.4388427734375
108.6396942138672,-287.4374084472656,147.96438598632812,112.80660247802734,-183.8263397216797,985.3678588867188,101.67009735107422,-309.576416015625,518.1907958984375,212.62071228027344,-115.23772430419922,840.083984375,-126.52008056640624,0.8420957922935486,148.08470153808594,-187.4369354248047,-156.31565856933594,996.4017333984376,-158.16941833496094,-73.59272003173828,504.6809692382813,-219.6822509765625,-325.0497131347656,893.6634521484375
108.8525619506836,-305.4364929199219,145.60850524902344,113.28424835205078,-183.651611328125,983.8856811523438,101.1544952392578,-308.8863830566406,516.8195190429688,212.47836303710935,-113.8614730834961,838.95556640625,-126.591796875,9.909740447998049,148.34410095214844,-186.8131866455078,-155.71051025390625,995.1329345703124,-158.27023315429688,-67.81922912597656,504.6287231445313,-217.179443359375,-326.095703125,892.6731567382812
108.8454818725586,-322.4458923339844,143.81626892089844,113.78802490234376,-183.64968872070312,982.3091430664062,100.7497787475586,-308.0848693847656,515.2076416015625,212.3693084716797,-112.68773651123048,837.7102661132812,-126.6629638671875,18.912466049194336,148.6466064453125,-186.1825714111328,-155.20794677734375,993.8082275390624,-158.3739471435547,-62.25742721557617,504.54302978515625,-214.7021331787109,-326.9528503417969,891.477783203125
108.60999298095705,-338.2642517089844,142.52346801757812,114.31659698486328,-183.8346710205078,980.66455078125,100.42887115478516,-307.2516784667969,513.40478515625,212.30697631835935,-111.7186050415039,836.3617553710938,-126.73291015625,27.83555030822754,149.00157165527344,-185.54920959472656,-154.80616760253906,992.4365234375,-158.4573974609375,-56.95003509521485,504.4147338867188,-212.2684783935547,-327.6219177246094,890.0906372070312
108.14837646484376,-352.70263671875,141.65582275390625,114.86898803710938,-184.21826171875,978.98046875,100.16156768798828,-306.4642333984375,511.4650268554688,212.30450439453125,-110.95681762695312,834.92529296875,-126.80043029785156,36.66453170776367,149.42047119140625,-184.9156036376953,-154.50546264648438,991.02783203125,-158.49295043945312,-51.94258117675781,504.2367858886719,-209.8970489501953,-328.103759765625,888.5282592773438
107.4742202758789,-365.5915222167969,141.13406372070312,115.44444274902344,-184.80943298339844,977.2868041992188,99.917724609375,-305.7948608398437,509.4457092285156,212.3744659423828,-110.40569305419922,833.4174194335938,-126.86363220214844,45.38561248779297,149.91676330566406,-184.2825469970703,-154.30868530273438,989.593505859375,-158.45018005371094,-47.281192779541016,504.00482177734375,-207.60641479492188,-328.3992614746094,886.8101196289062
106.61177825927734,-376.7874450683594,140.87831115722656,116.04232788085938,-185.61415100097656,975.6150512695312,99.6706771850586,-305.3080749511719,507.4059143066406,212.528564453125,-110.06922912597656,831.8561401367188,-126.9202117919922,53.98573303222656,150.50547790527344,-183.64895629882807,-154.22161865234375,988.145751953125,-158.2978973388672,-43.01053237915039,503.7180480957031,-205.4149627685547,-328.5091552734375,884.9588012695312
105.5943374633789,-386.1788940429688,140.8113250732422,116.6620864868164,-186.6351318359375,973.9972534179688,99.40060424804688,-305.0578918457031,505.4051513671875,212.77740478515625,-109.9520492553711,830.2604370117188,-126.9678192138672,62.45240020751953,151.20297241210938,-183.0120391845703,-154.25291442871094,986.697509765625,-158.0064239501953,-39.17225646972656,503.37933349609375,-203.3405914306641,-328.43414306640625,882.9991455078125
104.4625015258789,-393.69232177734375,140.86117553710938,117.30320739746094,-187.8715667724609,972.4657592773438,99.09722900390624,-305.08575439453125,503.5015869140625,213.13021850585935,-110.05944061279295,828.6502075195312,-127.00467681884766,70.77313995361328,152.0268096923828,-182.36770629882807,-154.41357421875,985.2625732421876,-157.54991149902344,-35.80434036254883,502.9950256347656,-201.4003753662109,-328.1746520996094,880.9583129882812
103.26262664794922,-399.297607421875,140.96359252929688,117.96524810791016,-189.31903076171875,971.0526123046876,98.76163482666016,-305.4183654785156,501.750244140625,213.59469604492188,-110.39733123779295,827.0459594726562,-127.03021240234376,78.93443298339844,152.99545288085938,-181.7112579345703,-154.71591186523438,983.8549194335938,-156.90858459472656,-32.94133758544922,502.57427978515625,-199.61029052734372,-327.7310791015625,878.8649291992188
102.04503631591795,-403.0122985839844,141.0635986328125,118.64788055419922,-190.96934509277344,969.7886962890624,98.4068374633789,-306.0668029785156,500.2008056640625,214.17681884765625,-110.97222900390624,825.4686279296875,-127.04564666748048,86.92024993896484,154.12828063964844,-181.0380401611328,-155.17230224609375,982.4888916015624,-156.07080078125,-30.615459442138672,502.1282348632813,-197.9848480224609,-327.103515625,876.7487182617188
100.86174774169922,-404.9033508300781,141.11660766601562,119.35098266601562,-192.810546875,968.7030029296876,98.05711364746094,-307.0260314941406,498.8953552246094,214.8808135986328,-111.7912368774414,823.939208984375,-127.0543212890625,94.71011352539062,155.4454345703125,-180.34390258789065,-155.79388427734375,981.1788330078124,-155.0346221923828,-28.85818672180176,501.6686706542969,-196.5368194580078,-326.2920837402344,874.6397705078125
99.7634735107422,-405.0853271484375,141.08883666992188,120.07469940185548,-194.82696533203125,967.82177734375,97.74600982666016,-308.275634765625,497.8663635253906,215.7090301513672,-112.8619155883789,822.4785766601562,-127.0616226196289,102.27682495117188,156.9676971435547,-179.6256103515625,-156.58921813964844,979.9386596679688,-153.8092041015625,-27.702068328857425,501.2066040039063,-195.27696228027344,-325.2967834472656,872.5678100585938
98.79600524902344,-403.71435546875,140.95750427246094,120.8194808959961,-196.9993896484375,967.1676025390624,97.51325225830078,-309.7809753417969,497.1348876953125,216.66207885742188,-114.19225311279295,821.1069946289062,-127.07444763183594,109.58413696289062,158.7163848876953,-178.88099670410156,-157.56300354003906,978.7817993164062,-152.41561889648438,-27.182188034057617,500.750732421875,-194.2137451171875,-324.1177062988281,870.5616455078125
97.99627685546876,-400.9776611328125,140.71060180664062,121.58605194091795,-199.3053741455078,966.7581787109376,97.4007568359375,-311.4947509765625,496.7090148925781,217.7387542724609,-115.7905502319336,819.8439331054688,-127.10022735595705,116.58464813232422,160.7129669189453,-178.10911560058594,-158.7150115966797,977.7207641601562,-150.8872833251953,-27.33701705932617,500.3057861328125,-193.3531646728516,-322.7551574707031,868.6483764648438
97.38885498046876,-397.0792236328125,140.3464813232422,122.37538146972656,-201.71974182128903,966.6060180664062,97.44818115234376,-313.358642578125,496.5826721191406,218.9362335205078,-117.66522979736328,818.7077026367188,-127.14584350585938,123.21849822998048,162.97891235351562,-177.31016540527344,-160.0390167236328,976.7667236328124,-149.26943969726562,-28.20816993713379,499.8710021972656,-192.69854736328125,-321.2097473144531,866.8526611328125
96.9836654663086,-392.2236328125,139.8731689453125,123.18854522705078,-204.2151336669922,966.717041015625,97.6885986328125,-315.304931640625,496.7350463867188,220.2501220703125,-119.82469940185548,817.7151489257812,-127.21646881103516,129.41307067871094,165.5353240966797,-176.48550415039062,-161.52224731445312,975.9291381835938,-147.61781311035156,-29.83872604370117,499.4392395019531,-192.2505798339844,-319.48248291015625,865.1962280273438
96.77561950683594,-386.6010437011719,139.30738830566406,124.02659606933594,-206.7626953125,967.0907592773438,98.1445083618164,-317.2576904296875,497.1307678222656,221.67465209960935,-122.27716064453124,816.8814086914062,-127.31450653076172,135.0839385986328,168.4025421142578,-175.6373748779297,-163.14503479003906,975.2155151367188,-145.99566650390625,-32.26976776123047,498.9966125488281,-192.00718688964844,-317.5751342773437,863.6973266601562
96.74600219726562,-380.3761596679688,138.67239379882812,124.89035034179688,-209.3328094482422,967.7194213867188,98.8246612548828,-319.1338806152344,497.720947265625,223.2027740478516,-125.03034210205078,816.2197875976562,-127.43900299072266,140.13671875,171.59959411621094,-174.7685546875,-164.88134765625,974.6307373046876,-144.4693145751953,-35.53543472290039,498.5232543945313,-191.96368408203125,-315.4901428222656,862.3699951171875
96.86493682861328,-373.6816711425781,137.99508666992188,125.78018951416016,-211.8956451416016,968.5887451171876,99.72219848632812,-320.8441467285156,498.4460754394531,224.82635498046875,-128.0912322998047,815.7412109375,-127.58541107177734,144.4699249267578,175.14329528808594,-173.88180541992188,-166.69996643066406,974.1770629882812,-143.10301208496094,-39.65766906738281,497.9946899414063,-192.11289978027344,-313.2309265136719,861.2242431640625
97.09486389160156,-366.6164855957031,137.3032684326172,126.69589233398438,-214.4217987060547,969.6781616210938,100.81460571289062,-322.2938842773437,499.2401428222656,226.5362243652344,-131.4657745361328,815.4544677734375,-127.7458267211914,147.9788818359375,179.04698181152344,-172.9795684814453,-168.56610107421875,973.8534545898438,-141.95376586914062,-44.64200592041016,497.38421630859375,-192.4454498291016,-310.8018798828125,860.2655639648438
97.39458465576172,-359.2478942871094,136.62322998046875,127.63651275634766,-216.88267517089844,970.9620361328124,102.06558990478516,-323.3851318359375,500.0359802246094,228.322265625,-135.1584930419922,815.365966796875,-127.90951538085938,150.5605926513672,183.3186798095703,-172.0639190673828,-170.4430694580078,973.6561889648438,-141.06646728515625,-50.475135803222656,496.6663818359375,-192.9499664306641,-308.2084655761719,859.494873046875
97.72354125976562,-351.6171569824219,135.9776611328125,128.600341796875,-219.2507476806641,972.410888671875,103.42877960205078,-324.0194396972656,500.7710571289063,230.17352294921875,-139.17221069335938,815.4796142578125,-128.06350708007812,152.1194305419922,187.9586944580078,-171.1366424560547,-172.29359436035156,973.5791015625,-140.46971130371094,-57.12446594238281,495.8212585449219,-193.61351013183597,-305.4572448730469,858.908935546875
98.0455093383789,-343.74676513671875,135.38424682617188,129.58497619628906,-221.49974060058597,973.9928588867188,104.85285949707033,-324.1021728515625,501.3926696777344,232.07818603515625,-143.50782775878906,815.7971801757812,-128.1932830810547,152.5730438232422,192.95681762695312,-170.19949340820312,-174.08116149902344,973.6143798828124,-140.17262268066406,-64.53898620605469,494.8394775390625,-194.421875,-302.5558166503906,858.5006103515625
98.3313446044922,-335.64813232421875,134.85501098632812,130.58750915527344,-223.60479736328125,975.675537109375,106.28749084472656,-323.548095703125,501.8620300292969,234.02371215820312,-148.1639862060547,816.318603515625,-128.2836456298828,151.85853576660156,198.2897491455078,-169.25450134277344,-175.77113342285156,973.753173828125,-140.16319274902344,-72.65129089355469,493.7270202636719,-195.35997009277344,-299.51287841796875,858.2592163085938
98.56055450439452,-327.3285827636719,134.3961639404297,131.604736328125,-225.5426177978516,977.4271240234376,107.6891632080078,-322.2873840332031,502.1564331054688,235.99681091308597,-153.1370086669922,817.041748046875,-128.31968688964844,149.93783569335938,203.9193115234375,-168.3040771484375,-177.33193969726562,973.98681640625,-140.40908813476562,-81.38093566894531,492.50872802734375,-196.4121856689453,-296.3379821777344,858.1712646484375
98.72183227539062,-318.7963256835937,134.0086669921875,132.6334228515625,-227.29173278808597,979.2176513671876,109.0260009765625,-320.2713928222656,502.2693176269531,237.9835968017578,-158.4207305908203,817.9634399414062,-128.2875213623047,146.80215454101562,209.7919769287109,-167.35122680664062,-178.7364044189453,974.307373046875,-140.86123657226562,-90.63883972167967,491.2299499511719,-197.56265258789065,-293.0415954589844,858.2210693359375
98.81243896484376,-310.0637512207031,133.6888885498047,133.67056274414062,-228.83285522460935,981.020263671875,110.28067779541016,-317.4774169921875,502.208740234375,239.96954345703125,-164.00648498535156,819.0792236328125,-128.1749267578125,142.4742889404297,215.84005737304688,-166.39942932128906,-179.9628143310547,974.7084350585938,-141.45924377441406,-100.33203887939452,489.9553833007813,-198.7955780029297,-289.634765625,858.391357421875
98.8368911743164,-301.1482238769531,133.42991638183594,134.71343994140625,-230.1492462158203,982.81103515625,111.45101165771484,-313.91143798828125,501.9943542480469,241.9396209716797,-169.88311767578125,820.3839721679688,-127.97193908691406,137.00857543945312,221.98448181152344,-165.45257568359375,-180.99563598632807,975.1854858398438,-142.13807678222656,-110.3685531616211,488.7650451660156,-200.0953826904297,-286.1292419433594,858.663818359375
98.80519104003906,-292.0713195800781,133.2227020263672,135.7597198486328,-231.22715759277344,984.5696411132812,112.54841613769533,-309.6081848144531,501.6536865234375,243.8784027099609,-176.03709411621094,821.872314453125,-127.67155456542967,130.48782348632812,228.13819885253903,-164.51473999023438,-181.8259429931641,975.7361450195312,-142.83468627929688,-120.66171264648438,487.7477111816406,-201.44680786132807,-282.537109375,859.02001953125
98.73097229003906,-282.8577880859375,133.05728149414062,136.80746459960938,-232.0562438964844,986.2791137695312,113.5943832397461,-304.628173828125,501.2181701660156,245.7700958251953,-182.4525451660156,823.5383911132812,-127.27067565917967,123.01705169677734,234.2090759277344,-163.5899658203125,-182.45138549804688,976.3602294921876,-143.49371337890625,-131.1331787109375,486.9930114746094,-202.83493041992188,-278.870849609375,859.4413452148438
98.62953186035156,-273.53375244140625,132.92388916015625,137.85507202148438,-232.62985229492188,987.9251098632812,114.61544036865234,-299.0523376464844,500.7195739746094,247.59869384765625,-189.1113739013672,825.3765869140625,-126.77068328857422,114.71390533447266,240.1011657714844,-162.68199157714844,-182.87586975097656,977.0592041015624,-144.07156372070312,-141.7139892578125,486.583251953125,-204.2451629638672,-275.14324951171875,859.9097290039062
98.51603698730467,-264.1250915527344,132.81390380859375,138.9010772705078,-232.9451141357422,989.4955444335938,115.63714599609376,-292.9743957519531,500.1873779296875,249.34811401367188,-195.9934539794922,827.3812866210938,-126.1777801513672,105.6975326538086,245.71414184570312,-161.7939910888672,-183.10877990722656,977.8357543945312,-144.5382843017578,-152.3433837890625,486.5860900878906,-205.6631774902344,-271.3671569824219,860.4080200195312
98.40374755859376,-254.65591430664065,132.7204132080078,139.944091796875,-233.0028839111328,990.980224609375,116.67792510986328,-286.4927673339844,499.6468200683594,251.0023193359375,-203.0767364501953,829.5470581054688,-125.50270080566406,96.07744598388672,250.9414978027344,-160.92852783203125,-183.1640625,978.6927490234376,-144.87744140625,-162.96600341796875,487.0490112304688,-207.07485961914065,-267.555419921875,860.9197998046875
98.30274200439452,-245.14712524414065,132.6387176513672,140.98260498046875,-232.80755615234372,992.369873046875,117.74374389648438,-279.702392578125,499.1180419921875,252.5455474853516,-210.33737182617188,831.8685302734375,-124.7600326538086,85.94493103027344,255.6700897216797,-160.0874786376953,-183.05905151367188,979.6322631835938,-145.08489990234375,-173.52871704101562,487.99603271484375,-208.46630859375,-263.72076416015625,861.4298095703125
98.21907806396484,-235.6158447265625,132.56625366210938,142.0148162841797,-232.3667907714844,993.6561889648438,118.82479858398438,-272.6883544921875,498.6156311035156,253.96246337890625,-217.75001525878903,834.3405151367188,-123.96749114990234,75.36820983886719,259.7826538085937,-159.27207946777344,-182.81326293945312,980.65478515625,-145.16690063476562,-183.9784240722656,489.4263000488281,-209.82369995117188,-259.8755798339844,861.924072265625
98.15464782714844,-226.0751800537109,132.50228881835938,143.03854370117188,-231.69137573242188,994.8314208984376,119.89519500732422,-265.5209045410156,498.1490173339844,255.23828125,-225.28793334960935,836.95751953125,-123.14543914794922,64.39154815673828,263.1634826660156,-158.48309326171875,-182.4471740722656,981.7581176757812,-145.13720703125,-194.26075744628903,491.3145446777344,-211.13345336914065,-256.0318908691406,862.3897094726562
98.10758972167967,-216.5343780517578,132.44740295410156,144.0512237548828,-230.7948760986328,995.8878784179688,120.9160385131836,-258.25299072265625,497.7230529785156,256.35906982421875,-232.9232635498047,839.7139282226562,-122.31703186035156,53.036895751953125,265.7060546875,-157.72109985351562,-181.98117065429688,982.9367065429688,-145.0137176513672,-204.3203887939453,493.6140441894531,-212.38218688964844,-252.2013092041016,862.815185546875
98.07324981689452,-206.9993133544922,132.40286254882812,145.0498504638672,-229.6935272216797,996.8185424804688,121.84210205078124,-250.91937255859372,497.3385925292969,257.31182861328125,-240.62722778320312,842.603515625,-121.50865173339844,41.30694580078125,267.3209228515625,-156.98666381835938,-181.4347686767578,984.181396484375,-144.81475830078125,-214.10256958007807,496.260986328125,-213.556884765625,-248.39498901367188,863.1900634765625
98.04533386230467,-197.4731292724609,132.37005615234375,146.0308380126953,-228.4058074951172,997.61669921875,122.63054656982422,-243.5375213623047,496.99359130859375,258.0846862792969,-248.37039184570312,845.619140625,-120.7498550415039,29.189096450805664,267.9427795410156,-156.28053283691406,-180.8258819580078,985.4789428710938,-144.55551147460938,-223.5555725097656,499.1800231933594,-214.6450653076172,-244.62355041503903,863.5052490234375
98.01721954345705,-187.95687866210935,132.34999084472656,146.99005126953125,-226.9519195556641,998.2763671875,123.24948120117188,-236.1104431152344,496.6838684082031,258.66705322265625,-256.12286376953125,848.7529296875,-120.07244873046876,16.660158157348633,267.53521728515625,-155.60394287109375,-180.17063903808597,986.8128662109376,-144.2450714111328,-232.6331024169922,502.2906188964844,-215.6349639892578,-240.89720153808597,863.752685546875
97.98289489746094,-178.45010375976562,132.34298706054688,147.92269897460938,-225.3530731201172,998.7926025390624,123.68367767333984,-228.63121032714844,496.4039916992188,259.0498046875,-263.8544921875,851.9955444335938,-119.50885772705078,3.691467046737671,266.0938720703125,-154.95860290527344,-179.483154296875,988.1633911132812,-143.88446044921875,-241.29592895507807,505.5128479003906,-216.51580810546875,-237.2255859375,863.9256591796875
97.93755340576172,-168.95135498046875,132.3486328125,148.8232879638672,-223.630615234375,999.161865234375,123.9359359741211,-221.0886383056641,496.14752197265625,259.22528076171875,-271.5353088378906,855.3362426757812,-119.09065246582033,-9.74652862548828,263.646240234375,-154.3468017578125,-178.77566528320312,989.5087890625,-143.46597290039062,-249.5120391845703,508.7727355957031,-217.27806091308597,-233.6179351806641,864.0184326171875
97.87775421142578,-159.4586181640625,132.36590576171875,149.685791015625,-221.80555725097656,999.3819580078124,124.02420806884766,-213.4727020263672,495.9070129394531,259.18756103515625,-279.13555908203125,858.7628173828125,-118.8473129272461,-23.68082427978516,260.2496032714844,-153.77127075195312,-178.05868530273438,990.8258666992188,-142.97427368164062,-257.2557983398437,512.0059814453125,-217.9137420654297,-230.08290100097656,864.0267333984375
97.80119323730467,-149.9698944091797,132.39332580566406,150.5039825439453,-219.89797973632807,999.4526977539062,123.97614288330078,-205.77867126464844,495.6742248535156,258.9324035644531,-286.6260986328125,862.26123046875,-118.8049774169922,-38.13350296020508,255.98699951171875,-153.23504638671875,-177.3412322998047,992.09130859375,-142.3891143798828,-264.5066833496094,515.1589965820312,-218.41656494140625,-226.62869262695312,863.947265625
97.70631408691406,-140.4837646484375,132.4292755126953,151.27175903320312,-217.9268035888672,999.3754272460938,123.82301330566406,-198.0098571777344,495.44036865234375,258.45751953125,-293.9784851074219,865.81591796875,-118.98487854003906,-53.12005233764648,250.96226501464844,-152.74110412597656,-176.63116455078125,993.2823486328124,-141.68936157226562,-271.2484741210937,518.1881103515625,-218.78225708007807,-223.26290893554688,863.778076171875
97.59174346923828,-130.99954223632812,132.47215270996094,151.98350524902344,-215.9094696044922,999.1534423828124,123.5946273803711,-190.17874145507807,495.19635009765625,257.762451171875,-301.1653747558594,869.409423828125,-119.40144348144533,-68.64791870117188,245.2950592041016,-152.29220581054688,-175.93545532226562,994.3778076171876,-140.85780334472656,-277.4688720703125,521.056396484375,-219.0087127685547,-219.99261474609372,863.5183715820312
97.45586395263672,-121.51725769042967,132.52056884765625,152.63442993164062,-213.86192321777344,998.7916870117188,123.31591796875,-182.3069000244141,494.93353271484375,256.8487243652344,-308.1605529785156,873.0228881835938,-120.06012725830078,-84.71484375,239.11595153808597,-151.89059448242188,-175.2604217529297,995.3587646484376,-139.88540649414062,-283.158935546875,523.7308349609375,-219.09600830078125,-216.82423400878903,863.168701171875
97.2965850830078,-112.03723907470705,132.5733184814453,153.22096252441406,-211.7985076904297,998.296875,123.00531768798828,-174.423828125,494.6442565917969,255.7199249267578,-314.9392395019531,876.6358032226562,-120.95491027832033,-101.30686950683594,232.5617828369141,-151.537841796875,-174.6119384765625,996.2088623046876,-138.7740020751953,-288.3125,526.1803588867188,-219.04660034179688,-213.7635498046875,862.7306518554688
97.1113739013672,-102.55987548828124,132.62950134277344,153.74082946777344,-209.7320556640625,997.6773071289062,122.67474365234376,-166.56446838378906,494.32275390625,254.3816375732422,-321.4781799316406,880.226318359375,-122.06599426269533,-118.39630889892578,225.77145385742188,-151.23471069335938,-173.99560546875,996.9151000976562,-137.53762817382812,-292.9253234863281,528.3748779296875,-218.86517333984372,-210.81564331054688,862.20703125
96.8976821899414,-93.08572387695312,132.6885986328125,154.19326782226562,-207.67404174804688,996.9425048828124,122.33067321777344,-158.76637268066406,493.9660339355469,252.84146118164065,-327.7559509277344,883.7715454101562,-123.35830688476562,-135.94044494628906,218.88206481933597,-150.98114013671875,-173.416748046875,997.4674682617188,-136.20208740234375,-296.9947204589844,530.2860717773438,-218.55860900878903,-207.9849090576172,861.6014404296875
96.65364837646484,-83.61591339111328,132.750732421875,154.5789794921875,-205.6347503662109,996.1031494140624,121.9760284423828,-151.0668487548828,493.5744323730469,251.10891723632807,-333.7530822753906,887.2473754882812,-124.78155517578124,-153.88153076171875,212.02542114257807,-150.77630615234375,-172.88052368164062,997.8595581054688,-134.8034210205078,-300.5187072753906,531.88818359375,-218.13577270507807,-205.27496337890625,860.91845703125
96.37893676757812,-74.152587890625,132.81671142578125,154.90003967285156,-203.6235198974609,995.1708374023438,121.61219787597656,-143.50051879882812,493.15179443359375,249.1954498291016,-339.4522399902344,890.6292114257812,-126.2725601196289,-172.14889526367188,205.32505798339844,-150.61874389648438,-172.39183044433594,998.0880737304688,-133.3853302001953,-303.4959716796875,533.159423828125,-217.6074066162109,-202.6887664794922,860.1632080078125
96.07545471191406,-64.69931030273438,132.88804626464844,155.15966796875,-201.6490478515625,994.1575927734376,121.24100494384766,-136.09800720214844,492.70513916015625,247.11419677734372,-344.8383178710937,893.8917236328125,-127.7601547241211,-190.663330078125,198.89389038085935,-150.5065460205078,-171.955322265625,998.1529541015624,-131.99627685546875,-305.9255065917969,534.082763671875,-216.9858245849609,-200.2285614013672,859.3411254882812
95.7477798461914,-55.26128768920898,132.96705627441406,155.36187744140625,-199.71983337402344,993.0758056640624,120.86630249023438,-128.88540649414062,492.2438049316406,244.87994384765625,-349.8985595703125,897.0094604492188,-129.1721954345703,-209.3422088623047,192.83224487304688,-150.4376220703125,-171.5753631591797,998.0572509765624,-130.68609619140625,-307.8070373535156,534.646728515625,-216.2846221923828,-197.89596557617188,858.4580078125
95.40313720703124,-45.84541320800781,133.05728149414062,155.51113891601562,-197.8445281982422,991.9376831054688,120.49470520019533,-121.8843994140625,491.7785339355469,242.5089263916016,-354.62255859375,899.9569702148438,-130.4427490234375,-228.1018524169922,187.22625732421875,-150.40989685058594,-171.25607299804688,997.8067626953124,-129.5023651123047,-309.1417541503906,534.8460693359375,-215.5184783935547,-195.69204711914065,857.51953125
95.05113983154295,-36.46030807495117,133.1638641357422,155.61187744140625,-196.0323486328125,990.7553100585938,120.13540649414062,-115.11280822753906,491.3204956054688,240.0186920166016,-359.002197265625,902.7092895507812,-131.5177459716797,-246.85618591308597,182.14642333984372,-150.42161560058594,-171.00144958496094,997.4096069335938,-128.48692321777344,-309.9340515136719,534.681640625,-214.70286560058597,-193.61740112304688,856.5313110351562
94.70321655273438,-27.116315841674805,133.2939453125,155.6681671142578,-194.29335021972656,989.5399169921876,119.79928588867188,-108.5854721069336,490.8801879882813,237.42784118652344,-363.03173828125,905.241943359375,-132.35816955566406,-265.5120849609375,177.6464385986328,-150.47157287597656,-170.81546020507812,996.876220703125,-127.6726303100586,-310.1937561035156,534.1610107421875,-213.8538055419922,-191.67230224609372,855.4984130859375
94.37184143066406,-17.825342178344727,133.45677185058594,155.68333435058594,-192.63848876953125,988.3021850585938,119.49738311767578,-102.31524658203124,490.466552734375,234.75596618652344,-366.70745849609375,907.5316772460938,-132.9398956298828,-283.96343994140625,173.76202392578125,-150.5592498779297,-170.70240783691406,996.2186279296876,-127.08087158203124,-309.93902587890625,533.2979736328125,-212.98765563964844,-189.8568420410156,854.4255981445312
94.06951904296876,-8.60041332244873,133.66363525390625,155.6597442626953,-191.07960510253903,987.0516967773438,119.23938751220705,-96.31413269042967,490.0860290527344,232.02340698242188,-370.0275573730469,909.556640625,-133.25123596191406,-302.0858154296875,170.50955200195312,-150.6849365234375,-170.6671905517578,995.4502563476562,-126.71987915039062,-309.1997985839844,532.1124267578125,-212.12094116210935,-188.17100524902344,853.3171997070312
93.80760192871094,0.5450578927993774,133.92713928222656,155.59864807128906,-189.62939453125,985.7969970703124,119.03219604492188,-90.59440612792967,489.7421569824219,229.2510528564453,-372.9919738769531,911.2966918945312,-133.28945922851562,-319.7342224121094,167.8848114013672,-150.84963989257812,-170.71559143066406,994.5855712890624,-126.5840835571289,-308.02069091796875,530.630615234375,-211.2701873779297,-186.61489868164065,852.1768798828125
93.59498596191406,9.598136901855469,134.26034545898438,155.50009155273438,-188.3014068603516,984.545654296875,118.87893676757812,-85.16971588134766,489.43505859375,226.46018981933597,-375.6020202636719,912.7340698242188,-133.0577850341797,-336.74481201171875,165.86273193359375,-151.05494689941406,-170.85446166992188,993.6395263671876,-126.65438079833984,-306.46337890625,528.88525390625,-210.4518585205078,-185.18885803222656,851.0079345703125
93.43711853027344,18.54701232910156,134.6759033203125,155.36289978027344,-187.11004638671875,983.303955078125,118.77835845947266,-80.055908203125,489.1614990234375,223.67237854003903,-377.8600769042969,913.853271484375,-132.56317138671875,-352.9388732910156,164.39768981933594,-151.3028106689453,-171.09181213378906,992.6275634765624,-126.89907836914062,-304.6072692871094,526.9166870117188,-209.68214416503903,-183.89361572265625,849.8134765625
93.33539581298828,27.381256103515625,135.1856231689453,155.18479919433594,-186.0702972412109,982.0772094726562,118.72451782226562,-75.271484375,488.9150085449219,220.9091796875,-379.7693176269531,914.6417846679688,-131.81517028808594,-368.1294250488281,163.42486572265625,-151.59524536132812,-171.43690490722656,991.5651245117188,-127.27566528320312,-302.5483093261719,524.7733764648438,-208.97698974609372,-182.73043823242188,848.59619140625
93.28707885742188,36.09175109863281,135.80055236816406,154.96267700195312,-185.19757080078125,980.8696899414062,118.70674896240234,-70.8375015258789,488.6863098144531,218.19210815429688,-381.333251953125,915.0903930664062,-130.8256378173828,-382.129638671875,162.86282348632812,-151.93397521972656,-171.9001922607422,990.4673461914062,-127.73341369628906,-300.3959350585937,522.5118408203125,-208.35194396972656,-181.70123291015625,847.3590087890625
93.28555297851562,44.67039108276367,136.53114318847656,154.6929473876953,-184.50698852539065,979.6851806640624,118.70986938476562,-66.77690124511719,488.4641723632813,215.54249572753903,-382.5554504394531,915.1931762695312,-129.60923767089844,-394.7628784179688,162.61753845214844,-152.32012939453125,-172.49327087402344,989.3490600585938,-128.21690368652344,-298.2680358886719,520.1954345703125,-207.822021484375,-180.80862426757807,846.1051025390625
93.32097625732422,53.10963821411133,137.3875274658203,154.3721160888672,-184.01284790039065,978.5269165039062,118.7146224975586,-63.11336135864258,488.2361145019531,212.9812774658203,-383.4391479492188,914.9480590820312,-128.18397521972656,-405.87353515625,162.5878448486328,-152.75408935546875,-173.22853088378906,988.2246704101562,-128.6701202392578,-296.284423828125,517.8908081054688,-207.4016571044922,-180.05601501464844,844.8380126953125
93.38134002685548,61.402122497558594,138.37979125976562,153.99728393554688,-183.72775268554688,977.3982543945312,118.69866943359376,-59.86990737915039,487.9898071289063,210.5288543701172,-383.9870300292969,914.356689453125,-126.57105255126952,-415.3370056152344,162.67176818847656,-153.2351531982422,-174.11875915527344,987.1080932617188,-129.04074096679688,-294.5588684082031,515.66357421875,-207.1044769287109,-179.44764709472656,843.56201171875
93.45370483398438,69.5402603149414,139.51815795898438,153.56658935546875,-183.66204833984372,976.302734375,118.63810729980467,-57.06744766235352,487.7138671875,208.2049102783203,-384.2009582519531,913.4248046875,-124.79461669921876,-423.0682373046875,162.773193359375,-153.76156616210938,-175.17645263671875,986.0130615234376,-129.2841339111328,-293.191162109375,513.5731811523438,-206.943115234375,-178.98854064941406,842.2822875976562
93.52568817138672,77.51591491699219,140.81300354003906,153.0793914794922,-183.8234405517578,975.2442626953124,118.50970458984376,-54.72360610961914,487.39892578125,206.02816772460935,-384.0818176269531,912.162109375,-122.88202667236328,-429.0294494628906,162.80845642089844,-154.33050537109375,-176.41302490234375,984.9531860351562,-129.36663818359375,-292.2595520019531,511.6686096191406,-206.9290008544922,-178.68441772460938,841.0049438476562
93.58689880371094,85.3199462890625,142.27496337890625,152.53627014160156,-184.21669006347656,974.2271728515624,118.29364013671876,-52.8520622253418,487.0382080078125,204.01614379882807,-383.6295166015625,910.5821533203124,-120.86456298828124,-433.23541259765625,162.71209716796875,-154.93812561035156,-177.83779907226562,983.9424438476562,-129.2681427001953,-291.8153686523437,509.9846496582031,-207.0721435546875,-178.5417022705078,839.7373657226562
93.63018035888672,92.94155883789062,143.9150390625,151.93896484375,-184.8434600830078,973.2562255859376,117.97657775878906,-51.46271133422852,486.6280517578125,202.18492126464844,-382.8429260253906,908.7024536132812,-118.77784729003906,-435.7551574707031,162.441162109375,-155.5797576904297,-179.45689392089844,982.9954223632812,-128.98374938964844,-291.8800048828125,508.5407409667969,-207.3807678222656,-178.56732177734375,838.488037109375
93.65251922607422,100.36749267578124,145.74484252929688,151.29019165039062,-185.7021942138672,972.3364868164062,117.5547103881836,-50.56264114379883,486.16796875,200.54884338378903,-381.7200317382813,906.5438232421876,-116.66189575195312,-436.7093200683594,161.97702026367188,-156.25018310546875,-181.27215576171875,982.1275024414062,-128.52462768554688,-292.44500732421875,507.341064453125,-207.86119079589844,-178.76864624023438,837.2666625976562
93.65541076660156,107.5809097290039,147.77684020996094,150.5933837890625,-186.78790283203125,971.47314453125,117.03639221191406,-50.15787887573242,485.6603698730469,199.1202087402344,-380.2581176757813,904.1306762695312,-114.5607452392578,-436.2628479003906,161.32412719726562,-156.94387817382812,-183.2800445556641,981.3549194335938,-127.91781616210938,-293.4749450683594,506.3769226074219,-208.5175018310547,-179.15325927734375,836.0841674804688
93.64472198486328,114.5601577758789,150.0247039794922,149.85260009765625,-188.0919952392578,970.6717529296876,116.44408416748048,-50.25564956665039,485.1101379394531,197.90902709960935,-378.4538269042969,901.4901733398438,-112.52155303955078,-434.6126403808594,160.50535583496094,-157.6553192138672,-185.47085571289065,980.694580078125,-127.2046890258789,-294.9123840332031,505.6306762695313,-209.3513946533203,-179.72885131835938,834.952392578125
93.63011169433594,121.27728271484376,152.50338745117188,149.0723876953125,-189.6018218994141,969.9378051757812,115.81503295898438,-50.86666488647461,484.523681640625,196.9227752685547,-376.3036193847656,898.652099609375,-110.5932846069336,-431.9712524414063,159.55482482910156,-158.3792266845703,-187.8282470703125,980.163818359375,-126.4380340576172,-296.6841735839844,505.0809020996094,-210.36203002929688,-180.5030670166016,833.8843994140625
93.6246337890625,127.6960906982422,155.22816467285156,148.25772094726562,-191.3004302978516,969.2769165039062,115.20028686523438,-52.0069694519043,483.9075622558594,196.1661071777344,-373.8040161132813,895.6484985351562,-108.82511138916016,-428.5484008789063,158.5100860595703,-159.11077880859375,-190.3290863037109,979.7798461914062,-125.67821502685548,-298.7079162597656,504.7068176269531,-211.5459442138672,-181.48326110839844,832.8936767578125
93.64447021484376,133.7702178955078,158.2135009765625,147.41407775878906,-193.1661529541016,968.6945190429688,114.6617660522461,-53.69881057739258,483.2672729492188,195.6407623291016,-370.9519653320313,892.5128784179688,-107.2643814086914,-424.5324096679688,157.4065399169922,-159.84573364257812,-192.9439239501953,979.55859375,-124.9891128540039,-300.8976135253906,504.4914245605469,-212.8970489501953,-182.67645263671875,831.9945678710938
93.70870208740234,139.4416046142578,161.47244262695312,146.5474395751953,-195.1724090576172,968.1961059570312,114.26721954345705,-55.96998596191406,482.6054382324219,195.34542846679688,-367.7452392578125,889.2801513671875,-105.95384216308594,-420.0755004882813,156.2753448486328,-160.58050537109375,-195.6378631591797,979.5142822265624,-124.43418884277344,-303.1674499511719,504.421875,-214.40667724609372,-184.08909606933597,831.2014770507812
93.8386688232422,144.6396942138672,165.01658630371094,145.66424560546875,-197.28794860839844,967.786865234375,114.08358001708984,-58.85175323486328,481.9205627441406,195.27572631835935,-364.1828918457031,885.9854736328125,-104.92784118652344,-415.2857666015625,155.14260864257812,-161.31216430664062,-198.37181091308597,979.6580200195312,-124.07283782958984,-305.4333190917969,504.487548828125,-216.0636749267578,-185.7269287109375,830.529052734375
94.05661010742188,149.28195190429688,168.8563995361328,144.7711181640625,-199.4774932861328,967.4716796875,114.17003631591795,-62.37577438354492,481.2064208984375,195.4242401123047,-360.2657775878906,882.6641235351562,-104.20793151855467,-410.2264404296875,154.0293426513672,-162.03843688964844,-201.1040496826172,979.9971313476562,-123.95660400390624,-307.61248779296875,504.6764526367188,-217.85467529296875,-187.59490966796875,829.9913330078125
94.38373565673828,153.27587890625,173.00057983398438,143.8745574951172,-201.70298767089844,967.2550048828124,114.5718002319336,-66.5708236694336,480.4526977539063,195.7806701660156,-355.9967041015625,879.3506469726562,-103.79963684082033,-404.9215087890625,152.95208740234375,-162.75753784179688,-203.79180908203125,980.5342407226562,-124.1251449584961,-309.62158203125,504.971435546875,-219.76426696777344,-189.6969757080078,829.60205078125
94.83817291259766,156.52235412597656,177.4542236328125,142.98056030273438,-203.92507934570312,967.1407470703124,115.31558990478516,-71.4595947265625,479.6469421386719,196.33206176757807,-351.3810119628906,876.0781860351562,-103.69137573242188,-399.3649597167969,151.9238739013672,-163.46820068359375,-206.39288330078125,981.2667846679688,-124.60201263427734,-311.3746032714844,505.3484497070313,-221.7753143310547,-192.0359344482422,829.3737182617188
95.4333267211914,158.92002868652344,182.216064453125,142.0943145751953,-206.1044464111328,967.1321411132812,116.40711975097656,-77.05598449707031,478.77777099609375,197.06301879882807,-346.4266662597656,872.8782958984375,-103.85575103759766,-393.5317077636719,150.95509338378906,-164.1695556640625,-208.8668975830078,982.1868896484376,-125.3908233642578,-312.7815856933594,505.7773132324219,-223.8692779541016,-194.6133575439453,829.3177490234375
96.17684173583984,160.37078857421875,187.2751617431641,141.22024536132812,-208.2031097412109,967.2315063476562,117.83069610595705,-83.36283874511719,477.8385009765625,197.95616149902344,-341.1445617675781,869.7799682617188,-104.25257110595705,-387.3875732421875,150.05392456054688,-164.86106872558594,-211.1764068603516,983.2811889648438,-126.47276306152344,-313.7489624023437,506.2251586914063,-226.02647399902344,-197.4293212890625,829.4440307617188
97.07025909423828,160.78614807128906,192.6078643798828,140.3620147705078,-210.18548583984372,967.440673828125,119.5503387451172,-90.3700942993164,476.8310546875,198.992431640625,-335.5484619140625,866.8095703125,-104.8328857421875,-380.898193359375,149.22665405273438,-165.54251098632812,-213.28761291503903,984.5316772460938,-127.8065948486328,-314.18243408203125,506.6609802246094,-228.2263946533203,-200.4823455810547,829.7607421875
98.10903930664062,160.09400939941406,198.1754608154297,139.52256774902344,-212.01963806152344,967.760498046875,121.51245880126952,-98.05329895019533,475.7685546875,200.151611328125,-329.65496826171875,863.9904174804688,-105.54318237304688,-374.0356750488281,148.4778594970703,-166.2139434814453,-215.17076110839844,985.9159545898438,-129.33175659179688,-313.99176025390625,507.059814453125,-230.44796752929688,-203.76922607421875,830.2742919921875
99.2824249267578,158.2447967529297,203.92364501953125,138.7041015625,-213.6783905029297,968.1914672851562,123.65005493164062,-106.37301635742188,474.6770935058594,201.41270446777344,-323.4833984375,861.34228515625,-106.32930755615234,-366.7833557128906,147.8104705810547,-166.87562561035156,-216.8003845214844,987.4085083007812,-130.9741973876953,-313.097412109375,507.4056396484375,-232.66989135742188,-207.2848663330078,830.9891357421875
100.57315063476562,155.21652221679688,209.78399658203125,137.90802001953125,-215.14048767089844,968.7334594726562,125.88790893554688,-115.2751922607422,473.5958557128906,202.75445556640625,-317.05548095703125,858.8816528320312,-107.13999938964844,-359.1380310058594,147.22581481933594,-167.52801513671875,-218.15524291992188,988.9815673828124,-132.65390014648438,-311.4370422363281,507.6925048828125,-234.87083435058597,-211.0222930908203,831.90771484375
101.95751190185548,151.01776123046875,215.6776580810547,137.13502502441406,-216.39149475097656,969.38623046875,128.1479034423828,-124.69249725341795,472.57568359375,204.15570068359372,-310.39508056640625,856.6212768554688,-107.93009948730467,-351.1102905273437,146.72352600097656,-168.17173767089844,-219.21823120117188,990.6063232421876,-134.2932891845703,-308.9715270996094,507.9237365722656,-237.0296936035156,-214.97251892089844,833.03076171875
103.40670776367188,145.68882751464844,221.52003479003903,136.3849639892578,-217.4242706298828,970.1495971679688,130.35401916503906,-134.5465087890625,471.6763305664063,205.5958251953125,-303.5277404785156,854.5702514648438,-108.66331481933594,-342.72369384765625,146.30123901367188,-168.80738830566406,-219.9761657714844,992.2540893554688,-135.8253173828125,-305.6893005371094,508.1095581054688,-239.1258544921875,-219.1245880126953,834.3570556640625
104.8896942138672,139.30007934570312,227.225341796875,135.65673828125,-218.23904418945312,971.0231323242188,132.43641662597656,-144.7506561279297,470.9625549316406,207.05499267578125,-296.4803771972656,852.7340087890625,-109.3141098022461,-334.0127868652344,145.95452880859375,-169.43551635742188,-220.4195709228516,993.8971557617188,-137.2000274658203,-301.6084899902344,508.2637023925781,-241.13934326171875,-223.46554565429688,835.8836059570312
106.37644958496094,131.94688415527344,232.70993041992188,134.94822692871094,-218.84300231933597,972.0059814453124,134.3349151611328,-155.213623046875,470.4995727539063,208.5145263671875,-289.2808532714844,851.1144409179688,-109.86835479736328,-325.0207214355469,145.6768798828125,-170.0563507080078,-220.5424652099609,995.5098266601562,-138.38882446289062,-296.77655029296875,508.3996276855469,-243.0511016845703,-227.98057556152344,837.6058959960938
107.84073638916016,123.7414779663086,237.8927764892578,134.25636291503906,-219.2494201660156,973.096435546875,136.00143432617188,-165.84271240234375,470.3483581542969,209.95703125,-281.95751953125,849.7099609375,-110.3225326538086,-315.7962341308594,145.4600067138672,-170.66990661621094,-220.34225463867188,997.0687255859376,-139.3855438232422,-291.267333984375,508.5270690917969,-244.84304809570312,-232.6530914306641,839.5180053710938
109.26160430908205,114.8029556274414,242.6937255859375,133.57723999023438,-219.47657775878903,974.2916870117188,137.4015655517578,-176.54689025878906,470.5608825683594,211.3665771484375,-274.5389099121094,848.515625,-110.6815948486328,-306.3901672363281,145.29452514648438,-171.2758026123047,-219.8196563720703,998.5536499023438,-140.2040557861328,-285.17584228515625,508.6498718261719,-246.49835205078125,-237.46484375,841.6124877929688
110.62385559082033,105.24700927734376,247.03097534179688,132.90643310546875,-219.54632568359372,975.5872802734376,138.51490783691406,-187.2393798828125,471.1761779785156,212.72869873046875,-267.0534362792969,847.5234375,-110.9560317993164,-296.8523254394531,145.17068481445312,-171.87338256835938,-218.9788055419922,999.9474487304688,-140.8729705810547,-278.6112060546875,508.7655029296875,-248.0014495849609,-242.3960723876953,843.8806762695312
111.9174575805664,95.17717742919922,250.8199462890625,132.23924255371094,-219.48252868652344,976.976806640625,139.33419799804688,-197.83935546875,472.21722412109375,214.030517578125,-259.529052734375,846.7222290039062,-111.15875244140624,-287.2287292480469,145.0792999267578,-172.46170043945312,-217.8272857666016,1001.2361450195312,-141.42868041992188,-271.6889343261719,508.8658447265625,-249.3382110595703,-247.4257659912109,846.3128051757812
113.13636016845705,84.67867279052734,253.9742584228516,131.57113647460938,-219.3095703125,978.4511108398438,139.8634796142578,-208.27316284179688,473.6887817382813,215.2605438232422,-251.9931640625,846.098388671875,-111.30221557617188,-277.5594787597656,145.01239013671875,-173.03961181640625,-216.37631225585935,1002.4088745117188,-141.90782165527344,-264.52264404296875,508.9391784667969,-250.49595642089844,-252.53173828125,848.897705078125
114.27713775634766,73.81529998779297,256.4089050292969,130.8981475830078,-219.0509033203125,979.998291015625,140.11541748046875,-218.47499084472656,475.5767211914063,216.4087677001953,-244.472412109375,845.6356201171875,-111.39639282226562,-267.87725830078125,144.9637908935547,-173.6056365966797,-214.6407623291016,1003.4573974609376,-142.34095764160156,-257.2169189453125,508.9727478027344,-251.4635772705078,-257.6909484863281,851.6233520507812
115.33782958984376,62.629024505615234,258.044677734375,130.2173309326172,-218.72789001464844,981.6033325195312,140.10848999023438,-228.38720703125,477.8487243652344,217.4664306640625,-236.99261474609372,845.315673828125,-111.44747161865234,-258.20672607421875,144.92921447753906,-174.15797424316406,-212.63931274414065,1004.376220703125,-142.7480010986328,-249.8607940673828,508.9552612304688,-252.23147583007807,-262.8796081542969,854.4762573242188
116.3172378540039,51.14147186279297,258.812744140625,129.5271453857422,-218.3588104248047,983.2481689453124,139.86436462402344,-237.96002197265625,480.4563293457031,218.42601013183597,-229.57872009277344,845.1182250976562,-111.45770263671876,-248.5647125244141,144.9061737060547,-174.69432067871094,-210.39442443847656,1005.1619873046876,-143.13644409179688,-242.5235137939453,508.8792114257813,-252.7916259765625,-268.073486328125,857.44189453125
117.21475982666016,39.35639190673828,258.6593322753906,128.82786560058594,-217.9582977294922,984.9117431640624,139.4058074951172,-247.1507568359375,483.3381958007813,219.28109741210935,-222.25474548339844,845.0219116210938,-111.42618560791016,-238.9608612060547,144.8936767578125,-175.21173095703125,-207.9322662353516,1005.8134765625,-143.50221252441406,-235.2521209716797,508.7420349121094,-253.1376037597656,-273.2480773925781,860.5045776367188
118.03060150146484,27.26225852966309,257.5495300292969,128.12184143066406,-217.53692626953125,986.5707397460938,138.7554168701172,-255.9231109619141,486.4243774414063,220.0263671875,-215.0437774658203,845.0040283203125,-111.35039520263672,-229.3987579345703,144.8917694091797,-175.7064666748047,-205.2825164794922,1006.3316040039062,-143.83273315429688,-228.0717315673828,508.5465393066406,-253.26449584960935,-278.3787536621094,863.6472778320312
118.7665557861328,14.834846496582031,255.47056579589844,127.4136734008789,-217.1010589599609,988.2000732421876,137.93487548828125,-264.2465209960937,489.6409606933594,220.65750122070312,-207.96795654296875,845.0416259765625,-111.22796630859376,-219.8774871826172,144.90101623535156,-176.1739501953125,-202.47789001464844,1006.718994140625,-144.11135864257812,-220.9879302978516,508.3003540039063,-253.1689300537109,-283.4410705566406,866.8519897460938
119.42698669433594,2.0403521060943604,252.4344024658203,126.71012115478516,-216.6529541015625,989.7738647460938,136.9647979736328,-272.09552001953125,492.9146118164063,221.1712646484375,-201.0484619140625,845.1115112304688,-111.05836486816406,-210.39312744140625,144.92205810546875,-176.60874938964844,-199.55355834960935,1006.97998046875,-144.32211303710938,-213.9910888671875,508.0150146484375,-252.8491058349609,-288.41094970703125,870.099365234375
120.01934051513672,-11.161213874816896,248.47885131835935,126.01995849609376,-216.19119262695312,991.2662353515624,135.86505126953125,-279.44952392578125,496.1763000488281,221.56546020507807,-194.30545043945312,845.1911010742188,-110.84398651123048,-200.9399261474609,144.9551544189453,-177.00469970703125,-196.5465850830078,1007.1204833984376,-144.4535675048828,-207.0616912841797,507.7042846679688,-252.30465698242188,-293.2648620605469,873.3690185546875
120.55402374267578,-24.81293487548828,243.6671905517578,125.35360717773438,-215.71145629882807,992.6522216796876,134.65525817871094,-286.2924499511719,499.364013671875,221.83909606933597,-187.75808715820312,845.2587280273438,-110.59066772460938,-191.51109313964844,145.0000457763672,-177.3550567626953,-193.4952545166016,1007.1477661132812,-144.5012664794922,-200.1760406494141,507.3828430175781,-251.5367431640625,-297.98004150390625,876.6395874023438
121.04360961914062,-38.95821762084961,238.0865478515625,124.72264862060548,-215.2073516845703,993.9085693359376,133.35537719726562,-292.61279296875,502.4242858886719,221.99246215820312,-181.4244537353516,845.2940673828125,-110.30738067626952,-182.0993194580078,145.05577087402344,-177.6528778076172,-190.4384002685547,1007.070068359375,-144.4686279296875,-193.3110809326172,507.0647277832031,-250.5480194091797,-302.5347900390625,879.8887939453125
121.50180053710938,-53.637962341308594,231.8451995849609,124.13919067382812,-214.67138671875,995.0142822265624,131.98634338378906,-298.40338134765625,505.3128051757813,222.0272674560547,-175.32154846191406,845.2786254882812,-110.00546264648438,-172.69720458984375,145.12086486816406,-177.89132690429688,-187.41455078125,1006.8961791992188,-144.3663787841797,-186.4480438232422,506.7622375488281,-249.34259033203125,-306.90850830078125,883.093505859375
121.94221496582033,-68.88728332519531,225.06915283203125,123.61521911621094,-214.09600830078125,995.9512329101562,130.57061767578125,-303.6617736816406,507.9941101074219,221.94674682617188,-169.46519470214844,845.1961059570312,-109.69756317138672,-163.29759216308594,145.1934814453125,-178.0640869140625,-184.46080017089844,1006.6350708007812,-144.21080017089844,-179.5746307373047,506.4852294921875,-247.9261474609375,-311.08203125,886.2299194335938
122.37728118896484,-84.73155212402344,217.89796447753903,123.16191864013672,-213.47445678710935,996.7047729492188,129.1323699951172,-308.3899841308594,510.4410095214844,221.75582885742188,-163.8700408935547,845.0325317382812,-109.39644622802734,-153.89370727539062,145.27159118652344,-178.16575622558594,-181.61170959472656,1006.295166015625,-144.0215606689453,-172.6859130859375,506.24029541015625,-246.3059234619141,-315.03765869140625,889.2737426757812
122.8170394897461,-101.18184661865234,210.4801025390625,122.78904724121094,-212.8016815185547,997.2635498046876,127.6973876953125,-312.59442138671875,512.6339111328125,221.461181640625,-158.5494842529297,844.7766723632812,-109.11389923095705,-144.47946166992188,145.3531036376953,-178.1922149658203,-178.89830017089844,1005.8839721679688,-143.81922912597656,-165.78399658203125,506.0304565429688,-244.49078369140625,-318.7593688964844,892.2005004882812
123.26791381835938,-118.23030853271484,202.96788024902344,122.50440216064452,-212.0749053955078,997.619873046875,126.29251098632812,-316.2856140136719,514.56005859375,221.07118225097656,-153.51564025878906,844.4197998046875,-108.85978698730467,-135.04977416992188,145.43612670898438,-178.14100646972656,-176.3472442626953,1005.4075927734376,-143.62315368652344,-158.8769989013672,505.8551330566406,-242.4912567138672,-322.23297119140625,894.9855346679688
123.7317123413086,-135.84628295898438,195.5121154785156,122.31343841552734,-211.294189453125,997.7696533203124,124.94463348388672,-319.4774780273437,516.2129516601562,220.59600830078125,-148.77932739257812,843.9559326171875,-108.6413116455078,-125.600830078125,145.51904296875,-178.01145935058594,-173.9803009033203,1004.8703002929688,-143.4497528076172,-151.97779846191406,505.7101440429688,-240.31944274902344,-325.4462280273437,897.6044921875
124.20504760742188,-153.97393798828125,188.2569122314453,122.21905517578124,-210.4627227783203,997.712158203125,123.67945098876952,-322.1870422363281,517.5912475585938,220.0474090576172,-144.3500213623047,843.3815307617188,-108.46266174316406,-116.1305160522461,145.60061645507812,-177.80487060546875,-171.81394958496094,1004.274658203125,-143.3114471435547,-145.1030731201172,505.5884399414063,-237.98907470703125,-328.38897705078125,900.033203125
124.67937469482422,-172.53182983398438,181.3346710205078,122.2215347290039,-209.58694458007807,997.44970703125,122.52005004882812,-324.433837890625,518.6981201171875,219.43858337402344,-140.23590087890625,842.6954345703125,-108.32504272460938,-106.6389389038086,145.6798553466797,-177.52435302734375,-169.85906982421875,1003.6212768554688,-143.21620178222656,-138.2729034423828,505.4805603027344,-235.515380859375,-331.05328369140625,902.2481079101562
125.14205169677734,-191.41485595703125,174.86187744140625,122.31865692138672,-208.6764068603516,996.9874267578124,121.48548126220705,-326.2399597167969,519.540283203125,218.783935546875,-136.4438018798828,841.898681640625,-108.2269515991211,-97.12863159179688,145.7559356689453,-177.17477416992188,-168.12086486816406,1002.9093017578124,-143.16770935058594,-131.51075744628906,505.37548828125,-232.9149932861328,-333.4333190917969,904.226318359375
125.57831573486328,-210.4984436035156,168.93569946289062,122.50587463378906,-207.7435760498047,996.3330688476562,120.58953857421876,-327.6298828125,520.1271362304688,218.09881591796875,-132.97927856445312,840.994140625,-108.16461181640624,-87.6045150756836,145.82806396484375,-176.76242065429688,-166.59902954101562,1002.1366577148438,-143.16574096679688,-124.8433609008789,505.2614135742188,-230.2058563232422,-335.5255432128906,905.9461059570312
125.97341918945312,-229.6434326171875,163.63143920898438,122.77662658691406,-206.8033599853516,995.49658203125,119.83985900878906,-328.63104248046875,520.4696044921875,217.399169921875,-129.8466339111328,839.9862670898438,-108.13243865966795,-78.07350158691406,145.89547729492188,-176.29476928710938,-165.28810119628906,1001.3005981445312,-143.2064208984375,-118.30001831054688,505.1270751953125,-227.4069976806641,-337.3284606933594,907.3870239257812
126.3141860961914,-248.7008514404297,159.00074768066406,123.12271118164062,-205.8726959228516,994.490234375,119.23745727539062,-329.27423095703125,520.5798950195312,216.7012634277344,-127.0489730834961,838.8809204101562,-108.12349700927734,-68.54393768310547,145.95742797851562,-175.78012084960938,-164.1780242919922,1000.3980102539062,-143.28257751464844,-111.91162109375,504.9625854492188,-224.5384063720703,-338.8426208496094,908.5300903320312
126.59003448486328,-267.51593017578125,155.0705108642578,123.53474426269533,-204.9700927734375,993.327880859375,118.77667999267578,-329.59393310546875,520.4703979492188,216.02137756347656,-124.58822631835938,837.6849365234375,-108.12989807128906,-59.02510070800781,146.01339721679688,-175.2272186279297,-163.25503540039062,999.426025390625,-143.3838653564453,-105.70925903320312,504.7598876953125,-221.62075805664065,-340.0703430175781,909.3585205078124
126.79348754882812,-285.9315490722656,151.8427276611328,124.00264739990234,-204.1151580810547,992.025390625,118.44559478759766,-329.628662109375,520.1539306640625,215.3755798339844,-122.46519470214844,836.4064331054688,-108.1432876586914,-49.52683639526367,146.06341552734375,-174.6449737548828,-162.5027618408203,998.3823852539062,-143.49713134765625,-99.72239685058594,504.512939453125,-218.67529296875,-341.0155639648437,909.8576049804688
126.9201889038086,-303.7909240722656,149.29534912109375,124.51610565185548,-203.32818603515625,990.599853515625,118.22689056396484,-329.4208679199219,519.6432495117188,214.77940368652344,-120.67955780029295,835.05419921875,-108.15541076660156,-40.05949020385742,146.108642578125,-174.04205322265625,-161.90321350097656,997.2660522460938,-143.60679626464844,-93.97683715820312,504.2176208496094,-215.72348022460935,-341.6834716796875,910.0154418945312
126.96851348876952,-320.9396667480469,147.38426208496094,125.0650634765625,-202.6298065185547,989.06982421875,118.09909057617188,-329.0165100097656,518.9510498046875,214.24771118164065,-119.22996520996094,833.6376342773438,-108.15885162353516,-30.63405418395996,146.152099609375,-173.42649841308594,-161.4381561279297,996.0771484375,-143.69541931152344,-88.49280548095703,503.8716125488281,-212.7868194580078,-342.080322265625,909.8232421875
126.93898010253906,-337.22772216796875,146.04595947265625,125.64008331298828,-202.04055786132807,987.4550170898438,118.03807067871094,-328.4640197753906,518.09033203125,213.79440307617188,-118.11399841308594,832.1671142578125,-108.14772033691406,-21.262304306030277,146.1995391845703,-172.80552673339844,-161.09022521972656,994.8175659179688,-143.74436950683594,-83.28361511230469,503.4744567871094,-209.8866271972656,-342.213134765625,909.2755737304688
126.8337860107422,-352.5118103027344,145.20127868652344,126.2327880859375,-201.58056640625,985.7760009765624,118.01880645751952,-327.8132019042969,517.074462890625,213.43231201171875,-117.32821655273438,830.6532592773438,-108.1175765991211,-11.956348419189451,146.26016235351562,-172.18516540527344,-160.84422302246094,993.4911499023438,-143.73443603515625,-78.35518646240234,503.02777099609375,-207.04376220703125,-342.0892333984375,908.3709106445312
126.65645599365234,-366.6583557128906,144.75975036621094,126.8361358642578,-201.26910400390625,984.0538940429688,118.01703643798828,-327.11334228515625,515.9176635742188,213.1730499267578,-116.86820220947266,829.1075439453125,-108.06529998779295,-2.7280192375183105,146.3468475341797,-171.56993103027344,-160.6881866455078,992.1038208007812,-143.6465606689453,-73.70698547363281,502.5356750488281,-204.2784423828125,-341.7162170410156,907.1118774414062
126.41178131103516,-379.546875,144.62478637695312,127.44470977783205,-201.1241455078125,982.310302734375,118.01094818115234,-326.4115295410156,514.6351318359375,213.02679443359372,-116.72863006591795,827.5416870117188,-107.98929595947266,6.411339282989502,146.4758758544922,-170.9625244140625,-160.61422729492188,990.66357421875,-143.4624786376953,-69.33432006835938,502.0050659179688,-201.61009216308597,-341.1014404296875,905.505615234375
126.1058349609375,-391.0732421875,144.69894409179688,128.054931640625,-201.16177368164065,980.5669555664062,117.98251342773438,-325.7508544921875,513.2435913085938,213.0023193359375,-116.9033660888672,825.9679565429688,-107.88983917236328,15.450658798217772,146.6663360595703,-170.3636932373047,-160.6190185546875,989.1806640625,-143.16558837890625,-65.23157501220703,501.4454345703125,-199.05712890625,-340.2520446777344,903.5639038085938
125.74568176269533,-401.1524658203125,144.88868713378906,128.66514587402344,-201.3955993652344,978.8458251953124,117.91842651367188,-325.1688537597656,511.7613220214844,213.10682678222656,-117.38568115234376,824.3991088867188,-107.76949310302734,24.378814697265625,146.93923950195312,-169.77210998535156,-160.70401000976562,987.6673583984376,-142.74169921875,-61.39571380615234,500.8685302734375,-196.63687133789065,-339.1747131347656,901.3031616210938
125.33894348144533,-409.720703125,145.10848999023438,129.27572631835938,-201.83609008789065,977.168701171875,117.81066131591795,-324.6966247558594,510.2086486816406,213.3459014892578,-118.16838073730467,822.8479614257812,-107.63343811035156,33.184349060058594,147.3165740966797,-169.18446350097656,-160.87525939941406,986.1376953125,-142.17987060546875,-57.82979583740234,500.2876281738281,-194.36538696289065,-337.8757019042969,898.74462890625
124.8936538696289,-416.7372741699219,145.28482055664062,129.8889923095703,-202.4898376464844,975.5574340820312,117.6566390991211,-324.3579406738281,508.60833740234375,213.7235412597656,-119.24404907226562,821.3276977539062,-107.489501953125,41.85520553588867,147.82034301757812,-168.59567260742188,-161.14280700683594,984.6069946289062,-141.47308349609375,-54.54591751098633,499.71624755859375,-192.25733947753903,-336.3607482910156,895.9140625
124.41877746582033,-422.18701171875,145.35995483398438,130.5091552734375,-203.3589324951172,974.0336303710938,117.4591827392578,-324.1692810058594,506.9861145019531,214.2420654296875,-120.60520935058594,819.851806640625,-107.34791564941406,50.37835693359375,148.47189331054688,-167.99945068359375,-161.5198516845703,983.0914916992188,-140.61874389648438,-51.56744766235352,499.1668090820313,-190.32583618164065,-334.6351318359375,892.8416748046875
123.92494201660156,-426.08251953125,145.29486083984375,131.14205932617188,-204.4404144287109,972.6190795898438,117.22628784179688,-324.1400451660156,505.37115478515625,214.90223693847656,-122.24455261230467,818.4335327148438,-107.22059631347656,58.73913192749024,149.29164123535156,-167.388916015625,-162.0214385986328,981.607666015625,-139.61891174316406,-48.93023300170898,498.6489868164063,-188.5823516845703,-332.7038879394531,889.5614624023438
123.42504119873048,-428.4656372070313,145.0703582763672,131.79490661621094,-205.72581481933597,971.3350219726562,116.97096252441406,-324.2733459472656,503.7964172363281,215.70327758789065,-124.1550521850586,817.0864868164062,-107.12010192871094,66.92021942138672,150.29896545410156,-166.75746154785156,-162.6630401611328,980.1713256835938,-138.48033142089844,-46.682716369628906,498.1682434082031,-187.0364532470703,-330.5718688964844,886.11083984375
122.93431854248048,-429.4078979492188,144.6859893798828,132.47584533691406,-207.2010040283203,970.2025756835938,116.71101379394533,-324.5674133300781,502.298583984375,216.6429901123047,-126.33016967773438,815.8237915039062,-107.05824279785156,74.90033721923828,151.5126495361328,-166.09934997558594,-163.45919799804688,978.79736328125,-137.21420288085938,-44.88484191894531,497.7247009277344,-185.69569396972656,-328.2439880371094,882.530029296875
122.4698257446289,-429.0085754394531,144.1565399169922,133.1935577392578,-208.84629821777344,969.2417602539062,116.4690170288086,-325.0167236328125,500.9175415039063,217.7177734375,-128.763916015625,814.6585693359375,-107.04476165771484,82.65267944335938,152.95132446289062,-165.4099884033203,-164.42218017578125,977.4987182617188,-135.8359375,-43.60588073730469,497.3121948242188,-184.56539916992188,-325.7254333496094,878.8612060546875
122.0493392944336,-427.3908081054688,143.50672912597656,133.9567108154297,-210.6368103027344,968.4712524414062,116.27210235595705,-325.61346435546875,499.6949157714844,218.92282104492188,-131.45086669921875,813.6033935546875,-107.08611297607422,90.14322662353516,154.63397216796875,-164.68572998046875,-165.56106567382812,976.2859497070312,-134.36517333984375,-42.92127227783203,496.9181518554688,-183.6484832763672,-323.0218505859375,875.1477661132812
121.68978118896484,-424.6948547363281,142.7655792236328,134.7733917236328,-212.54324340820312,967.9075927734376,116.151611328125,-326.3477783203125,498.6717834472656,220.25213623046875,-134.38613891601562,812.6703491210938,-107.18476104736328,97.32919311523438,156.58018493652344,-163.9236602783203,-166.88087463378906,975.1666259765624,-132.82589721679688,-42.9086799621582,496.52447509765625,-182.9452972412109,-320.1396179199219,871.4334106445312
121.40543365478516,-421.0687255859375,141.96205139160156,135.65065002441406,-214.53282165527344,967.5645751953124,116.14220428466795,-327.20721435546875,497.8851013183594,221.6987152099609,-137.5653533935547,811.8709106445312,-107.3388900756836,104.15763854980467,158.80999755859375,-163.1216583251953,-168.3815460205078,974.1450805664062,-131.2469940185547,-43.64348983764648,496.1087036132813,-182.45355224609372,-317.0860290527344,867.7610473632812
121.20611572265624,-416.6578063964844,141.12294006347656,136.5939483642578,-216.570556640625,967.452392578125,116.28021240234376,-328.1747436523437,497.3636474609375,223.254638671875,-140.98446655273438,811.215576171875,-107.54271697998048,110.5647201538086,161.34317016601562,-162.2782440185547,-170.05706787109375,973.2225952148438,-129.662841796875,-45.19398880004883,495.646240234375,-182.1681671142578,-313.86944580078125,864.172119140625
121.0958023071289,-411.5946350097656,140.27239990234375,137.60679626464844,-218.6206512451172,967.5768432617188,116.6010284423828,-329.22564697265625,497.123291015625,224.9112243652344,-144.6396484375,810.7139892578125,-107.78713989257812,116.4756851196289,164.19796752929688,-161.39273071289062,-171.89463806152344,972.3972778320312,-128.11351013183594,-47.61658477783203,495.1122741699219,-182.08132934570312,-310.4994506835937,860.7053833007812
121.07215881347656,-405.99169921875,139.4320831298828,138.6904296875,-220.6478576660156,967.93896484375,117.13560485839844,-330.3238830566406,497.1632690429688,226.6591033935547,-148.52703857421875,810.3748168945312,-108.06072235107422,121.80577087402344,167.3899383544922,-160.46524047851562,-173.8741455078125,971.6650390625,-126.64442443847656,-50.9512825012207,494.4839172363281,-182.18246459960935,-306.9869079589844,857.3966674804688
121.1269302368164,-399.9383239746094,138.6208953857422,139.8435516357422,-222.6188507080078,968.5343627929688,117.9063720703125,-331.41851806640625,497.4632873535156,228.48834228515625,-152.64260864257812,810.2054443359375,-108.35073852539062,126.4619598388672,170.93081665039062,-159.49676513671875,-175.9679412841797,971.0197143554688,-125.3044891357422,-55.2178955078125,493.7417602539063,-182.4584197998047,-303.34405517578125,854.277587890625
121.24689483642578,-393.5003356933594,137.8542938232422,141.06227111816406,-224.5034027099609,969.3529663085938,118.9233169555664,-332.4416809082031,497.98333740234375,230.38856506347656,-156.98182678222656,810.2120971679688,-108.64427185058594,130.3452606201172,174.82760620117188,-158.48927307128906,-178.14112854003906,970.4542846679688,-124.1429443359375,-60.41325759887695,492.8713684082031,-182.89358520507807,-299.5845031738281,851.3756713867188
121.4151382446289,-386.722412109375,137.14390563964844,142.3401641845703,-226.275146484375,970.3795776367188,120.18089294433594,-333.3084716796875,498.6662292480469,232.3490447998047,-161.53948974609375,810.39990234375,-108.92903900146484,133.35374450683594,179.08187866210938,-157.44578552246094,-180.35227966308597,969.961669921875,-123.20472717285156,-66.50990295410156,491.8647155761719,-183.4701995849609,-295.7232666015625,848.7135620117188
121.61260986328124,-379.6314392089844,136.49755859375,143.66827392578125,-227.9122009277344,971.59375,121.65642547607422,-333.9197998046875,499.4425354003906,234.35867309570312,-166.3094940185547,810.7726440429688,-109.19400787353516,135.3863525390625,183.68870544433597,-156.37057495117188,-182.554931640625,969.5353393554688,-122.52526092529295,-73.4565200805664,490.7215881347656,-184.1687469482422,-291.7766418457031,846.3092651367188
121.81993103027344,-372.2413635253906,135.9196014404297,145.03555297851562,-229.39724731445312,972.9712524414062,123.31056213378906,-334.1679992675781,500.2380065917969,236.40606689453125,-171.28463745117188,811.3330688476562,-109.42953491210938,136.34786987304688,188.6353454589844,-155.26922607421875,-184.6994171142578,969.1705932617188,-122.1254425048828,-81.18042755126953,489.4512023925781,-184.96829223632807,-287.76202392578125,844.1759643554688
122.01905059814452,-364.5582580566406,135.41128540039062,146.42901611328125,-230.717529296875,974.484375,125.09002685546876,-333.9444580078125,500.9812316894531,238.4795379638672,-176.4564666748047,812.0828857421875,-109.6273422241211,136.15484619140625,193.89923095703125,-154.14854431152344,-186.73524475097656,968.8650512695312,-122.0079345703125,-89.59180450439453,488.0740051269531,-185.8470001220703,-283.6976623535156,842.3222045898438
122.1947250366211,-356.5855407714844,134.9712371826172,147.8343048095703,-231.8644561767578,976.103759765625,126.93253326416016,-333.14825439453125,501.6113586425781,240.5670623779297,-181.8152313232422,813.0227661132812,-109.7802505493164,134.74205017089844,199.4460906982422,-153.01641845703125,-188.61343383789065,968.619384765625,-122.15538787841795,-98.58917236328124,486.6233520507813,-186.78265380859372,-279.6025695800781,840.7522583007812
122.33553314208984,-348.3285827636719,134.5958251953125,149.23609924316406,-232.8332977294922,977.7994995117188,128.7733917236328,-331.6947326660156,502.08349609375,242.65626525878903,-187.3497772216797,814.1526489257812,-109.8819580078125,132.06930541992188,205.228515625,-151.88153076171875,-190.28921508789065,968.4374389648438,-122.53131103515624,-108.0654754638672,485.1466979980469,-187.7531280517578,-275.49609375,839.4666137695312
122.4343719482422,-339.7979736328125,134.27963256835938,150.6187744140625,-233.62258911132807,979.542236328125,130.5528564453125,-329.5229797363281,502.3718872070313,244.73440551757807,-193.0476226806641,815.4718017578125,-109.9267349243164,128.12701416015625,211.1855926513672,-150.7529296875,-191.72430419921875,968.3265991210938,-123.08345794677734,-117.91432189941406,483.7052307128906,-188.7369384765625,-271.3975830078125,838.462158203125
122.48858642578124,-331.0112609863281,134.0157470703125,151.96722412109375,-234.2332305908203,981.304443359375,132.22286987304688,-326.60125732421875,502.4702453613281,246.78839111328125,-198.8948974609375,816.9786376953125,-109.9092025756836,122.9398956298828,217.24403381347656,-149.63966369628906,-192.88902282714844,968.2974853515624,-123.74935150146484,-128.03582763671875,482.3719787597656,-189.71371459960935,-267.3262023925781,837.7327880859375
122.49951171875,-321.9927673339844,133.79637145996094,153.26783752441406,-234.66758728027344,983.0613403320312,133.75201416015625,-322.92987060546875,502.38958740234375,248.80474853515625,-204.8765869140625,818.6712646484375,-109.8245849609375,116.56771087646484,223.3207092285156,-148.55023193359375,-193.7637634277344,968.3629760742188,-124.46292877197266,-138.34115600585938,481.2282104492188,-190.6646423339844,-263.300537109375,837.27001953125
122.4718017578125,-312.7720642089844,133.6133270263672,154.50953674316406,-234.92864990234372,984.791259765625,135.1274871826172,-318.541015625,502.15435791015625,250.76971435546875,-210.9765167236328,820.5468139648438,-109.66939544677734,109.10250854492188,229.32579040527344,-147.4922332763672,-194.3397674560547,968.5379638671876,-125.16124725341795,-148.75518798828125,480.3586730957031,-191.57278442382807,-259.3382873535156,837.06298828125
122.41259002685548,-303.3818054199219,133.4586181640625,155.68434143066406,-235.01954650878903,986.475830078125,136.35400390625,-313.495361328125,501.7971801757813,252.66925048828125,-217.1776428222656,822.60205078125,-109.44248962402344,100.6619873046875,235.16567993164065,-146.47198486328125,-194.6194305419922,968.8377685546876,-125.79034423828124,-159.21714782714844,479.8455505371094,-192.42340087890625,-255.4560394287109,837.0991821289062
122.3305892944336,-293.8554992675781,133.32485961914062,156.7877960205078,-234.94322204589844,988.0997314453124,137.4493865966797,-307.8756408691406,501.3538513183594,254.48922729492188,-223.462158203125,824.8326416015625,-109.14610290527344,91.37924194335938,240.74436950683597,-145.49423217773438,-194.61553955078125,969.277099609375,-126.3094482421875,-169.6788787841797,479.7620849609375,-193.2039794921875,-251.6690368652344,837.3643798828125
122.23517608642578,-284.2257080078125,133.20584106445312,157.8190460205078,-234.7023468017578,989.6500854492188,138.43801879882812,-301.7781677246094,500.8591003417969,256.2154846191406,-229.8117218017578,827.2334594726562,-108.78655242919922,81.39044189453125,245.9634246826172,-144.56204223632812,-194.3502349853516,969.8688354492188,-126.69292449951172,-180.10104370117188,480.1663208007813,-193.9043884277344,-247.99099731445312,837.8428344726562
122.13530731201172,-274.522216796875,133.09677124023438,158.7805938720703,-234.29931640625,991.1162109375,139.34323120117188,-295.3036193847656,500.3435668945313,257.8341369628906,-236.20758056640625,829.798095703125,-108.37419128417967,70.82259368896484,250.72088623046875,-143.67684936523438,-193.8531036376953,970.6226196289062,-126.9298858642578,-190.4478302001953,481.0962829589844,-194.51675415039065,-244.43394470214844,838.5173950195312
122.0384521484375,-264.77105712890625,132.99456787109375,159.6778106689453,-233.7366180419922,992.4887084960938,140.1806640625,-288.548095703125,499.8316650390625,259.3316650390625,-242.6307830810547,832.5189208984375,-107.92256927490234,59.78413772583008,254.9116973876953,-142.83863830566406,-193.15914916992188,971.5437622070312,-127.02251434326172,-200.68218994140625,482.5664367675781,-195.0353546142578,-241.00811767578125,839.36962890625
121.94966888427734,-254.99351501464844,132.89779663085938,160.5182342529297,-233.0170745849609,993.7590942382812,140.9542236328125,-281.5959777832031,499.3406066894531,260.6952514648437,-249.06222534179688,835.3867797851562,-107.44715881347656,48.3596076965332,258.43096923828125,-142.04615783691406,-192.3064422607422,972.6324462890624,-126.98353576660156,-210.7626953125,484.56634521484375,-195.4564971923828,-237.721923828125,840.379638671875
121.8711395263672,-245.20587158203125,132.8065948486328,161.310791015625,-232.1444549560547,994.91943359375,141.65554809570312,-274.5147705078125,498.8802185058594,261.9129943847656,-255.48287963867188,838.3908081054688,-106.96443176269533,36.608154296875,261.1797790527344,-141.29733276367188,-191.33383178710935,973.8826904296876,-126.83285522460938,-220.6421661376953,487.0614013671875,-195.77825927734372,-234.58187866210935,841.5262451171875
121.8022003173828,-235.41970825195312,132.72235107421875,162.0648193359375,-231.12391662597656,995.96240234375,142.26724243164062,-267.3523864746094,498.4533081054688,262.9742431640625,-261.8738708496094,841.5184936523438,-106.4915008544922,24.56478309631348,263.0723876953125,-140.58961486816406,-190.27915954589844,975.2824096679688,-126.59378814697266,-230.2685089111328,489.9953002929688,-196.0003967285156,-231.5926818847656,842.7870483398438
121.73992919921876,-225.64268493652344,132.6473846435547,162.78912353515625,-229.9622344970703,996.8807983398438,142.76907348632812,-260.1365051269531,498.0568542480469,263.86962890625,-268.21661376953125,844.7554321289062,-106.04605102539062,12.243367195129396,264.0426330566406,-139.92039489746094,-189.1776580810547,976.8131713867188,-126.28919219970705,-239.58734130859372,493.2945251464844,-196.1241607666016,-228.7572021484375,844.1383666992188
121.68000030517578,-215.87939453125,132.58428955078125,163.49098205566406,-228.66786193847656,997.66796875,143.1450958251953,-252.87669372558597,497.6835632324219,264.59149169921875,-274.4927978515625,848.0855102539062,-105.6463394165039,-0.3594156801700592,264.04852294921875,-139.28744506835938,-188.0611572265625,978.4505615234376,-125.93787384033205,-248.54527282714844,496.8734130859375,-196.15213012695312,-226.07666015625,845.5556030273438
121.61775207519533,-206.13238525390625,132.53543090820312,164.175537109375,-227.250732421875,998.3179321289062,143.38949584960938,-245.5684814453125,497.3238220214844,265.1339111328125,-280.6846923828125,851.49072265625,-105.31117248535156,-13.259931564331056,263.0745544433594,-138.68911743164062,-186.95736694335935,980.1653442382812,-125.5518035888672,-257.0927734375,500.6405334472656,-196.08819580078125,-223.55064392089844,847.0134887695312
121.5490493774414,-196.403076171875,132.50238037109375,164.84547424316406,-225.7220001220703,998.82568359375,143.50897216796875,-238.1997833251953,496.9674682617188,265.4928283691406,-286.7750549316406,854.9512939453125,-105.05935668945312,-26.483169555664062,261.1317138671875,-138.12454223632812,-185.88967895507807,981.924072265625,-125.13473510742188,-265.1860046386719,504.50433349609375,-195.93743896484372,-221.17735290527344,848.4862060546875
121.47088623046876,-186.6923828125,132.48565673828125,165.50115966796875,-224.09371948242188,999.187744140625,143.52151489257812,-230.75750732421875,496.60546875,265.6661682128906,-292.74725341796875,858.4461059570312,-104.90831756591795,-40.05817794799805,258.2561950683594,-137.59376525878906,-184.8769378662109,983.6909790039062,-124.68255615234376,-272.7878112792969,508.37786865234375,-195.70606994628903,-218.95364379882807,849.9478759765625
121.38151550292967,-177.0011444091797,132.48464965820312,166.14080810546875,-222.37864685058597,999.4024047851562,143.45266723632812,-223.2333831787109,496.2308349609375,265.65386962890625,-298.58544921875,861.95263671875,-104.87210083007812,-54.013893127441406,254.5073699951172,-137.09754943847656,-183.93356323242188,985.4291381835938,-124.18556213378906,-279.8682556152344,512.1815185546875,-195.40139770507807,-216.8752899169922,851.3728637695312
121.2802963256836,-167.3300018310547,132.49757385253906,166.76095581054688,-220.59005737304688,999.4698486328124,143.33050537109375,-215.62811279296875,495.8390808105469,265.457763671875,-304.27447509765625,865.447265625,-104.95968627929688,-68.37625122070312,249.9651031494141,-136.63734436035156,-183.0697021484375,987.10205078125,-123.63218688964844,-286.4052124023437,515.8434448242188,-195.03173828125,-214.93704223632807,852.7362670898438
121.16730499267578,-157.6790771484375,132.52174377441406,167.35691833496094,-218.7417907714844,999.3921508789062,143.18112182617188,-207.953369140625,495.4279479980469,265.08172607421875,-309.7998962402344,868.9057006835938,-105.17414093017578,-83.1666488647461,244.72622680664065,-136.2150421142578,-182.29147338867188,988.6752319335938,-123.01283264160156,-292.3839111328125,519.2992553710938,-194.60633850097656,-213.13287353515625,854.0142822265625
121.04278564453124,-148.04774475097656,132.55374145507812,167.9231719970703,-216.84817504882807,999.1732177734376,143.0250701904297,-200.23204040527344,494.99700927734375,264.53143310546875,-315.1481628417969,872.3030395507812,-105.51261138916016,-98.40119171142578,238.9011993408203,-135.83282470703125,-181.6013946533203,990.1170043945312,-122.32306671142578,-297.7960205078125,522.4913940429688,-194.13531494140625,-211.4561004638672,855.1845703125
120.90674591064452,-138.4347686767578,132.58970642089844,168.45387268066406,-214.9241485595703,998.8184204101562,142.87525939941406,-192.4963836669922,494.5472106933594,263.8143615722656,-320.3064270019531,875.6143798828125,-105.9670867919922,-114.09004974365234,232.6107635498047,-135.49290466308594,-180.9988555908203,991.3997802734376,-121.56566619873048,-302.6385803222656,525.3690185546875,-193.6294403076172,-209.89956665039065,856.2266235351562
120.75856018066406,-128.83877563476562,132.62562561035156,168.94322204589844,-212.9852294921875,998.3343505859376,142.73634338378906,-184.78517150878903,494.0801696777344,262.93951416015625,-325.2626953125,878.81494140625,-106.52574157714844,-130.23626708984375,225.9828948974609,-135.19741821289062,-180.48057556152344,992.50048828125,-120.75139617919922,-306.9130554199219,527.8887939453125,-193.10006713867188,-208.4558258056641,857.1220092773438
120.59685516357422,-119.25860595703124,132.65768432617188,169.3859100341797,-211.04757690429688,997.7283325195312,142.60565185546875,-177.14035034179688,493.5977783203125,261.9173889160156,-330.0057983398437,881.8801879882812,-107.17461395263672,-146.8340606689453,219.1496124267578,-134.9481964111328,-180.04135131835938,993.4008178710938,-119.89850616455078,-310.6247863769531,530.015625,-192.5588836669922,-207.11724853515625,857.8547973632812
120.41949462890624,-109.69367980957033,132.68240356445312,169.77725219726562,-209.12789916992188,997.0081176757812,142.47547912597656,-169.6035614013672,493.101806640625,260.7596740722656,-334.52545166015625,884.7865600585938,-107.89932250976562,-163.86692810058594,212.2437896728516,-134.74671936035156,-179.67469787597656,994.0875244140624,-119.03138732910156,-313.7823181152344,531.723388671875,-192.0178375244141,-205.87625122070312,858.4114379882812
120.22379302978516,-100.14408111572266,132.6969451904297,170.11354064941406,-207.24313354492188,996.181640625,142.3358612060547,-162.21292114257812,492.5939331054688,259.4790954589844,-338.8121032714844,887.5110473632812,-108.68640899658205,-181.30577087402344,205.3958740234375,-134.59405517578125,-179.3736114501953,994.5523681640624,-118.17861938476562,-316.397216796875,532.9957275390625,-191.4888610839844,-204.72537231445312,858.7811889648438
120.00682830810548,-90.61056518554688,132.69935607910156,170.39208984375,-205.41021728515625,995.2566528320312,142.17770385742188,-155.00033569335938,492.0753784179688,258.089111328125,-342.857177734375,890.0319213867188,-109.52410888671876,-199.1075439453125,198.73068237304688,-134.49070739746094,-179.1314697265625,994.7918701171876,-117.37063598632812,-318.48370361328125,533.8258056640625,-190.98373413085935,-203.6574859619141,858.9559326171875
119.7658462524414,-81.094482421875,132.68881225585938,170.61134338378906,-203.6456298828125,994.24072265625,141.99505615234375,-147.99061584472656,491.5471496582031,256.6037902832031,-346.6528625488281,892.3287353515625,-110.40247344970705,-217.2139892578125,192.3644561767578,-134.4367218017578,-178.9427032470703,994.8070678710938,-116.63734436035156,-320.0589294433594,534.2163696289062,-190.5139923095703,-202.66595458984372,858.930419921875
119.49859619140624,-71.59786987304688,132.666015625,170.77084350585938,-201.9651641845703,993.1409912109376,141.78634643554688,-141.2016143798828,491.0096435546875,255.0374755859375,-350.192138671875,894.3825073242188,-111.3130340576172,-235.5505828857422,186.4022674560547,-134.43153381347656,-178.80349731445312,994.6033325195312,-116.00577545166016,-321.1429443359375,534.1796264648438,-190.09071350097656,-201.74468994140625,858.7021484375
119.20384216308594,-62.1236457824707,132.63360595703125,170.87115478515625,-200.38368225097656,991.9644775390624,141.55453491210938,-134.6455078125,490.4627685546875,253.40467834472656,-353.4687194824219,896.1759033203125,-112.24790954589844,-254.02540588378903,180.93551635742188,-134.4740753173828,-178.7122039794922,994.1900634765624,-115.4981689453125,-321.7596130371094,533.7368774414062,-189.7245178222656,-200.8883514404297,858.2713012695312
118.88175201416016,-52.675872802734375,132.59657287597656,170.91366577148438,-198.91500854492188,990.7179565429688,141.30615234375,-128.33010864257812,489.9061279296875,251.7198486328125,-356.4769287109375,897.693359375,-113.1987075805664,-272.5281677246094,176.03961181640625,-134.56277465820312,-178.6697235107422,993.5802612304688,-115.13047790527344,-321.9375,532.918212890625,-189.42547607421875,-200.09246826171875,857.6406860351562
118.53440856933594,-43.26006317138672,132.5626983642578,170.9003143310547,-197.5718994140625,989.4080810546876,141.0497589111328,-122.26045989990234,489.3390808105469,249.99722290039065,-359.211669921875,898.9215087890625,-114.15531158447266,-290.9299011230469,171.77171325683594,-134.6956787109375,-178.67958068847656,992.7902221679688,-114.91146850585938,-321.7115478515625,531.7614135742188,-189.20306396484372,-199.35353088378903,856.8158569335938
118.16615295410156,-33.88344192504883,132.5426788330078,170.83326721191406,-196.36610412597656,988.0415649414062,140.79428100585938,-116.4402313232422,488.76123046875,248.25067138671875,-361.6683044433594,899.8490600585938,-115.1047821044922,-309.08349609375,168.16830444335938,-134.87054443359375,-178.74810791015625,991.839111328125,-114.8422622680664,-321.1247253417969,530.3104248046875,-189.06619262695312,-198.6690826416016,855.8046875
117.78388214111328,-24.55514335632324,132.5501708984375,170.71475219726562,-195.30845642089844,986.6253662109376,140.54747009277344,-110.8728256225586,488.1725463867188,246.49362182617188,-363.8425598144531,900.4671020507812,-116.03070068359376,-326.8259582519531,165.24319458007812,-135.08497619628906,-178.88418579101562,990.7487182617188,-114.91646575927734,-320.2294006347656,528.61376953125,-189.0232391357422,-198.0377960205078,854.61767578125
117.3968276977539,-15.286214828491213,132.60140991210938,170.54672241210938,-194.40892028808597,985.1668701171876,140.31480407714844,-105.5622787475586,487.5737915039063,244.7389373779297,-365.7304992675781,900.7694702148438,-116.9130630493164,-343.98162841796875,162.98582458496094,-135.33660888671875,-179.09912109375,989.54296875,-115.12074279785156,-319.0880126953125,526.7222900390625,-189.08204650878903,-197.45953369140625,853.2675170898438
117.01570129394533,-6.089182376861572,132.71434020996094,170.33071899414062,-193.6767578125,983.6741333007812,140.09884643554688,-100.5139389038086,486.9667053222656,242.99891662597656,-367.3283081054688,900.7523803710938,-117.72882080078124,-360.3671875,161.3607177734375,-135.62326049804688,-179.40615844726562,988.2474975585938,-115.4358367919922,-317.7729797363281,524.68798828125,-189.24993896484372,-196.9354248046875,851.7691650390625
116.65145874023438,3.02252459526062,132.90789794921875,170.06771850585938,-193.12049865722656,982.1558227539062,139.8989715576172,-95.73519134521484,486.3540344238281,241.28512573242188,-368.6324157714844,900.4151611328125,-118.45293426513672,-375.7974548339844,160.30824279785156,-135.9430694580078,-179.8199920654297,986.8893432617188,-115.83782196044922,-316.3652648925781,522.5628051757812,-189.53375244140625,-196.4677734375,850.1397094726562
116.3142547607422,12.035048484802246,133.20135498046875,169.75808715820312,-192.7480316162109,980.62158203125,139.71102905273438,-91.23609161376952,485.739501953125,239.6084747314453,-369.6392822265625,899.7600708007812,-119.05989074707033,-390.09222412109375,159.74710083007812,-136.29470825195312,-180.35614013671875,985.4963989257812,-116.29946899414062,-314.9515075683594,520.398193359375,-189.93978881835935,-196.0601501464844,848.3980712890625
116.0123519897461,20.9344482421875,133.6138916015625,169.40158081054688,-192.5666961669922,979.0819702148438,139.52735900878906,-87.02977752685547,485.1276245117188,237.9791412353516,-370.3454895019531,898.792236328125,-119.52555084228516,-403.0836486816406,159.5786895751953,-136.67752075195312,-181.03021240234372,984.096923828125,-116.79167175292967,-313.6197814941406,518.24462890625,-190.4738006591797,-195.71730041503903,846.5651245117188
115.7512664794922,29.707014083862305,134.16407775878906,168.99740600585938,-192.5832977294922,977.5482177734376,139.33657836914062,-83.13265991210938,484.5234680175781,236.4065093994141,-370.7478637695313,897.5202026367188,-119.82917022705078,-414.6242980957031,159.69314575195312,-137.0915985107422,-181.85720825195312,982.718994140625,-117.2848892211914,-312.4547119140625,516.1502685546875,-191.140869140625,-195.4451446533203,844.6632690429688
115.5330581665039,38.33958053588867,134.86941528320312,168.54443359375,-192.8041229248047,976.0320434570312,139.123779296875,-79.56425476074219,483.9320983886719,234.8991851806641,-370.8433837890625,895.955322265625,-119.95528411865234,-424.5946044921875,159.9770050048828,-137.5378875732422,-182.8507080078125,981.3898315429688,-117.7505111694336,-311.5321044921875,514.159423828125,-191.94534301757807,-195.2506103515625,842.71630859375
115.35607147216795,46.81980514526367,135.74598693847656,168.04127502441406,-193.23471069335935,974.5454711914062,138.8709716796875,-76.34684753417969,483.358154296875,233.4649353027344,-370.6296081542969,894.1123657226562,-119.89519500732422,-432.9100646972656,160.3215789794922,-138.01800537109375,-184.02212524414065,980.1354370117188,-118.16217803955078,-310.9138488769531,512.3106079101562,-192.8906097412109,-195.1416473388672,840.7490844726562
115.21515655517578,55.13624572753906,136.80825805664062,167.48646545410156,-193.87982177734372,973.1004028320312,138.55810546875,-73.50498962402344,482.8052062988281,232.11058044433597,-370.10455322265625,892.0087890625,-119.64804077148438,-439.5266418457031,160.63113403320312,-138.53419494628906,-185.37989807128903,978.980224609375,-118.4971694946289,-310.6437683105469,510.63525390625,-193.9789886474609,-195.12701416015625,838.787353515625
115.1025161743164,63.27810287475586,138.06906127929688,166.8785400390625,-194.7430725097656,971.7084350585938,138.16477966308594,-71.06495666503906,482.2752990722656,230.8420867919922,-369.26702880859375,889.6651611328125,-119.22142791748048,-444.4445495605469,160.82977294921875,-139.0891876220703,-186.92881774902344,977.9462890625,-118.73809814453124,-310.7455444335937,509.1572570800781,-195.21153259277344,-195.21617126464844,836.8573608398438
115.00886535644533,71.23453521728516,139.53968811035156,166.21591186523438,-195.8267974853516,970.3804931640624,137.6724853515625,-69.05425262451172,481.7687683105469,229.66439819335935,-368.11669921875,887.1044921875,-118.63153839111328,-447.708984375,160.86563110351562,-139.68592834472656,-188.66937255859372,977.053466796875,-118.87481689453124,-311.2223815917969,507.8933715820313,-196.5878143310547,-195.41909790039065,834.9854736328125
114.92484283447266,78.99351501464844,141.22987365722656,165.49700927734375,-197.1317443847656,969.1266479492188,137.0673370361328,-67.5013198852539,481.2842102050781,228.5815277099609,-366.6541442871094,884.3521728515625,-117.90287017822266,-449.408203125,160.71205139160156,-140.3274383544922,-190.59727478027344,976.3189697265624,-118.90625762939452,-312.0589294433594,506.8541870117188,-198.10577392578125,-195.74606323242188,833.1978759765625
114.84252166748048,86.5404052734375,143.14810180664062,164.72018432617188,-198.65676879882807,967.9560546875,136.3428192138672,-66.43539428710938,480.818603515625,227.5963897705078,-364.881103515625,881.4356689453125,-117.0676498413086,-449.6678771972656,160.36537170410156,-141.0166778564453,-192.703125,975.7572021484376,-118.84190368652344,-313.22467041015625,506.0454711914063,-199.7615509033203,-196.20748901367188,831.520263671875
114.7567901611328,93.85629272460938,145.30178833007812,163.88381958007812,-200.3984222412109,966.876708984375,135.502197265625,-65.88638305664062,480.3676452636719,226.7108459472656,-362.800537109375,878.3838500976562,-116.16490173339844,-448.6423034667969,159.84002685546875,-141.75631713867188,-194.97238159179688,975.3796997070312,-118.70244598388672,-314.6781311035156,505.469482421875,-201.54937744140625,-196.8136749267578,829.9773559570312
114.66637420654295,100.91651916503906,147.69776916503906,162.98646545410156,-202.35037231445312,965.8953857421876,134.56008911132812,-65.8847427368164,479.9259643554688,225.92559814453125,-360.416748046875,875.2271118164062,-115.2389678955078,-446.5030517578125,159.1625518798828,-142.54876708984375,-197.3855133056641,975.19482421875,-118.51953887939452,-316.3715209960937,505.1255798339844,-203.46153259277344,-197.57456970214844,828.5926513671875
114.57452392578124,107.6891098022461,150.3428955078125,162.02696228027344,-204.50274658203125,965.0175170898438,133.54327392578125,-66.46109008789062,479.487060546875,225.24017333984372,-357.7354431152344,871.9965209960938,-114.33740997314452,-443.4261169433594,158.36581420898438,-143.39599609375,-199.9185333251953,975.2077026367188,-118.33438873291016,-318.2546691894531,505.0100402832031,-205.48828125,-198.4995880126953,827.3880615234375
114.48921966552734,114.13351440429688,153.2447509765625,161.00479125976562,-206.8415679931641,964.2470092773438,132.49017333984375,-67.6455078125,479.0432739257813,224.65284729003903,-354.76397705078125,868.7236328125,-113.50792694091795,-439.5789184570313,157.48489379882812,-144.29940795898438,-202.54379272460935,975.4197998046876,-118.1952133178711,-320.2777709960937,505.1143493652344,-207.61802673339844,-199.5973663330078,826.3836669921875
114.42301940917967,120.19930267333984,156.41221618652344,159.92022705078125,-209.3483428955078,963.5863647460938,131.44927978515625,-69.46659851074219,478.5857238769531,224.1607208251953,-351.5114440917969,865.4401245117188,-112.79402160644533,-435.1091003417969,156.55389404296875,-145.259765625,-205.23092651367188,975.8287963867188,-118.15369415283205,-322.3926086425781,505.423095703125,-209.8373870849609,-200.8755340576172,825.5972900390625
114.3922882080078,125.82483673095705,159.85569763183594,158.77456665039062,-211.9997711181641,963.0368041992188,130.47621154785156,-71.95014953613281,478.10400390625,223.75962829589844,-347.9887084960937,862.1774291992188,-112.23016357421876,-430.1364135742188,155.60372924804688,-146.27699279785156,-207.94805908203125,976.4285278320312,-118.26033020019533,-324.55157470703125,505.9113159179688,-212.13137817382807,-202.34056091308597,825.04443359375
114.4159164428711,130.93618774414062,163.58641052246094,157.5704345703125,-214.76795959472656,962.5986938476562,129.62960815429688,-75.11759948730469,477.5864562988281,223.44436645507807,-344.2085266113281,858.9662475585938,-111.83789825439452,-424.748779296875,154.66122436523438,-147.3500213623047,-210.6627960205078,977.208984375,-118.55929565429688,-326.705078125,506.5427551269531,-214.48367309570312,-203.9975128173828,824.73779296875
114.51354217529295,135.447509765625,167.61537170410156,156.311767578125,-217.6205902099609,962.2718505859376,128.96583557128906,-78.98454284667969,477.0207824707031,223.2086639404297,-340.185546875,855.8360595703125,-111.62369537353516,-419.0030822753906,153.74867248535156,-148.4766387939453,-213.34329223632807,978.1563720703124,-119.08319854736328,-328.7977600097656,507.2701110839844,-216.87689208984372,-205.84999084472656,824.687255859375
114.70344543457033,139.26304626464844,171.9517364501953,155.00401306152344,-220.521728515625,962.05615234375,128.53323364257812,-83.55948638916016,476.3952331542969,223.04544067382807,-335.9364624023437,852.8150024414062,-111.57899475097656,-412.9286804199219,152.8840789794922,-149.65335083007812,-215.9590301513672,979.2539672851562,-119.84872436523438,-330.76446533203125,508.0378723144531,-219.2928771972656,-207.89987182617188,824.8995971679688
115.00045776367188,142.28082275390625,176.60049438476562,153.65394592285156,-223.43267822265625,961.95166015625,128.36656188964844,-88.84320831298828,475.7003479003906,222.94692993164065,-331.479736328125,849.9293212890625,-111.6821746826172,-406.5335083007813,152.08145141601562,-150.87525939941406,-218.48138427734372,980.4824829101562,-120.85392761230467,-332.5276794433594,508.78753662109375,-221.7130126953125,-210.14730834960935,825.3784790039062
115.41423034667967,144.39735412597656,181.5596618652344,152.26963806152344,-226.31317138671875,961.9586181640624,128.48272705078125,-94.82865142822266,474.930908203125,222.90493774414065,-326.83563232421875,847.2030639648438,-111.90204620361328,-399.8108520507813,151.35121154785156,-152.1360321044922,-220.88400268554688,981.8209228515624,-122.07777404785156,-333.9970397949219,509.4640808105469,-224.11851501464844,-212.590576171875,826.1241455078125
115.94801330566406,145.51336669921875,186.81686401367188,150.86012268066406,-229.12271118164065,962.07763671875,128.8786163330078,-101.50115966796876,474.0881042480469,222.9109344482422,-322.0259094238281,844.6577758789062,-112.20217895507812,-392.7471008300781,150.70042419433594,-153.4279327392578,-223.142822265625,983.2476806640624,-123.48207092285156,-335.07196044921875,510.022216796875,-226.4907073974609,-215.2260589599609,827.1336059570312
116.5978012084961,145.54031372070312,192.3462677001953,149.4351348876953,-231.82211303710935,962.309326171875,129.53128051757812,-108.83890533447266,473.1811828613281,222.9564208984375,-317.0737609863281,842.3125,-112.54527282714844,-385.328857421875,150.13302612304688,-154.74200439453125,-225.236083984375,984.7412109375,-125.01531219482422,-335.6468811035156,510.4314270019531,-228.8113555908203,-218.0482635498047,828.4007568359375
117.3518295288086,144.40724182128906,198.10623168945312,148.0047149658203,-234.375,962.6542358398438,130.40078735351562,-116.8131103515625,472.2288513183594,223.0330352783203,-312.0032653808594,840.1832275390625,-112.89686584472656,-377.5491638183594,149.64993286132812,-156.0683135986328,-227.14414978027344,986.2805786132812,-126.61783599853516,-335.6188049316406,510.67877197265625,-231.06280517578125,-221.04991149902344,829.9161376953125
118.1902084350586,142.0672149658203,204.038818359375,146.5789794921875,-236.74937438964844,963.11279296875,131.43458557128906,-125.38792419433594,471.2598571777344,223.1327667236328,-306.8392028808594,838.2830200195312,-113.22811889648438,-369.41217041015625,149.24911499023438,-157.3964080810547,-228.84939575195312,987.8463134765624,-128.22769165039062,-334.8957214355469,510.7688903808594,-233.2283477783203,-224.2219696044922,831.6674194335938
119.08512878417967,138.5023956298828,210.0709686279297,145.16781616210938,-238.9189300537109,963.6851196289062,132.5730438232422,-134.52012634277344,470.3127746582031,223.2481384277344,-301.6065979003906,836.6217651367188,-113.51775360107422,-360.9353942871094,148.9258575439453,-158.7156982421875,-230.3361053466797,989.4205932617188,-129.7866668701172,-333.40576171875,510.7215270996094,-235.29229736328125,-227.55386352539065,833.6394653320312
120.00186920166016,133.72735595703125,216.1176300048828,143.78048706054688,-240.8640594482422,964.3711547851562,133.7548370361328,-144.15890502929688,469.4350280761719,223.372314453125,-296.330322265625,835.2061767578125,-113.75313568115234,-352.1492919921875,148.6729278564453,-160.01605224609375,-231.5903778076172,990.9872436523438,-131.24583435058594,-331.10455322265625,510.56683349609375,-237.2402801513672,-231.0336151123047,835.8147583007812
120.9008560180664,127.78971099853516,222.08560180664065,142.42535400390625,-242.5725250244141,965.1707153320312,134.92172241210938,-154.2457733154297,468.680908203125,223.4990997314453,-291.0348815917969,834.0396118164062,-113.93031311035156,-343.0946044921875,148.48110961914062,-161.28810119628906,-232.60032653808597,992.53173828125,-132.5700225830078,-327.9808959960937,510.3395690917969,-239.059326171875,-234.64813232421875,838.1735229492188
121.74061584472656,120.76748657226562,227.87782287597656,141.1095428466797,-244.0394592285156,966.0830688476562,136.02207946777344,-164.71473693847656,468.10888671875,223.6230010986328,-285.7439270019531,833.1221923828125,-114.0529327392578,-333.8185119628906,148.3398895263672,-162.5236358642578,-233.3561248779297,994.0413208007812,-133.74066162109375,-324.05926513671875,510.0732421875,-240.738037109375,-238.38340759277344,840.6941528320312
122.4810028076172,112.7626724243164,233.39694213867188,139.83868408203125,-245.2670135498047,967.107177734375,137.01324462890625,-175.4930419921875,467.77838134765625,223.7391815185547,-280.48004150390625,832.4507446289062,-114.1303939819336,-324.3705444335937,148.2382049560547,-163.71571350097656,-233.85037231445312,995.5046997070312,-134.75650024414062,-319.3982849121094,509.7950744628906,-242.26670837402344,-242.2247467041016,843.3536376953125
123.08616638183594,103.89176177978516,238.54736328125,138.61672973632812,-246.2635955810547,968.2408447265624,137.8628692626953,-186.50225830078125,467.7457885742188,223.8434295654297,-275.2644958496094,832.018798828125,-114.17567443847656,-314.79901123046875,148.16542053222656,-164.85873413085938,-234.078369140625,996.9119873046876,-135.6320037841797,-314.08514404296875,509.52294921875,-243.6373748779297,-246.1570587158203,846.1281127929688
123.52681732177734,94.2748031616211,243.23562622070312,137.44601440429688,-247.042724609375,969.4807739257812,138.5492401123047,-197.6600341796875,468.0605773925781,223.9320068359375,-270.1170349121094,831.8169555664062,-114.20304870605467,-305.1478576660156,148.1121826171875,-165.94830322265625,-234.0385284423828,998.254638671875,-136.393310546875,-308.2264709472656,509.2646484375,-244.84390258789065,-250.16506958007807,848.992919921875
123.78148651123048,84.02498626708984,247.37014770507807,136.32728576660156,-247.6217193603516,970.8215942382812,139.06082153320312,-208.88194274902344,468.7615661621094,224.0016021728516,-265.0557556152344,831.832763671875,-114.22588348388672,-295.4540710449219,148.0711212158203,-166.9811248779297,-233.73269653320312,999.525390625,-137.07257080078125,-301.93719482421875,509.01898193359375,-245.8820343017578,-254.23358154296875,851.9234619140625
123.83684539794922,73.24069213867188,250.86204528808597,135.26011657714844,-248.0201873779297,972.2554321289062,139.39491271972656,-220.08367919921875,469.8735961914063,224.04925537109372,-260.09698486328125,832.0513305664062,-114.2549285888672,-285.74609375,148.0372772216797,-167.95477294921875,-233.16656494140625,1000.718017578125,-137.70166015625,-295.3299865722656,508.7786254882813,-246.74932861328125,-258.34765625,854.8953247070312
123.687744140625,62.00074768066406,253.62722778320312,134.24327087402344,-248.258544921875,973.7717895507812,139.55552673339844,-231.18292236328125,471.4048767089844,224.07228088378903,-255.25523376464844,832.4552001953125,-114.29706573486328,-276.043701171875,148.00807189941406,-168.86740112304688,-232.3499298095703,1001.8275146484376,-138.3063201904297,-288.5059814453125,508.5340270996094,-247.44512939453125,-262.4927673339844,857.884765625
123.3373794555664,50.36220932006836,255.5895538330078,133.27540588378906,-248.35662841796875,975.3568115234376,139.55076599121094,-242.1007232666016,473.3458557128906,224.06817626953125,-250.5432586669922,833.02490234375,-114.35501098632812,-266.3587341308594,147.98292541503906,-169.71755981445312,-231.2968597412109,1002.8494873046876,-138.90225219726562,-281.5482177734375,508.2773742675781,-247.9705352783203,-266.6550598144531,860.8690795898438
122.79771423339844,38.36000442504883,256.68408203125,132.35569763183594,-248.3325653076172,976.993896484375,139.3902587890625,-252.7623443603516,475.6690368652344,224.0345916748047,-245.97195434570312,833.7391967773438,-114.42781066894533,-256.6963806152344,147.96249389648438,-170.50396728515625,-230.02574157714844,1003.780517578125,-139.49342346191406,-274.5182800292969,508.005859375,-248.32818603515625,-270.8213806152344,863.8265380859375
122.08918762207033,26.00834083557129,256.8597717285156,131.48440551757812,-248.20196533203125,978.6638793945312,139.08294677734375,-263.0980834960937,478.3309631347656,223.9694366455078,-241.55050659179688,834.5752563476562,-114.51202392578124,-247.0566864013672,147.94801330566406,-171.22532653808594,-228.55897521972656,1004.617431640625,-140.0733642578125,-267.4560852050781,507.7231140136719,-248.522216796875,-274.9792785644531,866.737060546875
121.23925018310548,13.303542137145996,256.08135986328125,130.66322326660156,-247.9777069091797,980.3456420898438,138.63560485839844,-273.04412841796875,481.2749328613281,223.87075805664065,-237.28648376464844,835.5090942382812,-114.60310363769533,-237.4364013671875,147.94068908691406,-171.88031005859375,-226.9224548339844,1005.357666015625,-140.62863159179688,-260.38232421875,507.4388122558594,-248.5579833984375,-279.11724853515625,869.581787109375
120.28020477294922,0.2276026308536529,254.3311462402344,129.89532470703125,-247.66989135742188,982.0166625976562,138.05206298828125,-282.5433654785156,484.4351501464844,223.73696899414065,-233.1858673095703,836.515869140625,-114.69661712646484,-227.8303680419922,147.9413604736328,-172.4674835205078,-225.1448211669922,1005.9990234375,-141.14361572265625,-253.30294799804688,507.1661987304688,-248.4418487548828,-283.2245788574219,872.3434448242188
119.2472152709961,-13.248465538024902,251.6108245849609,129.18528747558594,-247.2864227294922,983.6537475585938,137.33326721191406,-291.5461730957031,487.7408752441406,223.5667724609375,-229.2532196044922,837.5702514648438,-114.78899383544922,-218.23291015625,147.95030212402344,-172.9853515625,-223.25657653808597,1006.53955078125,-141.60504150390625,-246.2146453857422,506.9189758300781,-248.18096923828125,-287.2912902832031,875.0061645507812
118.17668914794922,-27.161699295043945,247.9434051513672,128.53868103027344,-246.83346557617188,985.23388671875,136.4781494140625,-300.0106201171875,491.1204223632813,223.35940551757807,-225.4918365478516,838.6465454101562,-114.87772369384766,-208.6387481689453,147.96755981445312,-173.43247985839844,-221.28900146484372,1006.977783203125,-142.00511169433594,-239.11065673828125,506.7080078125,-247.78306579589844,-291.30828857421875,877.555419921875
117.10455322265624,-41.55441665649414,243.3743438720703,127.96160125732422,-246.31602478027344,986.734619140625,135.4849090576172,-307.9026794433594,494.5044250488281,223.1147003173828,-221.9038543701172,839.7192993164062,-114.96121978759766,-199.04356384277344,147.99307250976562,-173.80758666992188,-219.2730865478516,1007.3125,-142.3424072265625,-231.9853363037109,506.5391845703125,-247.25607299804688,-295.2669677734375,879.9779663085938
116.06441497802734,-56.47138595581055,237.97206115722656,127.4599838256836,-245.73851013183597,988.134765625,134.3528594970703,-315.19580078125,497.8280944824219,222.83319091796875,-218.49044799804688,840.763427734375,-115.03850555419922,-189.44435119628903,148.02700805664062,-174.10972595214844,-217.2383728027344,1007.5429077148438,-142.620849609375,-224.8370513916016,506.41259765625,-246.6080322265625,-299.1594543457031,882.261474609375
115.08587646484376,-71.9565658569336,231.8275909423828,127.03899383544922,-245.10520935058597,989.414306640625,133.08416748046875,-321.8705749511719,501.0325622558594,222.5162506103516,-215.2518615722656,841.7545166015625,-115.10887145996094,-179.83950805664062,148.06988525390625,-174.33847045898438,-215.21188354492188,1007.6686401367188,-142.8474884033203,-217.66915893554688,506.3231506347656,-245.8467712402344,-302.97821044921875,884.3947143554688
114.19328308105467,-88.04913330078125,225.05340576171875,126.7023468017578,-244.4208526611328,990.554443359375,131.6855926513672,-327.9141845703125,504.0655212402344,222.16616821289065,-212.18765258789065,842.6693115234375,-115.17149353027344,-170.2289581298828,148.1226806640625,-174.4940185546875,-213.21728515625,1007.6893920898438,-143.0300750732422,-210.4897918701172,506.2625122070313,-244.97987365722656,-306.7161865234375,886.3673095703125
113.40481567382812,-104.77875518798828,217.78094482421875,126.45188903808594,-243.6909637451172,991.5376586914062,130.16957092285156,-333.3198547363281,506.8811340332031,221.7863006591797,-209.2967071533203,843.486083984375,-115.2253646850586,-160.614013671875,148.18675231933594,-174.57733154296875,-211.2743225097656,1007.6052856445312,-143.1751708984375,-203.31092834472656,506.2210388183594,-244.01443481445312,-310.3665466308594,888.1695556640625
112.7322235107422,-122.16043090820312,210.1571350097656,126.287353515625,-242.9223480224609,992.3477783203124,128.5548095703125,-338.0865478515625,509.4398193359375,221.3809967041016,-206.57737731933597,844.1845092773438,-115.26921081542967,-150.9971466064453,148.26382446289062,-174.59030151367188,-209.3985290527344,1007.4163208007812,-143.28712463378906,-196.1473388671875,506.189697265625,-242.9570770263672,-313.92266845703125,889.7926635742188
112.18097686767578,-140.1898651123047,202.3395233154297,126.20633697509766,-242.1234130859375,992.9702758789062,126.8660125732422,-342.2186584472656,511.7078552246094,220.9557647705078,-204.02752685546875,844.7464599609375,-115.30164337158205,-141.38177490234375,148.355712890625,-174.5357666015625,-207.60125732421875,1007.122802734375,-143.36801147460938,-189.0158843994141,506.16119384765625,-241.81393432617188,-317.3780212402344,891.228515625
111.75108337402344,-158.83985900878906,194.4908599853516,126.20445251464844,-241.3043212890625,993.3925170898438,125.13288879394533,-345.72625732421875,513.6571044921875,220.51715087890625,-201.6446533203125,845.1558227539062,-115.32122802734376,-131.7718048095703,148.4641876220703,-174.4175567626953,-205.88967895507807,1006.724853515625,-143.41845703125,-181.93507385253903,506.1304931640625,-240.59071350097656,-320.72613525390625,892.4697875976562
111.43806457519533,-178.05821228027344,186.7730407714844,126.27559661865234,-240.4770050048828,993.6040649414062,123.38859558105467,-348.62518310546875,515.2650146484375,220.07281494140625,-199.4259796142578,845.39892578125,-115.32657623291016,-122.17121124267578,148.5906524658203,-174.2403564453125,-204.26702880859372,1006.2228393554688,-143.43878173828125,-174.92486572265625,506.0945739746094,-239.292724609375,-323.96051025390625,893.5101928710938
111.23451232910156,-197.7674865722656,179.34088134765625,126.4122543334961,-239.6551055908203,993.5970458984376,121.66773986816406,-350.9378967285156,516.5144653320312,219.63136291503903,-197.36849975585935,845.4646606445312,-115.3165054321289,-112.5835952758789,148.7360382080078,-174.00961303710938,-202.7329864501953,1005.6171875,-143.43031311035156,-168.00625610351562,506.0513000488281,-237.92501831054688,-327.0746154785156,894.3444213867188
111.13191986083984,-217.8665771484375,172.3362579345703,126.60588836669922,-238.8537139892578,993.366455078125,120.0042953491211,-352.6936950683594,517.3944702148438,219.20233154296875,-195.46913146972656,845.3447875976562,-115.29012298583984,-103.01197814941406,148.9005889892578,-173.73130798339844,-201.2843475341797,1004.90869140625,-143.39614868164062,-161.20095825195312,505.9983215332031,-236.49249267578125,-330.06170654296875,894.96826171875
111.1221923828125,-238.2325439453125,165.88314819335938,126.84732055664062,-238.0890045166016,992.91064453125,118.42958068847656,-353.9295959472656,517.9005126953125,218.7960357666016,-193.72471618652344,845.0335693359375,-115.24691772460938,-93.45894622802734,149.08389282226562,-173.41183471679688,-199.9159393310547,1004.0986328125,-143.34117126464844,-154.5306854248047,505.9319763183594,-235.0000762939453,-332.9150085449219,895.3790893554688
111.19815826416016,-258.72247314453125,160.08349609375,127.12711334228516,-237.3780212402344,992.2315063476562,116.97052764892578,-354.6907653808594,518.0350952148438,218.4234619140625,-192.13211059570312,844.5286254882812,-115.1868133544922,-83.92711639404297,149.28494262695312,-173.05784606933594,-198.6216583251953,1003.1887817382812,-143.27169799804688,-148.01666259765625,505.8463439941406,-233.45278930664065,-335.6275329589844,895.5756225585938
111.35350036621094,-279.1751403808594,155.0138397216797,127.4359130859375,-236.7382049560547,991.3350219726562,115.6483917236328,-355.031005859375,517.8085327148438,218.09605407714844,-190.68829345703125,843.8303833007812,-115.11023712158205,-74.41987609863281,149.50245666503906,-172.67599487304688,-197.39552307128903,1002.1818237304688,-143.1944580078125,-141.67916870117188,505.7330932617188,-231.8559112548828,-338.1920471191406,895.5585327148438
111.58242797851562,-299.4131774902344,150.72251892089844,127.7648468017578,-236.18707275390625,990.2313842773438,114.47802734375,-355.01287841796875,517.2389526367188,217.8255920410156,-189.39035034179688,842.9424438476562,-115.01837158203124,-64.94230651855469,149.73536682128906,-172.27279663085938,-196.23277282714844,1001.0811767578124,-143.1157684326172,-135.53713989257812,505.58148193359375,-230.21505737304688,-340.6011962890625,895.3302001953125
111.87921142578124,-319.2454833984375,147.2279052734375,128.1058349609375,-235.7418670654297,988.9351806640624,113.46749877929688,-354.7073059082031,516.3524169921875,217.62396240234372,-188.23562622070312,841.8714599609375,-114.91344451904295,-55.50193405151367,149.98348999023438,-171.8544464111328,-195.130859375,999.891357421875,-143.0404052734375,-129.60791015625,505.3794860839844,-228.5362701416016,-342.847412109375,894.8951416015625
112.23788452148438,-338.4707946777344,144.51788330078125,128.45188903808594,-235.41912841796875,987.4656982421876,112.6181640625,-354.1921691894531,515.182861328125,217.5029296875,-187.2218017578125,840.6271362304688,-114.79894256591795,-46.10908126831055,150.24838256835938,-171.42660522460938,-194.09019470214844,998.6181640625,-142.97097778320312,-123.9068603515625,505.1150817871094,-226.8260498046875,-344.92291259765625,894.2600708007812
112.65202331542967,-356.8819885253906,142.55087280273438,128.7974090576172,-235.23440551757807,985.8466186523438,111.92499542236328,-353.5497741699219,513.7709350585938,217.47396850585935,-186.34689331054688,839.22216796875,-114.67932891845705,-36.77637100219727,150.53433227539062,-170.994140625,-193.11497497558597,997.2686767578124,-142.90731811523438,-118.4473648071289,504.7779541015625,-225.0914001464844,-346.8197937011719,893.4337158203125
113.11476135253906,-374.27197265625,141.2584228515625,129.13839721679688,-235.20193481445312,984.1058349609376,111.37738800048828,-352.8636779785156,512.1631469726562,217.54800415039065,-185.60948181152344,837.6721801757812,-114.55966186523438,-27.51776885986328,150.8490753173828,-170.56100463867188,-192.2134704589844,995.8516235351562,-142.84609985351562,-113.24092864990234,504.3615417480469,-223.33978271484372,-348.5301513671875,892.42724609375
113.61892700195312,-390.4400939941406,140.5496826171875,129.47262573242188,-235.33436584472656,982.2750854492188,110.9603500366211,-352.2147521972656,510.4103088378906,217.73524475097656,-185.00863647460935,835.9953002929688,-114.4454345703125,-18.34769058227539,151.20382690429688,-170.12997436523438,-191.39825439453125,994.3776245117188,-142.78070068359375,-108.29779815673828,503.8646240234375,-221.5790863037109,-350.0460205078125,891.2537841796875
114.1572036743164,-405.1990966796875,140.31739807128906,129.79962158203125,-235.6424865722656,980.3892822265624,110.65608215332033,-351.6771240234375,508.5661010742188,218.0449676513672,-184.54409790039065,834.2122192382812,-114.34258270263672,-9.280220985412598,151.61312866210938,-169.70257568359375,-190.6859436035156,992.85888671875,-142.70115661621094,-103.6278305053711,503.2925720214844,-219.8175048828125,-351.3595886230469,889.9285278320312
114.72203826904295,-418.3820495605469,140.44500732421875,130.1208038330078,-236.1349334716797,978.4856567382812,110.44576263427734,-351.314208984375,506.6853942871094,218.48536682128903,-184.21632385253903,832.3458251953125,-114.25740051269533,-0.3284981250762939,152.09423828125,-169.2788848876953,-190.09664916992188,991.3096313476562,-142.59432983398438,-99.24156951904295,502.6579895019531,-218.06344604492188,-352.4632873535156,888.4683227539062
115.3050308227539,-429.8488159179688,140.813720703125,130.4393310546875,-236.81797790527344,976.602783203125,110.31149291992188,-351.1753234863281,504.8226623535156,219.06333923339844,-184.0265655517578,830.420654296875,-114.1963882446289,8.49561595916748,152.66641235351562,-168.8576202392578,-189.6532440185547,989.74560546875,-142.44439697265625,-95.1513214111328,501.9803161621094,-216.32530212402344,-353.3499450683594,886.8917236328125
115.89602661132812,-439.4915161132813,141.30923461914062,130.7599334716797,-237.6952209472656,974.7796020507812,110.2380142211914,-351.2933959960937,503.0307312011719,219.78439331054688,-183.9768829345703,828.462890625,-114.16583251953124,17.181360244750977,153.35020446777344,-168.43605041503906,-189.38040161132807,988.1837158203124,-142.23330688476562,-91.3721923828125,501.2843933105469,-214.61135864257807,-354.0129089355469,885.2184448242188
116.48274230957033,-447.2398071289063,141.8282012939453,131.08868408203125,-238.7672882080078,973.0545654296876,110.21434783935548,-351.6840209960937,501.35931396484375,220.6523895263672,-184.0703125,826.4996337890625,-114.1710968017578,25.71833038330078,154.16696166992188,-168.01026916503906,-189.3034210205078,986.6415405273438,-141.9416961669922,-87.92300415039062,500.5981750488281,-212.92950439453125,-354.4461975097656,883.4689331054688
117.05138397216795,-453.0655212402344,142.28375244140625,131.43272399902344,-240.0316467285156,971.4640502929688,110.23487854003906,-352.34619140625,499.8536071777344,221.66954040527344,-184.31072998046875,824.5584716796875,-114.21585845947266,34.095211029052734,155.1383514404297,-167.5752716064453,-189.44688415527344,985.1370239257812,-141.54974365234375,-84.82720947265625,499.9499816894531,-211.2870178222656,-354.64471435546875,881.6642456054688
117.58796691894533,-456.9862976074219,142.60955810546875,131.7999267578125,-241.4823760986328,970.041748046875,110.30006408691406,-353.2642822265625,498.5530395507813,222.8362274169922,-184.70297241210935,822.6671752929688,-114.3012466430664,42.29818344116211,156.28610229492188,-167.1252899169922,-189.8330535888672,983.6876220703124,-141.0386199951172,-82.11399841308594,499.365478515625,-209.69046020507807,-354.6042785644531,879.8255004882812
118.07994079589844,-459.0669250488281,142.76182556152344,132.19845581054688,-243.11019897460935,968.8174438476562,110.41637420654295,-354.4111022949219,497.4898986816406,224.1509246826172,-185.25279235839844,820.8531494140625,-114.4251708984375,50.30915832519531,157.6319122314453,-166.6541290283203,-190.48008728027344,982.3097534179688,-140.3920440673828,-79.8193130493164,498.8648681640625,-208.1455078125,-354.3219909667969,877.9736328125
118.5176773071289,-459.4179992675781,142.71923828125,132.6364288330078,-244.90245056152344,967.8160400390624,110.59568786621094,-355.75152587890625,496.6881713867188,225.61016845703125,-185.9667205810547,819.142822265625,-114.58190155029295,58.10413360595703,159.19720458984375,-166.15548706054688,-191.4004821777344,981.0186157226562,-139.5983428955078,-77.9863052368164,498.4608459472656,-206.65679931640625,-353.79608154296875,876.1288452148438
118.89551544189452,-458.19036865234375,142.4812469482422,133.12142944335938,-246.8432464599609,967.0572509765624,110.85405731201172,-357.2455749511719,496.1624755859375,227.2084503173828,-186.8520355224609,817.561279296875,-114.76197052001952,65.65176391601562,161.00291442871094,-165.6233673095703,-192.59934997558597,979.8275756835938,-138.65243530273438,-76.66492462158203,498.1570434570313,-205.2279510498047,-353.0262756347656,874.310546875
119.21218872070312,-455.5655822753906,142.06463623046875,133.66006469726562,-248.9136962890625,966.5546875,111.20984649658205,-358.8509216308594,495.9172058105469,228.93832397460935,-187.91665649414065,816.1317749023438,-114.95252990722656,72.91239166259766,163.0688934326172,-165.05230712890625,-194.07321166992188,978.7477416992188,-137.55772399902344,-75.91051483154297,497.9471435546875,-203.8615264892578,-352.0137023925781,872.5368041992188
119.47044372558594,-451.7423400878906,141.4989776611328,134.25765991210938,-251.09228515625,966.3161010742188,111.68144989013672,-360.5238342285156,495.9458312988281,230.79034423828125,-189.16891479492188,814.875244140625,-115.13804626464844,79.83743286132812,165.4132843017578,-164.43768310546875,-195.80914306640625,977.787841796875,-136.32765197753906,-75.781494140625,497.81488037109375,-202.55914306640625,-350.7609558105469,870.8245239257812
119.67595672607422,-446.9208068847656,140.82151794433594,134.91787719726562,-253.35520935058597,966.3428955078124,112.28470611572266,-362.21923828125,496.2302551269531,232.7532196044922,-190.61746215820312,813.8099975585938,-115.3014144897461,86.36912536621094,168.0515899658203,-163.77587890625,-197.78466796875,976.9537963867188,-134.98638916015625,-76.33617401123047,497.7346801757813,-201.321533203125,-349.27227783203125,869.1888427734375
119.83599090576172,-441.2879028320313,140.07266235351562,135.64263916015625,-255.6768341064453,966.6307983398438,113.03020477294922,-363.8892211914063,496.7406311035156,234.8138885498047,-192.27099609375,812.9513549804688,-115.4253387451172,92.4405288696289,170.99606323242188,-163.0644989013672,-199.96815490722656,976.2486572265624,-133.5688934326172,-77.62889862060547,497.6732482910156,-200.1487274169922,-347.5533142089844,867.6433715820312
119.9579849243164,-435.0060729980469,139.29249572753906,136.43209838867188,-258.0302124023437,967.1697998046876,113.92073822021484,-365.4810485839844,497.4354553222656,236.9576873779297,-194.13807678222656,812.3115234375,-115.4938735961914,97.97590637207033,174.2552490234375,-162.3023223876953,-202.31988525390625,975.67236328125,-132.11962890625,-79.70590209960938,497.59173583984375,-199.04026794433597,-345.6113586425781,866.1997680664062
120.0483856201172,-428.2074890136719,138.5175323486328,137.28469848632812,-260.38751220703125,967.9447631835938,114.94937896728516,-366.9348449707031,498.2627868652344,239.1686248779297,-196.2268524169922,811.8992309570312,-115.49390411376952,102.89183807373048,177.83389282226562,-161.4894256591797,-204.79348754882807,975.2221069335938,-130.6901092529297,-82.60120391845703,497.4489135742188,-197.9953765869141,-343.4550170898437,864.8679809570312
120.11170196533205,-420.9923706054688,137.77835083007812,138.19741821289062,-262.7206420898437,968.9358520507812,116.0983657836914,-368.18206787109375,499.1629638671875,241.42953491210935,-198.5447998046875,811.7196655273438,-115.4162139892578,107.0989990234375,181.7327423095703,-160.62705993652344,-207.33767700195312,974.8926391601562,-129.33506774902344,-86.33301544189453,497.2050476074219,-197.01318359375,-341.09442138671875,863.6560668945312
120.15007019042967,-413.43170166015625,137.09820556640625,139.16600036621094,-265.0014343261719,970.1192626953124,117.33927917480467,-369.145751953125,500.0726318359375,243.72250366210935,-201.09848022460935,811.774658203125,-115.2561264038086,110.50471496582033,185.9479217529297,-159.71768188476562,-209.8981170654297,974.6766357421876,-128.10765075683594,-90.9009246826172,496.8259582519531,-196.0928955078125,-338.5408020019531,862.5701293945312
120.16353607177734,-405.5722961425781,136.49258422851562,140.18521118164062,-267.20220947265625,971.4681396484376,118.6346206665039,-369.7428894042969,500.93011474609375,246.0290985107422,-203.8932342529297,812.062744140625,-115.0134735107422,113.01653289794922,190.46990966796875,-158.7649383544922,-212.4194793701172,974.5652465820312,-127.0542984008789,-96.28433227539062,496.28753662109375,-195.2340087890625,-335.8066101074219,861.6146240234375
120.15082550048828,-397.44378662109375,135.96934509277344,141.2490997314453,-269.29608154296875,972.95361328125,119.94110870361328,-369.8884582519531,501.6810607910156,248.3308258056641,-206.9329376220703,812.5791625976562,-114.69202423095705,114.54669952392578,195.2819366455078,-157.77369689941406,-214.8476409912109,974.5491333007812,-126.21004486083984,-102.44231414794922,495.5791015625,-194.4364013671875,-332.9051513671875,860.7920532226562
120.11038970947266,-389.0655212402344,135.52960205078125,142.3511962890625,-271.2572937011719,974.5457763671876,121.2147979736328,-369.5008544921875,502.2831115722656,250.6093597412109,-210.21975708007807,813.3165893554688,-114.29825592041016,115.0174560546875,200.35836791992188,-156.74989318847656,-217.13180541992188,974.6189575195312,-125.59526824951172,-109.3153305053711,494.7056884765625,-193.7005157470703,-329.8505249023437,860.1033325195312
120.04146575927734,-380.4529724121094,135.16883850097656,143.48471069335938,-273.061767578125,976.2147827148438,122.4171905517578,-368.5075378417969,502.7088012695313,252.84703063964844,-213.7539978027344,814.2651977539062,-113.83981323242188,114.36644744873048,205.6633758544922,-155.70045471191406,-219.22640991210935,974.7662353515624,-125.21434020996094,-116.8287124633789,493.6890869140625,-193.02737426757807,-326.657470703125,859.5477905273438
119.94490051269533,-371.6219787597656,134.87838745117188,144.64260864257812,-274.6874389648437,977.9317626953124,123.52108001708984,-366.8509521484375,502.9464111328125,255.0270233154297,-217.5339508056641,815.4133911132812,-113.32411193847656,112.5519790649414,211.15057373046875,-154.63291931152344,-221.09298706054688,974.9840087890624,-125.05621337890624,-124.8976593017578,492.5672912597656,-192.41851806640625,-323.341064453125,859.1233520507812
119.82355499267578,-362.5908508300781,134.64686584472656,145.81787109375,-276.1147155761719,979.6697387695312,124.51480102539062,-364.4934997558594,502.9988098144531,257.1336669921875,-221.5558013916016,816.7479248046875,-112.75740051269533,109.55762481689452,216.76348876953125,-153.55508422851562,-222.7014617919922,975.2672119140624,-125.09676361083984,-133.43267822265625,491.3930358886719,-191.8760986328125,-319.9167175292969,858.8265380859375
119.68235778808594,-353.3807067871094,134.46160888671875,147.00352478027344,-277.32696533203125,981.4039306640624,125.4040298461914,-361.4214172363281,502.8811645507813,259.152587890625,-225.8136138916016,818.2548828125,-112.14437103271484,105.39571380615234,222.4373321533203,-152.47462463378906,-224.0312347412109,975.613037109375,-125.30245971679688,-142.34515380859375,490.230712890625,-191.4026031494141,-316.3996887207031,858.6527709960938
119.52813720703124,-344.0146484375,134.30987548828125,148.19287109375,-278.31072998046875,983.1124877929688,126.2106475830078,-357.6459350585937,502.61724853515625,261.07098388671875,-230.29934692382807,819.9196166992188,-111.48845672607422,100.10855102539062,228.1016998291016,-151.39857482910156,-225.0715789794922,976.021240234375,-125.63490295410156,-151.55233764648438,489.15228271484375,-191.00076293945312,-312.8051147460937,858.59619140625
119.3691864013672,-334.5167541503906,134.17977905273438,149.37966918945312,-279.0559387207031,984.7762451171876,126.96895599365234,-353.2022705078125,502.23583984375,262.87744140625,-235.0029144287109,821.7274780273438,-110.79278564453124,93.7667007446289,233.68345642089844,-150.3330841064453,-225.821533203125,976.4937133789062,-126.05535888671876,-160.9815673828125,488.2325134277344,-190.6733856201172,-309.1475524902344,858.64990234375
119.21441650390624,-324.9107666015625,134.06106567382812,150.55833435058594,-279.5559997558594,986.3788452148438,127.71978759765624,-348.14599609375,501.7668762207031,264.5621337890625,-239.91232299804688,823.6641235351562,-110.06182098388672,86.46381378173828,239.10874938964844,-149.2830047607422,-226.2893218994141,977.0342407226562,-126.52880096435548,-170.57269287109375,487.5436706542969,-190.4229888916016,-305.4408874511719,858.8060302734375
119.0723114013672,-315.2187805175781,133.94573974609375,151.72412109375,-279.8076477050781,987.906494140625,128.50344848632812,-342.5474853515625,501.2385864257813,266.1166076660156,-245.0137634277344,825.7156982421875,-109.30311584472656,78.30821228027344,244.3031463623047,-148.2517852783203,-226.4912109375,977.6481323242188,-127.02677154541016,-180.27862548828125,487.150634765625,-190.2515869140625,-301.6982421875,859.0555419921875
118.9497299194336,-305.4603881835937,133.82839965820312,152.87335205078125,-279.81085205078125,989.34765625,129.3526611328125,-336.4854736328125,500.6754760742188,267.5336608886719,-250.2918701171875,827.8690795898438,-108.5286636352539,69.41236877441406,249.18983459472656,-147.24154663085938,-226.45008850097656,978.3410034179688,-127.5285873413086,-190.0634002685547,487.1070556640625,-190.16036987304688,-297.93182373046875,859.388427734375
118.85099792480467,-295.6523742675781,133.7064666748047,154.00335693359375,-279.56842041015625,990.6929321289062,130.2866973876953,-330.0404968261719,500.09710693359375,268.807373046875,-255.7298583984375,830.1121826171875,-107.75548553466795,59.882266998291016,253.68670654296875,-146.25306701660156,-226.19378662109372,979.118408203125,-128.0208740234375,-199.89791870117188,487.4521484375,-190.1494598388672,-294.1528015136719,859.7937622070312
118.7772979736328,-285.80865478515625,133.57986450195312,155.11256408691406,-279.0857849121094,991.9345092773438,131.30740356445312,-323.2892150878906,499.5179443359375,269.9327697753906,-261.3097839355469,832.43359375,-107.00514221191406,49.80866622924805,257.7049255371094,-145.28623962402344,-225.753173828125,979.9844970703124,-128.49636840820312,-209.7549285888672,488.2088012695313,-190.2176971435547,-290.3715209960937,860.2596435546875
118.72663879394533,-275.9408264160156,133.45059204101562,156.20025634765625,-278.370849609375,993.0661010742188,132.39830017089844,-316.3000183105469,498.94769287109375,270.9057312011719,-267.0126342773437,834.8230590820312,-106.3023910522461,39.26175308227539,261.1502990722656,-144.34039306640625,-225.16049194335935,980.941162109375,-128.95204162597656,-219.6041412353516,489.3823852539063,-190.36245727539065,-286.5972595214844,860.7733764648438
118.6942901611328,-266.0586853027344,133.32203674316406,157.2664031982422,-277.4336853027344,994.0824584960938,133.5267333984375,-309.1302490234375,498.39202880859375,271.72296142578125,-272.81866455078125,837.2711181640625,-105.67327117919922,28.289424896240234,263.9280090332031,-143.4148406982422,-224.44775390625,981.9873657226562,-129.38687133789062,-229.4088897705078,490.9608154296875,-190.5796661376953,-282.8385009765625,861.321533203125
118.67366027832033,-256.17059326171875,133.1981658935547,158.31121826171875,-276.286865234375,994.9793701171876,134.64942932128906,-301.8247375488281,497.8534851074219,272.3818054199219,-278.7075500488281,839.76904296875,-105.14337158203124,16.918720245361328,265.9493713378906,-142.5092315673828,-223.6453094482422,983.1183471679688,-129.79940795898438,-239.1249084472656,492.915771484375,-190.8637237548828,-279.1029357910156,861.8899536132812
118.65744018554688,-246.283447265625,133.0828094482422,159.3348846435547,-274.94512939453125,995.753173828125,135.72044372558594,-294.4153747558594,497.3325805664063,272.880126953125,-284.6585693359375,842.3085327148438,-104.7364730834961,5.159204483032227,267.1387634277344,-141.62411499023438,-222.78086853027344,984.325439453125,-130.18553161621094,-248.7013702392578,495.2054138183594,-191.20770263671875,-275.39752197265625,862.464111328125
118.63883209228516,-236.40234375,132.9790802001953,160.33705139160156,-273.4254455566406,996.4009399414062,136.6996612548828,-286.9216003417969,496.8287658691406,273.21630859375,-290.6507873535156,844.8818359375,-104.47269439697266,-6.991883277893066,267.44012451171875,-140.76104736328125,-221.87875366210935,985.5957641601562,-130.53643798828125,-258.0837707519531,497.7783203125,-191.6035003662109,-271.72869873046875,863.0292358398438
118.61241149902344,-226.53028869628903,132.88894653320312,161.31663513183594,-271.74658203125,996.92041015625,137.55963134765625,-279.3525390625,496.3414916992188,273.38916015625,-296.6632995605469,847.4811401367188,-104.36637115478516,-19.54369163513184,266.8211669921875,-139.92283630371094,-220.9595184326172,986.9127807617188,-130.83721923828125,-267.21734619140625,500.577392578125,-192.04214477539065,-268.1024780273437,863.5703735351562
118.5745849609375,-216.6682281494141,132.81321716308594,162.27149963378906,-269.9285583496094,997.3099975585938,138.28855895996094,-271.7104187011719,495.87054443359375,273.3978881835937,-302.6752624511719,850.0986938476562,-104.42485809326172,-32.50699615478516,265.2757263183594,-139.1134796142578,-220.0398406982422,988.2564086914062,-131.0663604736328,-276.0497436523437,503.5439758300781,-192.51405334472656,-264.52447509765625,864.0728759765625
118.52354431152344,-206.81532287597656,132.75169372558594,163.19842529296875,-267.9921569824219,997.5689697265624,138.88916015625,-263.99481201171875,495.4161987304688,273.2421875,-308.6662292480469,852.7263793945312,-104.64826202392578,-45.89125061035156,262.8232727050781,-138.33790588378906,-219.1327362060547,989.6040649414062,-131.1967315673828,-284.531982421875,506.62109375,-193.0094146728516,-261.0000915527344,864.5225219726562
118.45890045166016,-196.96961975097656,132.70346069335938,164.0932159423828,-265.958251953125,997.697265625,139.37449645996094,-256.206298828125,494.97894287109375,272.9222106933594,-314.6160888671875,855.3556518554688,-105.02991485595705,-59.70338439941406,259.50701904296875,-137.6017303466797,-218.24790954589844,990.9312744140624,-131.1976318359375,-292.61834716796875,509.7552795410156,-193.5185546875,-257.5345458984375,864.9057006835938
118.38115692138672,-187.1288146972656,132.6671600341797,164.95091247558594,-263.8475341796875,997.6957397460938,139.76242065429688,-248.34939575195312,494.5590515136719,272.4386291503906,-320.50537109375,857.9771728515625,-105.55706024169922,-73.94801330566406,255.3907470703125,-136.91079711914062,-217.3921813964844,992.2125244140624,-131.03826904296875,-300.26580810546875,512.896484375,-194.03225708007807,-254.13296508789065,865.2097778320312
118.29105377197266,-177.29100036621094,132.64132690429688,165.7661590576172,-261.6802673339844,997.5659790039062,140.07054138183594,-240.43426513671875,494.15631103515625,271.7928466796875,-326.3152770996094,860.5811767578125,-106.2116470336914,-88.62822723388672,250.5550842285156,-136.27090454101562,-216.57003784179688,993.4225463867188,-130.69180297851562,-307.4338684082031,515.9968872070312,-194.54214477539065,-250.8004302978516,865.42333984375
118.1891098022461,-167.45501708984375,132.62454223632812,166.533447265625,-259.4761047363281,997.3101196289062,140.31272888183594,-232.4771728515625,493.76959228515625,270.98699951171875,-332.02764892578125,863.1569213867188,-106.97097778320312,-103.74618530273438,245.0940093994141,-135.6873016357422,-215.7840576171875,994.5366821289062,-130.13978576660156,-314.0848693847656,519.0081787109375,-195.0408477783203,-247.5420379638672,865.5361938476562
118.07535552978516,-157.6205291748047,132.6156463623047,167.24752807617188,-257.2539978027344,996.9307861328124,140.49754333496094,-224.5002593994141,493.3966979980469,270.0241394042969,-337.6252136230469,865.6930541992188,-107.80857849121094,-119.3030776977539,239.1114501953125,-135.16439819335938,-215.03553771972656,995.5321655273438,-129.37538146972656,-320.1841735839844,521.880615234375,-195.5223693847656,-244.36285400390625,865.5396728515625
117.94924926757812,-147.78782653808594,132.61376953125,167.90367126464844,-255.03219604492188,996.4312133789062,140.6284942626953,-216.5307159423828,493.0342712402344,268.90838623046875,-343.0914306640625,868.1774291992188,-108.69519805908205,-135.2982940673828,232.71844482421875,-134.70558166503906,-214.3249053955078,996.3883056640624,-128.40489196777344,-325.70050048828125,524.5624389648438,-195.9821319580078,-241.26795959472656,865.4268188476562
117.80985260009766,-137.95791625976562,132.61842346191406,168.49794006347656,-252.82818603515625,995.8150024414062,140.70570373535156,-208.5995178222656,492.6782836914063,267.64501953125,-348.4105834960937,870.5972290039062,-109.60016632080078,-151.72776794433594,226.03050231933597,-134.31298828125,-213.65223693847656,997.08740234375,-127.2476043701172,-330.6064147949219,527.0007934570312,-196.4170837402344,-238.26248168945312,865.1920776367188
117.65617370605467,-128.13279724121094,132.62965393066406,169.02732849121094,-250.6586761474609,995.0862426757812,140.72817993164062,-200.7390289306641,492.3243103027344,266.2406311035156,-353.5678405761719,872.9391479492188,-110.49288940429688,-168.58204650878906,219.1653594970703,-133.9874267578125,-213.0177764892578,997.6148681640624,-125.93441009521484,-334.87890625,529.1439819335938,-196.8257293701172,-235.3515167236328,864.831787109375
117.48760986328124,-118.3155517578125,132.6482696533203,169.49005126953125,-248.5395050048828,994.2496948242188,140.6960906982422,-192.98020935058597,491.9685974121094,264.7030029296875,-358.549072265625,875.1895141601562,-111.34434509277344,-185.84454345703125,212.2404937744141,-133.7284698486328,-212.42239379882807,997.9595947265624,-124.5052490234375,-338.5003662109375,530.943603515625,-197.20806884765625,-232.5401306152344,864.3436279296875
117.30440521240234,-108.51060485839844,132.67596435546875,169.88560485839844,-246.48558044433597,993.310546875,140.61253356933594,-185.3497009277344,491.6087951660156,263.0413818359375,-363.3410949707031,877.3343505859375,-112.1282958984375,-203.4897308349609,205.37109375,-133.53448486328125,-211.8680877685547,998.1141967773438,-123.00627899169922,-341.4598693847656,532.356689453125,-197.5654754638672,-229.83334350585935,863.7269287109375
117.10808563232422,-98.7235870361328,132.71539306640625,170.21485900878906,-244.51077270507807,992.2747192382812,140.484375,-177.8683319091797,491.2444152832031,261.2661437988281,-367.9315185546875,879.3594970703125,-112.82192993164062,-221.4814300537109,198.6682281494141,-133.40280151367188,-211.35833740234372,998.074951171875,-121.48670959472656,-343.7541809082031,533.34765625,-197.90054321289065,-227.2361602783203,862.9823608398438
116.9018325805664,-88.9611587524414,132.77027893066406,170.48004150390625,-242.62789916992188,991.1488037109376,140.32254028320312,-170.5513458251953,490.8768310546875,259.38897705078125,-372.3087768554688,881.2510375976562,-113.4061050415039,-239.7706756591797,192.23733520507807,-133.32994079589844,-210.89833068847656,997.8419799804688,-119.9956512451172,-345.3890991210937,533.8906860351562,-198.21690368652344,-224.75347900390625,862.1119384765625
116.6906280517578,-79.23082733154297,132.8453826904297,170.6845245361328,-240.8487701416016,989.9401245117188,140.1415252685547,-163.40989685058594,490.5087890625,257.4225769042969,-376.462158203125,882.9951782226562,-113.8653793334961,-258.29327392578125,186.17649841308597,-133.31179809570312,-210.49501037597656,997.419189453125,-118.57907104492188,-346.3807678222656,533.9717407226562,-198.51905822753903,-222.39016723632807,861.1187744140625
116.48116302490234,-69.54081726074219,132.94662475585938,170.83251953125,-239.18408203125,988.6568603515624,139.9582977294922,-156.4534149169922,490.1437072753906,255.3805694580078,-380.3817443847656,884.5786743164062,-114.18783569335938,-276.9671630859375,180.57470703125,-133.3439178466797,-210.1569976806641,996.8140258789062,-117.27709197998048,-346.7565612792969,533.5902709960938,-198.8121490478516,-220.15103149414065,860.0070190429688
116.2814712524414,-59.90005111694336,133.0809783935547,170.92872619628906,-237.64361572265625,987.3079833984376,139.79080200195312,-149.69212341308594,489.7848205566406,253.27731323242188,-384.0582885742188,885.9888305664062,-114.36473846435548,-295.69000244140625,175.50950622558594,-133.42176818847656,-209.89456176757807,996.0374755859376,-116.1217269897461,-346.55621337890625,532.7603759765625,-199.101806640625,-218.0408477783203,858.78173828125
116.10015869140624,-50.31809997558594,133.25656127929688,170.97784423828125,-236.23619079589844,985.9030151367188,139.6560516357422,-143.13917541503906,489.4344787597656,251.1277618408203,-387.4832763671875,887.2138671875,-114.3900375366211,-314.3377380371094,171.04428100585938,-133.54092407226562,-209.71939086914065,995.10400390625,-115.13509368896484,-345.8323669433594,531.5109252929688,-199.39390563964844,-216.0644073486328,857.4490966796875
115.94551849365234,-40.805057525634766,133.4823760986328,170.9841766357422,-234.96994018554688,984.4522094726562,139.56829833984375,-136.81224060058594,489.093505859375,248.94723510742188,-390.6488952636719,888.2431030273438,-114.2598648071289,-332.7645263671875,167.22511291503906,-133.6973876953125,-209.64425659179688,994.03076171875,-114.3282241821289,-344.6513366699219,529.8844604492188,-199.6944732666016,-214.2265625,856.0159301757812
115.82456970214844,-31.371315002441406,133.76815795898438,170.9512939453125,-233.852294921875,982.9660034179688,139.53724670410156,-130.7341766357422,488.76080322265625,246.751220703125,-393.5478515625,889.0669555664062,-113.97216033935548,-350.8042907714844,164.0774383544922,-133.8876495361328,-209.68276977539065,992.8377685546876,-113.70059204101562,-343.0931091308594,527.9352416992188,-200.009521484375,-212.5322265625,854.4900512695312
115.74199676513672,-22.027193069458008,134.12403869628906,170.8817901611328,-232.8901214599609,981.4548950195312,139.5666046142578,-124.9328384399414,488.4330139160156,244.5552215576172,-396.1733703613281,889.6774291992188,-113.5264129638672,-368.2741394042969,161.6031951904297,-134.10894775390625,-209.8490447998047,991.547119140625,-113.2403793334961,-341.25115966796875,525.7266235351562,-200.3449249267578,-210.9864959716797,852.8800659179688
115.6994171142578,-12.782621383666992,134.56040954589844,170.77725219726562,-232.08970642089844,979.929443359375,139.65298461914062,-119.44000244140624,488.1047058105469,242.3745574951172,-398.5191650390625,890.0679931640625,-112.92340087890624,-384.9793701171875,159.77891540527344,-134.35922241210938,-210.1571807861328,990.1827392578124,-112.92569732666016,-339.2311706542969,523.327880859375,-200.70639038085935,-209.59458923339844,851.1956176757812
115.69512939453124,-3.647058486938477,135.08811950683594,170.6382598876953,-231.4567413330078,978.39990234375,139.7852783203125,-114.28961944580078,487.768798828125,240.22422790527344,-400.5793762207031,890.2340087890625,-112.16472625732422,-400.7200927734375,158.5554962158203,-134.6372528076172,-210.6210174560547,988.7697143554688,-112.72659301757812,-337.1486511230469,520.8114624023438,-201.09930419921875,-208.3619842529297,849.4473266601562
115.72430419921876,5.370359420776367,135.71861267089844,170.46469116210938,-230.99632263183597,976.8762817382812,139.9447479248047,-109.51573944091795,487.4173583984375,238.1187286376953,-402.3484802246094,890.1727294921875,-111.25243377685548,-415.2992248535156,157.85997009277344,-134.94253540039062,-211.2535858154297,987.3336791992188,-112.60762786865234,-335.1248779296875,518.250732421875,-201.52877807617188,-207.29444885253903,847.6468505859375
115.77940368652344,14.260518074035645,136.46409606933594,170.25588989257812,-230.7128753662109,975.368408203125,140.1058807373047,-105.15055847167967,487.04205322265625,236.07200622558597,-403.82135009765625,889.883544921875,-110.1888427734375,-428.5318298339844,157.5994873046875,-135.27520751953125,-212.0667266845703,985.9003295898438,-112.53067779541016,-333.2813415527344,515.7177734375,-201.99945068359372,-206.39801025390625,845.8070678710938
115.85094451904295,23.01397132873535,137.3376007080078,170.01104736328125,-230.61007690429688,973.8860473632812,140.23806762695312,-101.22317504882812,486.63519287109375,234.09732055664065,-404.9932556152344,889.3681030273438,-108.97705078125,-440.2549743652344,157.66725158691406,-135.6360321044922,-213.07058715820312,984.4949340820312,-112.45765686035156,-331.7331848144531,513.2806396484375,-202.5155792236328,-205.6789703369141,843.9417724609375
115.92837524414062,31.620555877685547,138.3528289794922,169.72940063476562,-230.6907196044922,972.4385375976562,140.30813598632812,-97.75910949707033,486.1900939941406,232.20713806152344,-405.85986328125,888.63037109375,-107.62210083007812,-450.337646484375,157.95008850097656,-136.02615356445312,-214.27305603027344,983.1416015625,-112.35301208496094,-330.58172607421875,511.0004577636719,-203.08084106445312,-205.1439666748047,842.0660400390625
116.00112915039062,40.06893539428711,139.52389526367188,169.41030883789062,-230.95660400390625,971.0352172851562,140.28359985351562,-94.78033447265624,485.7016296386719,230.41305541992188,-406.4173278808594,887.6770629882812,-106.13265228271484,-458.6891784667969,158.33670043945312,-136.44703674316406,-215.67906188964844,981.8632202148438,-112.18592834472656,-329.9077453613281,508.9288024902344,-203.6983795166016,-204.7998504638672,840.1961059570312
116.05973052978516,48.34603118896485,140.86520385742188,169.05320739746094,-231.4084625244141,969.6849975585938,140.1363525390625,-92.3057861328125,485.16650390625,228.72579956054688,-406.6624145507813,886.5172729492188,-104.52279663085938,-465.2659912109375,158.72613525390625,-136.900390625,-217.2899932861328,980.6809692382812,-111.9320831298828,-329.7660827636719,507.1055908203125,-204.3706817626953,-204.65370178222656,838.34912109375
116.0968017578125,56.43624114990234,142.3911590576172,168.6574249267578,-232.0458831787109,968.396484375,139.84646606445312,-90.35205078125,484.5835266113281,227.15512084960935,-406.592529296875,885.1627807617188,-102.81356811523438,-470.07568359375,159.03497314453125,-137.38795471191406,-219.1029510498047,979.614501953125,-111.57542419433594,-330.1824645996094,505.55859375,-205.0994415283203,-204.71270751953125,836.5431518554688
116.1080093383789,64.3205795288086,144.11619567871094,168.2219696044922,-232.86721801757807,967.1777954101562,139.40557861328125,-88.93443298339844,483.95361328125,225.7097930908203,-406.2056579589844,883.6276245117188,-101.03358459472656,-473.1773071289063,159.20220947265625,-137.9114227294922,-221.11009216308597,978.6815795898438,-111.10970306396484,-331.1527099609375,504.3036193847656,-205.8855743408203,-204.98403930664065,834.7971801757812
116.09284210205078,71.9756088256836,146.05471801757812,167.74542236328125,-233.869384765625,966.0366821289062,138.81956481933594,-88.06808471679688,483.2798767089844,224.39747619628903,-405.5005187988281,881.9280395507812,-99.21880340576172,-474.6773986816406,159.1909637451172,-138.4722900390625,-223.2982635498047,977.8981323242188,-110.53980255126952,-332.6446228027344,503.3458251953125,-206.72901916503903,-205.47479248046875,833.1305541992188
116.05533599853516,79.37234497070312,148.22132873535156,167.22579956054688,-235.04763793945312,964.9807739257812,138.11009216308594,-87.7693099975586,482.56732177734375,223.22471618652344,-404.4764709472656,880.0820922851562,-97.41131591796876,-474.7213745117188,158.98680114746094,-139.0716552734375,-225.6486968994141,977.2782592773438,-109.88255310058594,-334.6021423339844,502.6817626953125,-207.62875366210935,-206.1917724609375,831.56298828125
116.00471496582033,86.47483825683594,150.63095092773438,166.66062927246094,-236.3951416015625,964.0174560546876,137.31480407714844,-88.05660247802734,481.8224487304688,222.1968231201172,-403.1336059570313,878.109375,-95.65760040283205,-473.4812316894531,158.59359741210938,-139.71006774902344,-228.13706970214844,976.833984375,-109.16664123535156,-336.9512634277344,502.3015747070313,-208.5826568603516,-207.141357421875,830.1143188476562
115.9561004638672,93.23851776123048,153.29847717285156,166.04727172851562,-237.9024810791016,963.15380859375,136.4857635498047,-88.95121002197266,481.0524597167969,221.31773376464844,-401.4728393554688,876.030517578125,-94.0063705444336,-471.1405944824219,158.0289764404297,-140.38751220703125,-230.73394775390625,976.5748291015624,-108.4315414428711,-339.6066589355469,502.1910705566406,-209.58746337890625,-208.329345703125,828.8040161132812
115.93074798583984,99.6085433959961,156.238037109375,165.38307189941406,-239.5572052001953,962.396484375,135.68597412109375,-90.47689056396484,480.2639770507813,220.5899810791016,-399.4959411621094,873.8670654296875,-92.5060043334961,-467.87939453125,157.3206787109375,-141.10325622558594,-233.40562438964844,976.5076293945312,-107.7253875732422,-342.4776306152344,502.33209228515625,-210.63885498046875,-209.7607421875,827.6510620117188
115.955322265625,105.51868438720705,159.46218872070312,164.66590881347656,-241.3434295654297,961.7514038085938,134.98402404785156,-92.6586456298828,479.4614562988281,220.0145568847656,-397.2057189941406,871.6410522460938,-91.2008056640625,-463.8602294921875,156.50221252441406,-141.8559112548828,-236.1151885986328,976.6361083984376,-107.10189819335938,-345.472900390625,502.7016906738281,-211.73138427734372,-211.43955993652344,826.67333984375
116.0596923828125,110.89146423339844,162.98135375976562,163.89451599121094,-243.2414093017578,961.223388671875,134.44776916503906,-95.52095794677734,478.64556884765625,219.5908660888672,-394.6062316894531,869.374755859375,-90.12629699707033,-459.2186584472656,155.60899353027344,-142.6434783935547,-238.8241271972656,976.96044921875,-106.61629486083984,-348.5030822753906,503.27001953125,-212.85855102539065,-213.36865234375,825.887451171875
116.2737274169922,115.6399917602539,166.80380249023438,163.06895446777344,-245.2274475097656,960.8155517578124,134.13795471191406,-99.08565521240234,477.8122863769531,219.31674194335935,-391.7027587890625,867.0904541015625,-89.30435180664062,-454.0585021972656,154.67547607421875,-143.46331787109375,-241.49388122558597,977.4768676757812,-106.32048034667967,-351.48065185546875,503.9980163574219,-214.0129852294922,-215.5494842529297,825.3084716796875
116.62390899658205,119.67073059082033,170.93504333496094,162.19093322753906,-247.27398681640625,960.5294799804688,134.10223388671875,-103.36980438232422,476.952880859375,219.1884002685547,-388.5020751953125,864.8098754882812,-88.74011993408203,-448.4517822265625,153.7332000732422,-144.31214904785156,-244.0874938964844,978.1778564453124,-106.25777435302734,-354.3180847167969,504.8364562988281,-215.18649291992188,-217.98199462890625,824.9492797851562
117.13021850585938,122.88673400878906,175.37661743164062,161.2638702392578,-249.3500213623047,960.36474609375,134.37057495117188,-108.3836898803711,476.0553588867188,219.2005615234375,-385.0126037597656,862.554443359375,-88.42184448242188,-442.4415588378906,152.8097686767578,-145.1861114501953,-246.57080078125,979.0520629882812,-106.45763397216795,-356.925048828125,505.7275085449219,-216.3702087402344,-220.6643218994141,824.8204956054688
117.80381774902344,125.19147491455078,180.12379455566406,160.29283142089844,-251.4219512939453,960.3189697265624,134.9528350830078,-114.12933349609376,475.1071472167969,219.34652709960935,-381.244384765625,860.3444213867188,-88.32335662841797,-436.0467529296875,151.9282684326172,-146.08074951171875,-248.9132843017578,980.0848388671876,-106.93151092529295,-359.206298828125,506.6091613769531,-217.5547637939453,-223.5927734375,824.9300537109375
118.64557647705078,126.49346160888672,185.16302490234372,159.28427124023438,-253.45469665527344,960.388427734375,135.83872985839844,-120.5997314453125,474.0989990234375,219.61834716796875,-377.209228515625,858.1992797851562,-88.40829467773438,-429.2688293457031,151.10694885253906,-146.9912567138672,-251.0884552001953,981.2587280273438,-107.67061614990234,-361.0607299804688,507.421875,-218.7303924560547,-226.7616729736328,825.2832641601562
119.64564514160156,126.71155548095705,190.46897888183597,158.24569702148438,-255.4131774902344,960.5682373046876,137.00003051757812,-127.77837371826172,473.0289001464844,220.00701904296875,-372.920654296875,856.1370849609375,-88.63507080078125,-422.0992431640625,150.35914611816406,-147.9125213623047,-253.07391357421875,982.5543823242188,-108.64656829833984,-362.38330078125,508.11529541015625,-219.88706970214844,-230.16336059570312,825.8823852539062
120.78392791748048,125.78096771240234,196.0025329589844,157.18519592285156,-257.263916015625,960.8535766601562,138.39370727539062,-135.63856506347656,471.9057312011719,220.50271606445312,-368.393798828125,854.1744384765625,-88.9613265991211,-414.5275268554688,149.6934051513672,-148.83938598632812,-254.8509521484375,983.9510498046876,-109.81466674804688,-363.06878662109375,508.653564453125,-221.01461791992188,-233.78819274902344,826.7269287109375
122.03140258789062,123.65935516357422,201.70993041992188,156.111083984375,-258.9766540527344,961.239990234375,139.96566772460938,-144.14244079589844,470.7515258789063,221.09495544433597,-363.645263671875,852.3265380859375,-89.34736633300781,-406.54827880859375,149.11373901367188,-149.76686096191406,-256.4042053222656,985.427490234375,-111.11903381347656,-363.0181579589844,509.0186767578125,-222.10287475585935,-237.6245880126953,827.8132934570312
123.35203552246094,120.33221435546876,207.5241241455078,155.031494140625,-260.5258178710937,961.7245483398438,141.65505981445312,-153.24029541015625,469.6020812988281,221.7728729248047,-358.6930847167969,850.6066284179688,-89.75843048095703,-398.1672668457031,148.61996459960938,-150.69024658203125,-257.7211608886719,986.962646484375,-112.49868774414062,-362.145751953125,509.2111511230469,-223.1417236328125,-241.65914916992188,829.1353759765625
124.7051773071289,115.81649017333984,213.3679962158203,153.9540252685547,-261.8916320800781,962.3058471679688,143.39874267578125,-162.87059020996094,468.5062255859375,222.5254364013672,-353.55633544921875,849.0263671875,-90.1661605834961,-389.4048156738281,148.20819091796875,-151.60549926757812,-258.7918701171875,988.535888671875,-113.89383697509766,-360.38671875,509.248046875,-224.1212921142578,-245.8767547607422,830.684326171875
126.04875946044922,110.16143798828124,219.1586151123047,152.88543701171875,-263.0608825683594,962.984375,145.13525390625,-172.96080017089844,467.5231323242188,223.3416290283203,-348.2550048828125,847.5953369140625,-90.54959106445312,-380.2961730957031,147.8712921142578,-152.50921630859375,-259.60870361328125,990.1273803710938,-115.2517547607422,-357.70379638671875,509.1588134765625,-225.03201293945312,-250.26084899902344,832.448974609375
127.3429946899414,103.446044921875,224.81138610839844,151.8315887451172,-264.0272216796875,963.7621459960938,146.80810546875,-183.4292449951172,466.71868896484375,224.2106170654297,-342.8097229003906,846.3209228515625,-90.89550018310548,-370.8885803222656,147.5998077392578,-153.39878845214844,-260.16619873046875,991.71826171875,-116.5315170288086,-354.0931701660156,508.9793701171875,-225.86476135253903,-254.7935791015625,834.416015625
128.55372619628906,95.77284240722656,230.2428741455078,150.79721069335938,-264.7909240722656,964.6425170898438,148.3682403564453,-194.1875,466.1608581542969,225.12191772460935,-337.24151611328125,845.2085571289062,-91.19806671142578,-361.2368774414063,147.3828582763672,-154.27232360839844,-260.4610290527344,993.29052734375,-117.70690155029295,-349.58740234375,508.7459411621094,-226.61094665527344,-259.4560852050781,836.5703735351562
129.65489196777344,87.2586441040039,235.3719940185547,149.78614807128906,-265.3583068847656,965.6292114257812,149.77577209472656,-205.14340209960935,465.9145812988281,226.0653839111328,-331.571533203125,844.2610473632812,-91.4577865600586,-351.3984069824219,147.20921325683594,-155.12844848632812,-260.49224853515625,994.8275756835938,-118.76719665527344,-344.25494384765625,508.48974609375,-227.2626190185547,-264.2287902832031,838.8952026367188
130.629638671875,78.02384948730469,240.1194000244141,148.80136108398438,-265.7409362792969,966.7258911132812,151.0010223388672,-216.2042236328125,466.0368041992188,227.0313873291016,-325.8207702636719,843.4789428710938,-91.6799774169922,-341.4288330078125,147.0682830810547,-155.9661407470703,-260.26123046875,996.3135375976562,-119.71585845947266,-338.1954040527344,508.2333679199219,-227.8124847412109,-269.091552734375,841.3724365234375
131.46994018554688,68.18211364746094,244.40646362304688,147.84530639648438,-265.954345703125,967.93505859375,152.02459716796875,-227.279541015625,466.5719604492188,228.01063537597656,-320.00994873046875,842.860107421875,-91.87293243408205,-331.3785400390625,146.950927734375,-156.78443908691406,-259.7718811035156,997.7342529296876,-120.5672607421875,-331.5314636230469,507.9897155761719,-228.2540283203125,-274.0240783691406,843.9830322265625
132.17518615722656,57.83218383789063,248.1550445556641,146.92001342773438,-266.0168151855469,969.257080078125,152.83663940429688,-238.28343200683597,467.5482482910156,228.9942779541016,-314.15924072265625,842.3998413085938,-92.04588317871094,-321.2901916503906,146.84999084472656,-157.5821990966797,-259.03094482421875,999.07666015625,-121.3420181274414,-324.3979187011719,507.7627258300781,-228.5815277099609,-279.0059509277344,846.7069702148438
132.750244140625,47.05259323120117,251.28857421875,146.0274200439453,-265.94781494140625,970.6895141601562,153.43502807617188,-249.1358795166016,468.9752502441406,229.97369384765625,-308.2882080078125,842.0907592773438,-92.2072296142578,-311.1973571777344,146.760498046875,-158.3579559326172,-258.0478210449219,1000.3294067382812,-122.061767578125,-316.9305114746094,507.5498352050781,-228.78997802734372,-284.0170593261719,849.5238037109375
133.20379638671875,35.89970016479492,253.73406982421875,145.16940307617188,-265.76666259765625,972.2261352539062,153.8232421875,-259.7637634277344,470.8431091308594,230.9405212402344,-302.41558837890625,841.9230346679688,-92.3634033203125,-301.12420654296875,146.67967224121094,-159.1096954345703,-256.8348693847656,1001.482666015625,-122.74430084228516,-309.2558288574219,507.3453979492188,-228.87521362304688,-289.0375671386719,852.4126586914062
133.54693603515625,24.408424377441406,255.42474365234372,144.34788513183594,-265.4911193847656,973.8568725585938,154.00787353515625,-270.10137939453125,473.12353515625,231.8865203857422,-296.5593566894531,841.8843383789062,-92.5181655883789,-291.08599853515625,146.60650634765625,-159.8347930908203,-255.4071502685547,1002.5281982421876,-123.40007019042967,-301.4830017089844,507.1438598632813,-228.8336944580078,-294.0481872558594,855.3523559570312
133.79237365722656,12.595016479492188,256.3025817871094,143.5647430419922,-265.13641357421875,975.5670776367188,153.9967498779297,-280.091064453125,475.7718505859375,232.8034820556641,-290.7364501953125,841.9599609375,-92.67247009277344,-281.0899963378906,146.5411376953125,-160.52999877929688,-253.7824249267578,1003.45947265625,-124.03062438964844,-293.6982421875,506.9425659179688,-228.6626434326172,-299.0303039550781,858.3217163085938
133.95401000976562,0.4607960879802704,256.32080078125,142.82171630859375,-264.7145690917969,977.3381958007812,153.7975311279297,-289.68316650390625,478.7306213378906,233.6832427978516,-284.9628601074219,842.13330078125,-92.82488250732422,-271.1371154785156,146.48439025878906,-161.19143676757812,-251.98068237304688,1004.2711791992188,-124.62938690185548,-285.96240234375,506.7427673339844,-228.3598175048828,-303.96600341796875,861.299560546875
134.04676818847656,-12.00436305999756,255.44601440429688,142.12039184570312,-264.2339172363281,979.1477661132812,153.41696166992188,-298.8363342285156,481.93353271484375,234.51759338378903,-279.2535705566406,842.3860473632812,-92.97234344482422,-261.2237854003906,146.4371795654297,-161.8147735595703,-250.0236358642578,1004.9596557617188,-125.18433380126952,-278.31158447265625,506.54931640625,-227.92352294921875,-308.8381652832031,864.2647705078125
134.08660888671875,-24.81939697265625,253.66091918945312,141.46214294433594,-263.69952392578125,980.9703979492188,152.8607635498047,-307.5173034667969,485.3096618652344,235.29833984375,-273.6224975585937,842.6984252929688,-93.11112213134766,-251.34378051757807,146.40023803710938,-162.39532470703125,-247.93418884277344,1005.5224609375,-125.68180847167967,-270.7606811523437,506.36907958984375,-227.3525848388672,-313.630615234375,867.1963500976562
134.09059143066406,-38.01018905639648,250.9667510986328,140.84817504882812,-263.113525390625,982.778564453125,152.13418579101562,-315.7003479003906,488.787353515625,236.01727294921875,-268.0825500488281,843.0497436523438,-93.2376708984375,-241.48997497558597,146.37380981445312,-162.9281463623047,-245.73590087890625,1005.9585571289062,-126.11023712158205,-263.3089904785156,506.208740234375,-226.646240234375,-318.3279724121094,870.07373046875
134.07659912109375,-51.60796356201172,247.385498046875,140.27969360351562,-262.4759521484375,984.543212890625,151.24261474609375,-323.3663024902344,492.2972106933594,236.66635131835935,-262.6456298828125,843.4188232421875,-93.34928131103516,-231.65570068359372,146.35768127441406,-163.4083709716797,-243.45233154296875,1006.26806640625,-126.46275329589844,-255.9467315673828,506.0723571777344,-225.8041229248047,-322.91583251953125,872.8766479492188
134.06280517578125,-65.64755249023438,242.9612579345703,139.75802612304688,-261.7855834960937,986.2349853515624,150.19265747070312,-330.5014038085937,495.7745056152344,237.2377014160156,-257.3224792480469,843.7842407226562,-93.4443817138672,-221.83529663085935,146.35105895996094,-163.83123779296875,-241.1064453125,1006.452392578125,-126.73805236816406,-248.6615447998047,505.9599304199219,-224.8262634277344,-327.3807373046875,875.58544921875
134.06680297851562,-80.16537475585938,237.76058959960935,139.2847137451172,-261.0408630371094,987.8251953125,148.99301147460938,-337.0961608886719,499.16058349609375,237.72384643554688,-252.12294006347656,844.1251220703125,-93.52249145507812,-212.02456665039065,146.35284423828125,-164.19236755371094,-238.7200927734375,1006.5139770507812,-126.93981170654295,-241.44325256347656,505.8670959472656,-223.713134765625,-331.7100830078125,878.1809692382812
134.1046142578125,-95.19715118408205,231.8719940185547,138.86154174804688,-260.2403564453125,989.2864990234376,147.6554718017578,-343.1444702148437,502.4034118652344,238.11782836914065,-247.0557556152344,844.4212036132812,-93.58404541015624,-202.22055053710935,146.3617706298828,-164.4879608154297,-236.3134613037109,1006.4563598632812,-127.0750732421875,-234.2867431640625,505.7858581542969,-222.46563720703125,-335.8923034667969,880.64501953125
134.18971252441406,-110.7750244140625,225.40391540527344,138.49041748046875,-259.3833923339844,990.5942993164062,146.1956329345703,-348.64276123046875,505.457763671875,238.41346740722656,-242.12876892089844,844.6537475585938,-93.63003540039062,-192.4214630126953,146.37667846679688,-164.7150115966797,-233.9049835205078,1006.2839965820312,-127.15251159667967,-227.1927795410156,505.7061767578125,-221.08517456054688,-339.9166259765625,882.9601440429688
134.33197021484375,-126.92420196533205,218.4817657470703,138.17323303222656,-258.47052001953125,991.726806640625,144.63328552246094,-353.590087890625,508.2849731445313,238.60546875,-237.3488311767578,844.805419921875,-93.66171264648438,-182.6265106201172,146.39682006835938,-164.87152099609375,-231.51124572753903,1006.0020141601562,-127.18099975585938,-220.16722106933597,505.6173095703125,-219.5737762451172,-343.77313232421875,885.110107421875
134.5369110107422,-143.65907287597656,211.24398803710935,137.9115753173828,-257.50360107421875,992.6663818359376,142.99240112304688,-357.9877014160156,510.8525390625,238.6897430419922,-232.72203063964844,844.8609619140625,-93.6803741455078,-172.8356475830078,146.4219970703125,-164.95672607421875,-229.14707946777344,1005.6160278320312,-127.1688003540039,-213.2191619873047,505.5094299316406,-217.9342041015625,-347.45263671875,887.0797119140625
134.8049774169922,-160.97923278808594,203.83737182617188,137.7066650390625,-256.4862976074219,993.3993530273438,141.30047607421875,-361.8393859863281,513.1338500976562,238.6635589599609,-228.25364685058597,844.8071899414062,-93.68726348876952,-163.04949951171875,146.45277404785156,-164.97122192382812,-226.8257751464844,1005.1319580078124,-127.12322998046876,-206.35855102539065,505.3746337890625,-216.17010498046875,-350.9466247558594,888.8552856445312
135.13082885742188,-178.8654327392578,196.41213989257807,137.55906677246094,-255.4240875244141,993.916259765625,139.58758544921875,-365.1516418457031,515.1077880859375,238.5257110595703,-223.94825744628903,844.6336059570312,-93.6835708618164,-153.2692108154297,146.490478515625,-164.9170684814453,-224.5591583251953,1004.5557861328124,-127.05093383789062,-199.59390258789065,505.2079772949219,-214.28610229492188,-354.24713134765625,890.4247436523438
135.50291442871094,-197.2761383056641,189.11672973632807,137.46864318847656,-254.3245086669922,994.2120361328124,137.8849334716797,-367.9338073730469,516.7586059570312,238.27667236328125,-219.80984497070312,844.33203125,-93.67044067382812,-143.49623107910156,146.53726196289062,-164.79776000976562,-222.3575592041016,1003.8935546875,-126.9582748413086,-192.930419921875,505.00787353515625,-212.28797912597656,-357.3467712402344,891.7776489257812
135.9036102294922,-216.1455993652344,182.09259033203125,137.43453979492188,-253.19715881347656,994.2855834960938,136.22328186035156,-370.1983642578125,518.0759887695312,237.91873168945312,-215.8418426513672,843.89697265625,-93.64911651611328,-133.73207092285156,146.59597778320312,-164.61805725097656,-220.22991943359372,1003.1511840820312,-126.85187530517578,-186.3689117431641,504.7760009765625,-210.18267822265625,-360.2387084960937,892.9053955078125
136.31028747558594,-235.38427734375,175.4689178466797,137.45516967773438,-252.05386352539065,994.1396484375,134.6313018798828,-371.9612121582031,519.0548706054688,237.45606994628903,-212.04722595214844,843.3257446289062,-93.62106323242188,-123.9782943725586,146.6700439453125,-164.38385009765625,-218.1837921142578,1002.33447265625,-126.7389907836914,-179.90574645996094,504.5169982910156,-207.97836303710935,-362.9166259765625,893.8013305664062
136.69720458984375,-254.88113403320312,169.3580780029297,137.5282440185547,-250.90843200683597,993.7804565429688,133.13424682617188,-373.2420349121094,519.6959228515625,236.8948211669922,-208.4285430908203,842.6179809570312,-93.58822631835938,-114.23675537109376,146.7631072998047,-164.10183715820312,-216.22560119628903,1001.4489135742188,-126.627685546875,-173.53343200683594,504.2375793457031,-205.6844787597656,-365.3747863769531,894.4608764648438
137.03707885742188,-274.5062866210937,163.8516387939453,137.65081787109375,-249.77664184570312,993.2175903320312,131.75262451171875,-374.0649108886719,520.0053100585938,236.2430725097656,-204.98806762695312,841.7760009765625,-93.5531768798828,-104.51004028320312,146.87876892089844,-163.77923583984375,-214.36083984375,1000.5001220703124,-126.52669525146484,-167.24205017089844,503.9455871582031,-203.31173706054688,-367.6079406738281,894.8814086914062
137.3021697998047,-294.11297607421875,159.01734924316406,137.8193817138672,-248.6758575439453,992.4635009765624,130.50143432617188,-374.458984375,519.9945678710938,235.51080322265625,-201.7277069091797,840.8043212890625,-93.51921081542967,-94.80184173583984,147.02041625976562,-163.42352294921875,-212.5942840576172,999.4933471679688,-126.44488525390624,-161.021484375,503.64892578125,-200.8719940185547,-369.6114501953125,895.0624389648438
137.465087890625,-313.53936767578125,154.8968505859375,138.02993774414062,-247.6247711181641,991.533203125,129.38949584960938,-374.4595031738281,519.6806030273438,234.70977783203125,-198.6492156982422,839.7096557617188,-93.49028778076172,-85.11714172363281,147.19117736816406,-163.0420379638672,-210.93019104003903,998.4337768554688,-126.39031982421876,-154.864013671875,503.3545227050781,-198.37823486328125,-371.3811645507813,895.0055541992188
137.4996337890625,-332.6102905273437,151.50421142578125,138.278076171875,-246.6429901123047,990.4441528320312,128.4191131591797,-374.1080627441406,519.0849609375,233.8534698486328,-195.75413513183597,838.5006103515625,-93.4708251953125,-75.46221160888672,147.39410400390625,-162.64175415039062,-209.3723297119141,997.3264770507812,-126.36908721923828,-148.76670837402344,503.06781005859375,-195.8444061279297,-372.9136352539063,894.7142333984375
137.3816680908203,-351.1400451660156,148.82577514648438,138.5591583251953,-245.750732421875,989.2158203125,127.58605194091795,-373.4528503417969,518.2335815429688,232.95681762695312,-193.0438690185547,837.1873779296875,-93.46533203125,-65.84452819824219,147.63275146484375,-162.22889709472656,-207.92410278320312,996.1763916015624,-126.38414764404295,-142.73336791992188,502.7923278808594,-193.28530883789065,-374.2059020996094,894.1940307617188
137.0902099609375,-368.935791015625,146.82115173339844,138.86834716796875,-244.96827697753903,987.8692626953124,126.87986755371094,-372.5481567382813,517.1559448242188,232.0360412597656,-190.51974487304688,835.7816162109375,-93.47789764404295,-56.272586822509766,147.9117431640625,-161.8085479736328,-206.5886993408203,994.9883422851562,-126.43424987792967,-136.77565002441406,502.52978515625,-190.7164306640625,-375.2557067871094,893.452392578125
136.6087646484375,-385.8027648925781,145.42576599121094,139.20077514648438,-244.31570434570312,986.4270629882812,126.28455352783205,-371.4532165527344,515.8843383789062,231.1083526611328,-188.18310546875,834.2962036132812,-93.51178741455078,-46.75595474243164,148.2372283935547,-161.38424682617188,-205.36944580078125,993.7671508789062,-126.51310729980467,-130.91334533691406,502.2802429199219,-188.15374755859372,-376.0614013671875,892.49853515625
135.92686462402344,-401.55029296875,144.5547637939453,139.55169677734375,-243.8123016357422,984.9125366210938,125.7795867919922,-370.2305908203125,514.4531860351562,230.1917266845703,-186.0352935791016,832.7447509765625,-93.5690460205078,-37.3052978515625,148.61705017089844,-160.9578399658203,-204.2700958251953,992.5173950195312,-126.60904693603516,-125.17415618896484,502.0426635742188,-185.6136474609375,-376.6219482421875,891.3436279296875
135.04151916503906,-415.9988708496094,144.10848999023438,139.91665649414062,-243.47618103027344,983.3496704101562,125.34130859375,-368.9439392089844,512.8981323242188,229.3044586181641,-184.0778350830078,831.1414184570312,-93.65017700195312,-27.9323844909668,149.060546875,-160.5296173095703,-203.29515075683597,991.2437744140624,-126.70494842529295,-119.59284973144533,501.8150329589844,-183.1127014160156,-376.93701171875,890.0003051757812
133.9586639404297,-428.9872741699219,143.97914123535156,140.2916259765625,-243.32369995117188,981.7626342773438,124.94454193115234,-367.6558532714844,511.2550354003906,228.46495056152344,-182.3124084472656,829.5008544921875,-93.75391387939452,-18.649831771850582,149.57821655273438,-160.09866333007812,-202.449951171875,989.9508056640624,-126.7787628173828,-114.21009063720705,501.5949096679688,-180.66748046875,-377.0069274902344,888.4828491210938
132.69384765625,-440.3796081542969,144.0579376220703,140.67311096191406,-243.3688507080078,980.175537109375,124.56446075439452,-366.4254760742188,509.5596008300781,227.69129943847656,-180.74107360839844,827.8377685546875,-93.87708282470705,-9.47079849243164,150.1815643310547,-159.6632843017578,-201.7407684326172,988.6431884765624,-126.80435180664062,-109.07117462158205,501.3792114257813,-178.29441833496094,-376.8326416015625,886.8070068359375
131.27224731445312,-450.071533203125,144.24244689941406,141.0583038330078,-243.62257385253903,978.6119995117188,124.17843627929688,-365.3064270019531,507.8465270996094,227.0010223388672,-179.36624145507812,826.1668090820312,-94.0146026611328,-0.4087284207344055,150.88279724121094,-159.22128295898438,-201.17481994628903,987.3255615234376,-126.7527847290039,-104.22455596923828,501.1642150878906,-176.00961303710938,-376.415771484375,884.9898071289062
129.72740173339844,-457.9946594238281,144.44277954101562,141.44512939453125,-244.0922088623047,977.095458984375,123.76789855957033,-364.3451232910156,506.1491394042969,226.41064453125,-178.1907501220703,824.50244140625,-94.1597671508789,8.52275276184082,151.69476318359375,-158.77011108398438,-200.7601776123047,986.002685546875,-126.59407043457033,-99.72034454345705,500.9452819824219,-173.82861328125,-375.7586364746094,883.049560546875
128.09915161132812,-464.1198120117188,144.58596801757812,141.8323516845703,-244.7809600830078,975.6485595703124,123.31981658935548,-363.5794677734375,504.4991149902344,225.9354705810547,-177.21795654296875,822.8589477539062,-94.30461120605467,17.30971336364746,152.63087463378906,-158.3070831298828,-200.5054931640625,984.6793823242188,-126.29920959472656,-95.60877990722656,500.7167663574219,-171.76625061035156,-374.8641662597656,881.0053100585938
126.43144989013672,-468.4588623046875,144.61900329589844,142.21971130371094,-245.6874847412109,974.29345703125,122.8277816772461,-363.0383911132813,502.9264221191406,225.5893402099609,-176.4517364501953,821.2500610351562,-94.4406280517578,25.937559127807617,153.70494079589844,-157.8296356201172,-200.41954040527344,983.3607177734376,-125.84259796142578,-91.93888854980467,500.4722290039063,-169.83648681640625,-373.7359619140625,878.8773193359375
124.7705078125,-471.0652465820313,144.51014709472656,142.6078338623047,-246.80563354492188,973.051513671875,122.2925033569336,-362.7416687011719,501.4591674804688,225.38427734375,-175.89651489257812,819.689208984375,-94.55966186523438,34.3903694152832,154.93118286132812,-157.33531188964844,-200.5102996826172,982.0520629882812,-125.20455169677734,-88.75745391845703,500.2048645019531,-168.0522003173828,-372.3782653808594,876.6860961914062
123.1627960205078,-472.0326843261719,144.2481231689453,142.99839782714844,-248.12432861328125,971.9430541992188,121.7219009399414,-362.7002258300781,500.123779296875,225.33038330078125,-175.55726623535156,818.1893310546875,-94.6549072265625,42.64988708496094,156.32406616210938,-156.8219757080078,-200.7840881347656,980.7592163085938,-124.37401580810548,-86.10882568359375,499.90826416015625,-166.42510986328125,-370.7960205078125,874.452880859375
121.65279388427734,-471.4909362792969,143.83888244628906,143.39390563964844,-249.62765502929688,970.9874877929688,121.13079833984376,-362.9170837402344,498.9453125,225.43565368652344,-175.4395294189453,816.7630615234375,-94.7218246459961,50.694114685058594,157.89830017089844,-156.28775024414062,-201.24447631835935,979.48876953125,-123.35125732421876,-84.03534698486328,499.57666015625,-164.9655303955078,-368.9947509765625,872.1990966796875
120.28036499023438,-469.5986328125,143.30038452148438,143.79762268066406,-251.2950592041016,970.2025756835938,120.54043579101562,-363.3877868652344,497.94732666015625,225.705810546875,-175.5492706298828,815.422607421875,-94.75875091552734,58.49573516845703,159.6686248779297,-155.73117065429688,-201.89129638671875,978.2479858398438,-122.15019989013672,-82.57809448242188,499.2052001953125,-163.68235778808594,-366.980712890625,869.946044921875
119.078125,-466.5332336425781,142.65664672851562,144.21334838867188,-253.10191345214844,969.604248046875,119.97772216796876,-364.1006774902344,497.1514892578125,226.14439392089844,-175.8928680419922,814.1796875,-94.76717376708984,66.02046203613281,161.64962768554688,-155.15115356445312,-202.71978759765625,977.0449829101562,-120.79981994628906,-81.77718353271484,498.7896423339844,-162.5829315185547,-364.76080322265625,867.7150268554688
118.06908416748048,-462.4785461425781,141.9331512451172,144.6450653076172,-255.0201110839844,969.2062377929688,119.47415924072266,-365.036376953125,496.57611083984375,226.7525787353516,-176.4769287109375,813.0459594726562,-94.7515640258789,73.22542572021484,163.85549926757812,-154.54710388183594,-203.7198181152344,975.888427734375,-119.3440170288086,-81.67121887207031,498.3258666992188,-161.6729736328125,-362.3425903320313,865.5266723632812
117.26514434814452,-457.6119689941406,141.15492248535156,145.0967254638672,-257.0189208984375,969.0189208984376,119.0643081665039,-366.16644287109375,496.2342529296875,227.5293731689453,-177.3081817626953,812.0325927734375,-94.71923065185548,80.0576171875,166.30020141601562,-153.91883850097656,-204.8756103515625,974.7877197265624,-117.83963012695312,-82.2955093383789,497.8091125488281,-160.95652770996094,-359.7343444824219,863.401123046875
116.66657257080078,-452.0924072265625,140.34625244140625,145.57186889648438,-259.0660095214844,969.0493774414062,118.783447265625,-367.4512634277344,496.130859375,228.4715881347656,-178.39320373535156,811.1505737304688,-94.67982482910156,86.45270538330078,168.99789428710938,-153.2666473388672,-206.1655120849609,973.7523803710938,-116.35319519042967,-83.67977905273438,497.2332763671875,-160.43597412109375,-356.9449768066406,861.357421875
116.2622528076172,-446.0520629882813,139.53042602539062,146.07333374023438,-261.1282653808594,969.3002319335938,118.6645736694336,-368.8376159667969,496.260009765625,229.573974609375,-179.7383575439453,810.4103393554688,-94.64478302001952,92.33464813232422,171.96337890625,-152.59130859375,-207.5618896484375,972.791748046875,-114.95672607421876,-85.845703125,496.5901794433594,-160.11204528808594,-353.9842224121094,859.413330078125
116.0308837890625,-439.5916137695313,138.7289581298828,146.6029815673828,-263.1729431152344,969.76953125,118.73477935791016,-370.25634765625,496.6025390625,230.82931518554688,-181.3493804931641,809.8218994140625,-94.62642669677734,97.61622619628906,175.21229553222656,-151.89410400390625,-209.0313720703125,971.9149169921876,-113.72252655029295,-88.80451965332031,495.869384765625,-159.98385620117188,-350.8624572753906,857.5853271484375
115.94316864013672,-432.7801513671875,137.96090698242188,147.16151428222656,-265.1683654785156,970.4502563476562,119.01188659667967,-371.6211242675781,497.1251220703125,232.22853088378903,-183.2313232421875,809.3947143554688,-94.63687896728516,102.20101928710938,178.76055908203125,-151.17689514160156,-210.5352783203125,971.1302490234376,-112.71735382080078,-92.55487060546876,495.0590515136719,-160.04908752441406,-347.5906677246094,855.8881225585938
115.96495819091795,-425.6579284667969,137.2421417236328,147.74844360351562,-267.08453369140625,971.3305053710938,119.50163269042967,-372.8286743164063,497.7814025878906,233.76084899902344,-185.38815307617188,809.1373901367188,-94.6867218017578,105.98675537109376,182.62306213378903,-150.44204711914062,-212.03050231933597,970.4452514648438,-111.99642181396484,-97.08111572265624,494.1475830078125,-160.30398559570312,-344.1806945800781,854.33447265625
116.06082153320312,-418.2416076660156,136.58473205566406,148.36215209960938,-268.8934020996094,972.3937377929688,120.19628143310548,-373.76177978515625,498.5152587890625,235.4138946533203,-187.8227386474609,809.0574951171875,-94.78367614746094,108.87035369873048,186.81146240234372,-149.6925506591797,-213.47116088867188,969.866455078125,-111.59831237792967,-102.35247039794922,493.1265869140625,-160.7436065673828,-340.64483642578125,852.935302734375
116.1974868774414,-410.5315246582031,135.9965362548828,149.00009155273438,-270.56903076171875,973.6193237304688,121.07486724853516,-374.2948303222656,499.2658996582031,237.17388916015625,-190.53646850585935,809.1616821289062,-94.9315414428711,110.75414276123048,191.33111572265625,-148.93191528320312,-214.81076049804688,969.3992919921876,-111.5414581298828,-108.32328033447266,491.9939575195313,-161.36192321777344,-336.9960021972656,851.699462890625
116.34656524658205,-402.5195617675781,135.48118591308594,149.65921020507812,-272.0873718261719,974.98388671875,122.10523223876952,-374.3016357421875,499.9739379882813,239.0257568359375,-193.5292205810547,809.4552001953125,-95.12937927246094,111.5529327392578,196.1777191162109,-148.1638946533203,-216.0050048828125,969.0482788085938,-111.82320404052734,-114.93490600585938,490.7575073242188,-162.15191650390625,-333.24755859375,850.6337280273438
116.48622131347656,-394.1968994140625,135.03817749023438,150.3363037109375,-273.4261169433594,976.4620361328124,123.24755096435548,-373.6646423339844,500.5870971679688,240.953369140625,-196.79920959472656,809.9420776367188,-95.37113189697266,111.20126342773438,201.33441162109372,-147.39224243164062,-217.01451110839844,968.81689453125,-112.42115783691406,-122.11930084228516,489.4376525878906,-163.1057891845703,-329.4131164550781,849.7430419921875
116.6017608642578,-385.5605163574219,134.66342163085938,151.0285186767578,-274.564453125,978.0276489257812,124.45896911621094,-372.28424072265625,501.0652770996094,242.9397430419922,-200.3428497314453,810.6248779296875,-95.64558410644533,109.65997314453124,206.76983642578125,-146.62042236328125,-217.8072204589844,968.707763671875,-113.29622650146484,-129.8030242919922,488.069580078125,-164.21507263183594,-325.5064392089844,849.0303955078125
116.68531799316406,-376.6170349121094,134.34991455078125,151.73370361328125,-275.4831848144531,979.6550903320312,125.69857025146484,-370.0872192382813,501.38323974609375,244.96725463867188,-204.1546936035156,811.5049438476562,-95.93668365478516,106.92131042480467,212.43783569335935,-145.85169982910156,-218.36013793945312,968.7232666015624,-114.39691925048828,-137.9113311767578,486.7034301757813,-165.47071838378906,-321.5411071777344,848.4970703125
116.73485565185548,-367.3843078613281,134.08859252929688,152.4507293701172,-276.1647644042969,981.3197021484376,126.93191528320312,-367.0335998535156,501.5314636230469,247.0178680419922,-208.22747802734372,812.5820922851562,-96.22463989257812,103.01190948486328,218.279296875,-145.08908081054688,-218.66036987304688,968.8654174804688,-115.66452026367188,-146.37184143066406,485.4031066894531,-166.8631591796875,-317.5304870605469,848.1425170898438
116.75292205810548,-357.8900756835937,133.86940002441406,153.17947387695312,-276.5938415527344,982.9986572265624,128.13433837890625,-363.1205139160156,501.51513671875,249.07339477539065,-212.55198669433597,813.8549194335938,-96.48794555664062,97.99275970458984,224.2248077392578,-144.33551025390625,-218.70541381835935,969.136474609375,-117.03849792480467,-155.1175537109375,484.2431335449219,-168.38230895996094,-313.4873962402344,847.9647216796875
116.74532318115234,-348.1695556640625,133.6821746826172,153.9207763671875,-276.7579650878906,984.6708984375,129.29258728027344,-358.3827819824219,501.3513793945313,251.1157684326172,-217.1172637939453,815.3206787109375,-96.7061004638672,91.95510864257812,230.1972198486328,-143.59388732910156,-218.5029144287109,969.538818359375,-118.46125793457033,-164.0885772705078,483.3035583496094,-170.017578125,-309.424072265625,847.9598388671875
116.7199478149414,-338.2622375488281,133.5174560546875,154.6760711669922,-276.6480407714844,986.3175659179688,130.40487670898438,-352.8891296386719,501.0655822753906,253.127197265625,-221.91050720214844,816.9754638671875,-96.86261749267578,85.01221466064453,236.11294555664065,-142.8670654296875,-218.0695953369141,970.0750732421876,-119.8816375732422,-173.23214721679688,482.66455078125,-171.75779724121094,-305.35186767578125,848.122314453125
116.6855697631836,-328.20867919921875,133.36691284179688,155.44708251953125,-276.25909423828125,987.9215698242188,131.47877502441406,-346.7353210449219,500.68756103515625,255.0904998779297,-226.91726684570312,818.814208984375,-96.9477310180664,77.2879638671875,241.881591796875,-142.15785217285156,-217.42991638183597,970.747314453125,-121.25677490234376,-182.5007781982422,482.39984130859375,-173.59112548828125,-301.2811279296875,848.44482421875
116.65074920654295,-318.0475769042969,133.22384643554688,156.2353057861328,-275.5904235839844,989.467529296875,132.52740478515625,-340.0341491699219,500.2476806640625,256.9892578125,-232.12152099609372,820.830810546875,-96.96038055419922,68.90403747558594,247.4041748046875,-141.46897888183594,-216.61407470703125,971.5570068359376,-122.55318450927734,-191.849853515625,482.5708312988281,-175.50497436523438,-297.22125244140625,848.9180297851562
116.622802734375,-307.8135986328125,133.08338928222656,157.04177856445312,-274.645751953125,990.9414672851562,133.5641632080078,-332.9045104980469,499.7740478515625,258.8080139160156,-237.5057373046875,823.0181884765625,-96.90882873535156,59.96827697753906,252.57122802734372,-140.80303955078125,-215.65606689453125,972.5038452148438,-123.7472915649414,-201.23480224609372,483.2209167480469,-177.4858856201172,-293.1803283691406,849.5308837890625
116.6068878173828,-297.5357971191406,132.94265747070312,157.86668395996094,-273.4330749511719,992.3305053710938,134.5970001220703,-325.46044921875,499.2903137207031,260.5324401855469,-243.0510406494141,825.3681640625,-96.81006622314452,50.56650924682617,257.2633972167969,-140.16246032714844,-214.5914306640625,973.5855102539062,-124.82512664794922,-210.6085357666016,484.3712158203125,-179.5194549560547,-289.165283203125,850.270263671875
116.60536193847656,-287.2371826171875,132.80075073242188,158.7091064453125,-271.9642028808594,993.6229858398438,135.6239776611328,-317.80181884765625,498.81451416015625,262.1495361328125,-248.73731994628903,827.8717041015625,-96.68812561035156,40.758819580078125,261.3558044433594,-139.54954528808594,-213.4552459716797,974.7964477539062,-125.7810516357422,-219.92002868652344,486.0181274414063,-181.5903778076172,-285.181884765625,851.1209716796875
116.61753845214844,-276.9349975585937,132.6586151123047,159.56687927246094,-270.2543640136719,994.8081665039062,136.6308135986328,-310.0079040527344,498.3585205078125,263.6476135253906,-254.5433654785156,830.51904296875,-96.57183837890624,30.579923629760746,264.7254638671875,-138.9665069580078,-212.28021240234372,976.127685546875,-126.61579895019533,-229.114501953125,488.1335144042969,-183.68246459960935,-281.23468017578125,852.0661010742188
116.63996887207033,-266.6412658691406,132.51869201660156,160.4364471435547,-268.32147216796875,995.8762817382812,137.5920867919922,-302.1340637207031,497.9283752441406,265.016357421875,-260.447021484375,833.29931640625,-96.49240112304688,20.042524337768555,267.2602844238281,-138.41552734375,-211.0951995849609,977.5662231445312,-127.33407592773438,-238.1351318359375,490.6665954589844,-185.77880859375,-277.3270874023437,853.0867309570312
116.66702270507812,-256.3639221191406,132.38442993164062,161.31285095214844,-266.185791015625,996.8187866210938,138.4756317138672,-294.2117919921875,497.5249938964844,266.2469787597656,-266.4253845214844,836.200927734375,-96.48116302490234,9.142194747924805,268.8676147460937,-137.89886474609375,-209.924072265625,979.094970703125,-127.94189453125,-246.92608642578125,493.5483703613281,-187.8619842529297,-273.461669921875,854.1624145507812
116.6919403076172,-246.10720825195312,132.25967407226562,162.189697265625,-263.8692321777344,997.628173828125,139.24954223632812,-286.25128173828125,497.1456298828125,267.33203125,-272.4550170898437,839.2113037109375,-96.56790161132812,-2.1373512744903564,269.4813537597656,-137.41879272460938,-208.78500366210935,980.6930541992188,-128.44412231445312,-255.43592834472656,496.6970520019531,-189.91439819335935,-269.6400756835937,855.2713623046875
116.70785522460938,-235.872314453125,132.1481170654297,163.0593719482422,-261.3949890136719,998.29833984375,139.88937377929688,-278.24664306640625,496.785400390625,268.2654113769531,-278.5120849609375,842.317138671875,-96.7795181274414,-13.819235801696776,269.0657958984375,-136.97772216796875,-207.6902313232422,982.3363037109376,-128.842529296875,-263.6204528808594,500.0248107910156,-191.9185333251953,-265.86334228515625,856.3908081054688
116.7087860107422,-225.6582794189453,132.05288696289062,163.9130859375,-258.7869567871094,998.824951171875,140.38339233398438,-270.18280029296875,496.438720703125,269.0423583984375,-284.5726623535156,845.5039672851562,-97.13921356201172,-25.929052352905277,267.6175537109375,-136.57809448242188,-206.64630126953125,983.9983520507812,-129.13455200195312,-271.4443664550781,503.4449157714844,-193.8573760986328,-262.132080078125,857.4971313476562
116.69023895263672,-215.46275329589844,131.9762420654297,164.7410888671875,-256.06903076171875,999.20556640625,140.73361206054688,-262.0431823730469,496.1001281738281,269.6592712402344,-290.61285400390625,848.756591796875,-97.66573333740234,-38.49138641357422,265.16436767578125,-136.2223663330078,-205.65464782714844,985.6511840820312,-129.3129119873047,-278.8813171386719,506.8774108886719,-195.71478271484372,-258.446533203125,858.566650390625
116.64938354492188,-205.2830047607422,131.91949462890625,165.53298950195312,-253.26449584960935,999.4395751953124,140.9534149169922,-253.8166961669922,495.7648010253906,270.11376953125,-296.60906982421875,852.058837890625,-98.37248229980467,-51.52742767333984,261.7625427246094,-135.91294860839844,-204.71243286132807,987.2665405273438,-129.3663330078125,-285.91229248046875,510.2535095214844,-197.4759521484375,-254.806884765625,859.575927734375
116.58489227294922,-195.1164703369141,131.8830108642578,166.278076171875,-250.3956451416016,999.5283813476562,141.06272888183594,-245.50230407714844,495.428466796875,270.4045104980469,-302.5381774902344,855.3936157226562,-99.26653289794922,-65.0536117553711,257.49267578125,-135.65206909179688,-203.81362915039065,988.8169555664062,-129.28135681152344,-292.5228271484375,513.5173950195312,-199.12767028808597,-251.21327209472656,860.502197265625
116.49652099609376,-184.9613800048828,131.86624145507812,166.96578979492188,-247.4835662841797,999.4750366210938,141.08294677734375,-237.1112518310547,495.0875244140625,270.5311584472656,-308.3775634765625,858.7430419921875,-100.34766387939452,-79.08094024658203,252.45513916015625,-135.44171142578125,-202.94989013671875,990.2763671875,-129.044921875,-298.6998291015625,516.6256103515625,-200.6587829589844,-247.6660919189453,861.3240356445312
116.384521484375,-174.8170166015625,131.86788940429688,167.58624267578125,-244.5480194091797,999.2839965820312,141.03292846679688,-228.66665649414065,494.7387390136719,270.4944763183594,-314.1054382324219,862.088623046875,-101.6076889038086,-93.61459350585938,246.7653350830078,-135.28338623046875,-202.11151123046875,991.6212158203124,-128.6472930908203,-304.4288330078125,519.5452270507812,-202.0604248046875,-244.16595458984372,862.0215454101562
116.24916076660156,-164.68365478515625,131.885986328125,168.13059997558594,-241.6075439453125,998.9608764648438,140.92637634277344,-220.2015686035156,494.3792724609375,270.2960510253906,-319.70086669921875,865.4111938476562,-103.0302276611328,-108.65339660644533,240.54925537109372,-135.1781005859375,-201.28831481933597,992.83056640625,-128.0849151611328,-309.6925048828125,522.2503662109375,-203.3262176513672,-240.7139434814453,862.5769653320312
116.0904312133789,-154.56240844726562,131.91793823242188,168.5915069580078,-238.6795196533203,998.5118408203124,140.77098083496094,-211.7559967041016,494.00634765625,269.9386291503906,-325.1438293457031,868.6909790039062,-104.59104919433594,-124.1890640258789,233.9391632080078,-135.12623596191406,-200.47039794921875,993.8866577148438,-127.36292266845705,-314.4710388183594,524.7194213867188,-204.45252990722656,-237.31158447265625,862.9750366210938
115.90802764892578,-144.4547882080078,131.96054077148438,168.9634246826172,-235.78030395507807,997.9434204101562,140.56900024414062,-203.37350463867188,493.6173095703125,269.4257202148437,-330.4154663085937,871.907958984375,-106.25921630859376,-140.20506286621094,227.06976318359372,-135.12754821777344,-199.6488037109375,994.7747192382812,-126.49688720703124,-318.7435607910156,526.9324340820312,-205.4384307861328,-233.9609832763672,863.2030639648438
115.70153045654295,-134.36248779296875,132.01002502441406,169.24285888671875,-232.92535400390625,997.2623291015624,140.31907653808594,-195.09786987304688,493.2097473144531,268.7619323730469,-335.4980163574219,875.0418090820312,-107.99885559082033,-156.67556762695312,220.0744781494141,-135.18112182617188,-198.81622314453125,995.483154296875,-125.51327514648438,-322.4902038574219,528.8695068359375,-206.2857360839844,-230.66482543945312,863.2511596679688
115.4705581665039,-124.2872314453125,132.06211853027344,169.42849731445312,-230.1292724609375,996.4750366210938,140.01864624023438,-186.9698028564453,492.7817077636719,267.9527282714844,-340.3748474121094,878.0720825195312,-109.77152252197266,-173.56483459472656,213.08206176757807,-135.28541564941406,-197.9674835205078,996.0032348632812,-124.44827270507812,-325.6938781738281,530.5100708007812,-206.99888610839844,-227.42645263671875,863.112548828125
115.2149658203125,-114.23069763183594,132.11233520507812,169.52117919921875,-227.40577697753903,995.587890625,139.66639709472656,-179.0241241455078,492.3319091796875,267.00457763671875,-345.0306701660156,880.9783935546875,-111.53878021240234,-190.82733154296875,206.2136383056641,-135.43846130371094,-197.10003662109372,996.3289794921876,-123.34555053710938,-328.34161376953125,531.8334350585938,-207.5847625732422,-224.24981689453125,862.7831420898438
114.93498229980467,-104.19441223144533,132.15628051757812,169.52389526367188,-224.76760864257807,994.6068115234376,139.2642059326172,-171.28753662109375,491.8599243164063,265.9248352050781,-349.4514465332031,883.7406005859375,-113.26461029052734,-208.40821838378903,199.5803680419922,-135.6378173828125,-196.21432495117188,996.457275390625,-122.253173828125,-330.4262084960937,532.8193359375,-208.0525054931641,-221.1395263671875,862.261962890625
114.63135528564452,-94.179931640625,132.19024658203125,169.44154357910156,-222.2262725830078,993.5377807617188,138.81834411621094,-163.77781677246094,491.3664245605469,264.72174072265625,-353.62451171875,886.3387451171875,-114.9175033569336,-226.24305725097656,193.2818603515625,-135.88084411621094,-195.3141326904297,996.387451171875,-121.22023010253906,-331.94732666015625,533.4498901367188,-208.4131317138672,-218.100830078125,861.5507202148438
114.30542755126952,-84.18911743164062,132.2118377685547,169.28057861328125,-219.79193115234372,992.3865356445312,138.33958435058594,-156.50457763671875,490.8526306152344,263.40447998046875,-357.5384521484375,888.7537231445312,-116.47178649902344,-244.2568817138672,187.40505981445312,-136.1647491455078,-194.40673828125,996.1217041015624,-120.2933578491211,-332.9128112792969,533.7119140625,-208.67930603027344,-215.1395568847656,860.6536865234375
113.95930480957033,-74.22447967529297,132.22076416015625,169.0487060546875,-217.47337341308597,991.158935546875,137.8426971435547,-149.4710235595703,490.3198852539063,261.9830322265625,-361.1831665039063,890.9669189453125,-117.9083023071289,-262.36248779296875,182.02316284179688,-136.4867706298828,-193.5029144287109,995.6648559570312,-119.51361846923828,-333.3397216796875,533.5991821289062,-208.86495971679688,-212.26214599609372,859.5776977539062
113.59595489501952,-64.2895736694336,132.21951293945312,168.75433349609375,-215.27818298339844,989.8612060546876,137.3449249267578,-142.6760711669922,489.769287109375,260.4681701660156,-364.5497131347656,892.9608764648438,-119.21424102783205,-280.4585266113281,177.19480895996094,-136.84432983398438,-192.61669921875,995.0244140625,-118.91384887695312,-333.2553100585937,533.1146240234375,-208.9849090576172,-209.4755401611328,858.3316040039062
113.21929168701172,-54.38933944702149,132.21388244628906,168.40614318847656,-213.2129669189453,988.5,136.86410522460938,-136.1164093017578,489.2014770507813,258.8714599609375,-367.6301879882813,894.7193603515625,-120.38231658935548,-298.42828369140625,172.963134765625,-137.2350616455078,-191.76502990722656,994.2109375,-118.51667022705078,-332.6979675292969,532.27099609375,-209.0546417236328,-206.7871551513672,856.9265747070312
112.83423614501952,-44.53043365478516,132.21337890625,168.0125732421875,-211.2836456298828,987.0825805664062,136.41664123535156,-129.78814697265625,488.61663818359375,257.20513916015625,-370.4176635742188,896.2275390625,-121.40950775146484,-316.1392517089844,169.35479736328125,-137.656982421875,-190.96717834472656,993.23779296875,-118.33321380615234,-331.7178039550781,531.0911254882812,-209.08987426757807,-204.20480346679688,855.3753662109375
112.44670867919922,-34.72136306762695,132.23110961914062,167.58123779296875,-209.495849609375,985.6168823242188,136.01568603515625,-123.6878433227539,488.0148315429688,255.48190307617188,-372.9060363769531,897.472412109375,-122.2956771850586,-333.4442138671875,166.3788604736328,-138.10850524902344,-190.2441864013672,992.121337890625,-118.3625259399414,-330.3768005371094,529.6075439453125,-209.1063232421875,-201.73666381835935,853.6926879882812
112.06343841552734,-24.97225570678711,132.28330993652344,167.11849975585938,-207.85528564453125,984.11181640625,135.6698455810547,-117.8131866455078,487.3965759277344,253.71499633789065,-375.0898132324219,898.4429931640625,-123.04244232177734,-350.18328857421875,164.02587890625,-138.5885009765625,-189.61810302734372,990.880859375,-118.59171295166016,-328.7486267089844,527.8611450195312,-209.11949157714844,-199.3911895751953,851.89453125
111.69156646728516,-15.29425811767578,132.38841247558594,166.62918090820312,-206.36801147460935,982.5770874023438,135.38235473632812,-112.16331481933594,486.7633972167969,251.91793823242188,-376.9639892578125,899.13037109375,-123.65226745605467,-366.1873474121094,162.26699829101562,-139.09622192382812,-189.11126708984372,989.5384521484376,-118.996826171875,-326.9173583984375,525.89990234375,-209.1443023681641,-197.17703247070312,849.99853515625
111.33809661865234,-5.698784828186035,132.5659942626953,166.1164093017578,-205.0406188964844,981.0232543945312,135.15054321289062,-106.73905181884766,486.1184692382813,250.1043701171875,-378.5239562988281,899.5282592773438,-124.12787628173828,-381.281982421875,161.0541534423828,-139.63133239746094,-188.74549865722656,988.1187744140624,-119.54457092285156,-324.975341796875,523.7779541015625,-209.19500732421875,-195.1030120849609,848.0234985351562
111.0093765258789,3.803031206130981,132.8360137939453,165.58164978027344,-203.8803253173828,979.4620361328124,134.96595764160156,-101.54318237304688,485.4670104980469,248.28794860839844,-379.7652587890625,899.6329956054688,-124.47176361083984,-395.2928771972656,160.321044921875,-140.19371032714844,-188.54122924804688,986.6485595703124,-120.19473266601562,-323.0193786621094,521.5538940429688,-209.284912109375,-193.17800903320312,845.9892578125
110.7103500366211,13.200642585754396,133.2181396484375,165.02488708496094,-202.89495849609372,977.9056396484376,134.81455993652344,-96.5810775756836,484.81640625,246.4821014404297,-380.6837158203125,899.4436645507812,-124.68610382080078,-408.052001953125,159.98562622070312,-140.78346252441406,-188.5167388916016,985.1563720703124,-120.90325164794922,-321.1463928222656,519.28955078125,-209.42626953125,-191.4109649658203,843.9168090820312
110.44379425048828,22.484146118164062,133.73121643066406,164.44480895996094,-202.0928497314453,976.3671264648438,134.67724609375,-91.86151885986328,484.176025390625,244.69992065429688,-381.2751159667969,898.9622802734375,-124.77294158935548,-419.4052429199219,159.9540557861328,-141.40077209472656,-188.68739318847656,983.671875,-121.62559509277344,-319.4476928710937,517.0476684570312,-209.63011169433597,-189.8108367919922,841.827880859375
110.20964050292967,31.644155502319336,134.39285278320312,163.83912658691406,-201.4825897216797,974.859619140625,134.53050231933594,-87.39752197265625,483.5563354492188,242.95396423339844,-381.535400390625,898.1937866210938,-124.7349090576172,-429.2203979492188,160.1261749267578,-142.0458526611328,-189.0648651123047,982.2252807617188,-122.32007598876952,-318.0035400390625,514.8887329101562,-209.9060821533203,-188.38645935058597,839.7446899414062
110.00471496582033,40.671512603759766,135.21910095214844,163.20492553710938,-201.07275390625,973.3961791992188,134.34744262695312,-83.20706176757812,482.9678649902344,241.25607299804688,-381.4605712890625,897.1461181640625,-124.57628631591795,-437.395263671875,160.40206909179688,-142.71890258789062,-189.6566467285156,980.8466186523438,-122.95053100585938,-316.8774719238281,512.868408203125,-210.26235961914065,-187.1465759277344,837.6900024414062
109.82274627685548,49.556861877441406,136.22450256347656,162.53892517089844,-200.87147521972656,971.98974609375,134.0990753173828,-79.3135757446289,482.4198913574219,239.6172637939453,-381.04681396484375,895.8299560546875,-124.3041534423828,-443.8647766113281,160.68907165527344,-143.42018127441406,-190.4653778076172,979.5651245117188,-123.48843383789062,-316.1123352050781,511.0344848632813,-210.70558166503903,-186.0997314453125,835.6866455078125
109.65485382080078,58.29003143310547,137.42218017578125,161.8377685546875,-200.8858795166016,970.6522827148438,133.75608825683594,-75.74633026123047,481.9192810058594,238.0474548339844,-380.2905883789063,894.2588500976562,-123.92922973632812,-448.6062927246094,160.908447265625,-144.1499481201172,-191.48858642578125,978.408203125,-123.91437530517578,-315.7275390625,509.4252624511719,-211.2406768798828,-185.2541961669922,833.7572631835938
109.4903335571289,66.85926055908203,138.8241424560547,161.09823608398438,-201.1215362548828,969.3948974609376,133.29103088378906,-72.54046630859375,481.4694519042969,236.5554656982422,-379.1888427734375,892.4489135742188,-123.46648406982422,-451.6426696777344,161.00054931640625,-144.9086456298828,-192.7183532714844,977.4012451171876,-124.21939086914062,-315.7193298339844,508.06884765625,-211.8708953857422,-184.61798095703125,831.924072265625
109.31774139404295,75.25018310546875,140.44154357910156,160.3173828125,-201.5818328857422,968.2274169921876,132.6809844970703,-69.73682403564453,481.070068359375,235.1487579345703,-377.739013671875,890.4186401367188,-122.93526458740234,-453.0423889160156,160.92758178710938,-145.69680786132812,-194.14126586914065,976.5664672851562,-124.40587615966795,-316.0630798339844,506.9834899902344,-212.59776306152344,-184.19862365722656,830.2085571289062
109.1261978149414,83.4448471069336,142.28509521484375,159.4926300048828,-202.2673797607422,967.1583251953124,131.91033935546875,-67.3814697265625,480.7168884277344,233.83338928222656,-375.93939208984375,888.188720703125,-122.359130859375,-452.9164123535156,160.6733856201172,-146.5152130126953,-195.73855590820312,975.9226684570312,-124.48796081542967,-316.7173156738281,506.1784057617188,-213.4210662841797,-184.00320434570312,828.6311645507812
108.90670776367188,91.4207763671875,144.36538696289062,158.62191772460938,-203.17547607421875,966.194580078125,130.9735870361328,-65.52483367919922,480.40234375,232.6139678955078,-373.7891845703125,885.78173828125,-121.76543426513672,-451.4114990234375,160.2404022216797,-147.36476135253906,-197.48654174804688,975.4847412109376,-124.49092864990234,-317.6286315917969,505.6548461914063,-214.3389129638672,-184.0382080078125,827.2111206054688
108.65341186523438,99.15018463134766,146.69317626953125,157.70376586914062,-204.29965209960935,965.3419799804688,129.8773956298828,-64.22053527832031,480.1160583496094,231.49343872070312,-371.288818359375,883.2217407226562,-121.18450927734376,-448.7003784179688,159.6449432373047,-148.24649047851562,-199.3571929931641,975.2628784179688,-124.4498519897461,-318.7367248535156,505.4070739746094,-215.3478240966797,-184.30938720703125,825.9660034179688
108.3647003173828,106.59921264648438,149.2798309326172,156.73736572265625,-205.62940979003903,964.6048583984376,128.64219665527344,-63.5236930847168,479.845458984375,230.4732360839844,-368.4400939941406,880.5343017578125,-120.64839935302734,-444.9695739746094,158.91249084472656,-149.16146850585938,-201.31915283203125,975.2626342773438,-124.40750885009766,-319.9790954589844,505.4221496582031,-216.44281005859372,-184.8216552734375,824.9118041992188
108.04405212402344,113.72715759277344,152.13760375976562,155.7227020263672,-207.15017700195312,963.9862670898438,127.3023681640625,-63.48885726928711,479.576171875,229.5531463623047,-365.2464599609375,877.7457885742188,-120.18881225585938,-440.40618896484375,158.07333374023438,-150.11061096191406,-203.3387756347656,975.4844360351562,-124.41173553466795,-321.2947082519531,505.6795043945313,-217.6175994873047,-185.5789794921875,824.0624389648438
107.7005615234375,120.48552703857422,155.27976989746094,154.66046142578125,-208.84320068359372,963.4879150390624,125.90553283691406,-64.16743469238281,479.2923583984375,228.7314453125,-361.7132263183594,874.8832397460938,-119.83401489257812,-435.1848754882813,157.15882873535156,-151.09458923339844,-205.3814392089844,975.923583984375,-124.51205444335938,-322.6260681152344,506.1494445800781,-218.8647308349609,-186.58421325683597,823.4297485351562
107.34879302978516,126.81661987304688,158.7201690673828,153.55221557617188,-210.6855316162109,963.1097412109376,124.5102767944336,-65.6049575805664,478.9768676757813,228.00494384765625,-357.84765625,871.9739990234375,-119.60552215576172,-429.45697021484375,156.19888305664062,-152.11358642578125,-207.4127197265625,976.5701904296876,-124.75574493408205,-323.9197082519531,506.7921447753906,-220.1758575439453,-187.8390045166016,823.0234375
107.0079345703125,132.65220642089844,162.47210693359375,152.400390625,-212.6503143310547,962.85009765625,123.1826171875,-67.8382797241211,478.6115417480469,227.36917114257807,-353.65924072265625,869.0452270507812,-119.51551055908205,-423.3428649902344,155.22048950195312,-153.16717529296875,-209.3994903564453,977.4098510742188,-125.1834716796875,-325.1245422363281,507.5576477050781,-221.54188537597656,-189.34359741210935,822.8505859375
106.7002944946289,137.9131622314453,166.5470428466797,151.20822143554688,-214.7069854736328,962.7057495117188,121.99112701416016,-70.8929443359375,478.1778564453125,226.81846618652344,-349.15966796875,866.123779296875,-119.56543731689452,-416.9280700683594,154.24728393554688,-154.25413513183594,-211.31077575683597,978.4239501953124,-125.82498168945312,-326.1893005371094,508.3878479003906,-222.95315551757807,-191.0968170166016,822.9158935546875
106.44925689697266,142.5106658935547,170.9527587890625,149.97984313964844,-216.82199096679688,962.671630859375,121.00096130371094,-74.78099822998047,477.6577453613281,226.34625244140625,-344.3630065917969,863.23583984375,-119.74612426757812,-410.2628784179688,153.29965209960938,-155.37234497070312,-213.11837768554688,979.5906982421876,-126.6955108642578,-327.0591125488281,509.2206115722656,-224.3997039794922,-193.09585571289065,823.221435546875
106.2770538330078,146.3486328125,175.69134521484375,148.72003173828125,-218.9593963623047,962.7413940429688,120.2674789428711,-79.4996109008789,477.03521728515625,225.9452209472656,-339.2855224609375,860.4065551757812,-120.0391616821289,-403.3656921386719,152.39492797851562,-156.51864624023438,-214.79702758789065,980.8861694335938,-127.79371643066406,-327.6731872558594,509.9958190917969,-225.8712921142578,-195.3362274169922,823.7667846679688
106.2025909423828,149.32749938964844,180.75669860839844,147.43423461914062,-221.08197021484372,962.907958984375,119.83026885986328,-85.03083801269531,476.2984924316406,225.6075592041016,-333.9457702636719,857.6598510742188,-120.41934967041016,-396.2291259765625,151.54763793945312,-157.6887664794922,-216.32449340820312,982.2855224609376,-129.1015625,-327.9631042480469,510.6616821289063,-227.35757446289065,-197.81167602539065,824.5487670898438
106.23954010009766,151.3491668701172,186.1319274902344,146.12844848632812,-223.15223693847656,963.1635131835938,119.70884704589844,-91.34254455566406,475.4423522949219,225.32513427734372,-328.3641967773437,855.0181274414062,-120.85769653320312,-388.8286437988281,150.76959228515625,-158.8773193359375,-217.68145751953125,983.7639770507812,-130.58639526367188,-327.8534851074219,511.1798095703125,-228.8481292724609,-200.5141448974609,825.5619506835938
106.39471435546876,152.32264709472656,191.7866668701172,144.8092041015625,-225.13375854492188,963.5007934570312,119.9007568359375,-98.39043426513672,474.4707946777344,225.0897979736328,-322.5631103515625,852.5022583007812,-121.32454681396484,-381.132080078125,150.06964111328125,-160.077880859375,-218.8511962890625,985.298095703125,-132.20449829101562,-327.2638854980469,511.5286865234375,-230.33248901367188,-203.43370056152344,826.7984619140625
106.66661834716795,152.17031860351562,197.67526245117188,143.4834442138672,-226.9923248291016,963.9131469726562,120.382568359375,-106.12044525146484,473.3988952636719,224.8935089111328,-316.5662841796875,850.1312866210938,-121.7922592163086,-373.1091918945313,149.45355224609375,-161.28311157226562,-219.81939697265625,986.8660888671876,-133.90550231933594,-326.11260986328125,511.70458984375,-231.8001708984375,-206.55865478515625,828.248291015625
107.04438018798828,150.83404541015625,203.7363739013672,142.158447265625,-228.6970977783203,964.3953247070312,121.11319732666016,-114.47125244140624,472.2542419433594,224.72853088378903,-310.39874267578125,847.9222412109375,-122.23712921142578,-364.7395935058594,148.92384338378906,-162.48507690429688,-220.57388305664065,988.4486083984376,-135.6367950439453,-324.3222351074219,511.72015380859375,-233.2406463623047,-209.8755798339844,829.8994750976562
107.507568359375,148.28053283691406,209.8941650390625,140.84158325195312,-230.2215881347656,964.9434814453124,122.03874206542967,-123.37639617919922,471.0769653320313,224.58763122558597,-304.0863342285156,845.8902587890625,-122.64059448242188,-356.0180358886719,148.47979736328125,-163.67555236816406,-221.10446166992188,990.028564453125,-137.34762573242188,-321.8261413574219,511.6008911132813,-234.6433258056641,-213.3694305419922,831.738525390625
108.0272979736328,144.505859375,216.06130981445312,139.5400390625,-231.5445709228516,965.5556640625,123.09773254394533,-132.7659912109375,469.9189147949219,224.4641571044922,-297.65545654296875,844.0480346679688,-122.98966979980467,-346.956787109375,148.11770629882812,-164.846435546875,-221.4028778076172,991.59130859375,-138.99244689941406,-318.57623291015625,511.3804931640625,-235.99761962890625,-217.0236968994141,833.7503051757812
108.56865692138672,139.53822326660156,222.14300537109372,138.260498046875,-232.6506805419922,966.2315673828124,124.2261962890625,-142.56805419921875,468.8415222167969,224.35205078125,-291.13262939453125,842.4060668945312,-123.27691650390624,-337.58428955078125,147.8312225341797,-165.9901580810547,-221.46275329589844,993.1241455078124,-140.5336456298828,-314.5500793457031,511.0951232910156,-237.2928466796875,-220.82058715820312,835.918701171875
109.09423828125,133.43772888183594,228.0415954589844,137.0088653564453,-233.53070068359372,966.9725952148438,125.36190032958984,-152.70950317382812,467.9127807617188,224.2459716796875,-284.5443115234375,840.9723510742188,-123.50016021728516,-327.9415283203125,147.612060546875,-167.10006713867188,-221.2796630859375,994.6159057617188,-141.943603515625,-309.7567138671875,510.77838134765625,-238.5183258056641,-224.74124145507807,838.2265625
109.56793975830078,126.29244232177734,233.6608123779297,135.78990173339844,-234.18142700195312,967.78125,126.4478988647461,-163.11705017089844,467.2034301757813,224.1411895751953,-277.9163513183594,839.7523803710938,-123.6618881225586,-318.0770874023437,147.45074462890625,-168.17059326171875,-220.8512420654297,996.0568237304688,-143.20570373535156,-304.2391967773437,510.4573974609375,-239.663330078125,-228.76597595214844,840.6561279296875
109.9581069946289,118.21046447753906,238.90817260742188,134.60726928710938,-234.6051483154297,968.6609497070312,127.43523406982422,-173.71775817871094,466.78265380859375,224.03355407714844,-271.2739562988281,838.7487182617188,-123.76844024658205,-308.0423583984375,147.33737182617188,-169.19747924804688,-220.17730712890625,997.4381713867188,-144.31471252441406,-298.072509765625,510.1505737304688,-240.7172393798828,-232.87451171875,843.189208984375
110.23939514160156,109.30928802490234,243.69497680664065,133.46353149414062,-234.80882263183597,969.615234375,128.28465270996094,-184.4396209716797,466.7135009765625,223.9194183349609,-264.6412658691406,837.9612426757812,-123.82884979248048,-297.8871459960937,147.2623291015625,-170.1776123046875,-219.2600555419922,998.752197265625,-145.2759246826172,-291.3571472167969,509.8675231933594,-241.6695098876953,-237.04620361328125,845.8074340820312
110.39371490478516,99.7043685913086,247.9351501464844,132.36033630371094,-234.8029327392578,970.6470336914062,128.96743774414062,-195.21177673339844,467.0484619140625,223.7955474853516,-258.0412292480469,837.3868408203125,-123.85360717773438,-287.65606689453125,147.2169189453125,-171.10902404785156,-218.1042938232422,999.9920043945312,-146.10324096679688,-284.20953369140625,509.610107421875,-242.50982666015625,-241.26031494140625,848.4923095703125
110.41040802001952,89.49913787841797,251.54473876953125,131.298828125,-234.60047912597656,971.7578125,129.46522521972656,-205.96470642089844,467.8255615234375,223.65899658203125,-251.49542236328125,837.0196533203125,-123.85332489013672,-277.38592529296875,147.1938934326172,-171.99050903320312,-216.7177276611328,1001.1515502929688,-146.81629943847656,-276.7512512207031,509.3742980957031,-243.22813415527344,-245.4962158203125,851.2255249023438
110.28633880615234,78.7777328491211,254.44276428222656,130.27976989746094,-234.2159423828125,972.9468994140624,129.76885986328125,-216.63026428222656,469.0654296875,223.5071563720703,-245.02395629882807,836.8507080078125,-123.83765411376952,-267.10467529296875,147.18783569335938,-172.8213653564453,-215.11111450195312,1002.2259521484376,-147.43682861328125,-269.0985107421875,509.1526184082031,-243.8148498535156,-249.7336578369141,853.9891357421875
110.0261688232422,67.6008529663086,256.55377197265625,129.30398559570312,-233.6645050048828,974.2108764648438,129.8765411376953,-227.1419219970703,470.7695007324219,223.3375701904297,-238.64532470703125,836.8682861328125,-123.81436157226562,-256.8316955566406,147.19515991210938,-173.6011505126953,-213.29849243164065,1003.2110595703124,-147.98509216308594,-261.35272216796875,508.9367980957031,-244.2609100341797,-253.95291137695312,856.7655029296875
109.64290618896484,56.0047492980957,257.81134033203125,128.3726348876953,-232.96148681640625,975.5431518554688,129.79171752929688,-237.4351348876953,472.9200134277344,223.14801025390625,-232.37635803222656,837.0580444335938,-123.78881072998048,-246.5787353515625,147.21380615234375,-174.329345703125,-211.2970733642578,1004.1038208007812,-148.47698974609375,-253.5938262939453,508.7201843261719,-244.55792236328125,-258.135009765625,859.5374755859375
109.15772247314452,44.00322723388672,258.1617431640625,127.4874267578125,-232.12181091308597,976.9337768554688,129.5209503173828,-247.4478759765625,475.4813232421875,222.9365081787109,-226.2321929931641,837.4030151367188,-123.76399993896484,-236.3512420654297,147.24282836914062,-175.00521850585938,-209.12710571289065,1004.9016723632812,-148.9224395751953,-245.87648010253903,508.4992980957031,-244.69834899902344,-262.2618103027344,862.288330078125
108.59838104248048,31.591976165771484,257.5669860839844,126.65089416503906,-231.15988159179688,978.3695678710938,129.0721893310547,-257.1210021972656,478.4025268554688,222.70138549804688,-220.226318359375,837.8840942382812,-123.74102783203124,-226.14993286132807,147.2818603515625,-175.62774658203125,-206.8112945556641,1005.602783203125,-149.32554626464844,-238.2298889160156,508.2745361328125,-244.67559814453125,-266.3163146972656,865.0020141601562
107.99674987792967,18.754261016845703,256.007568359375,125.86634826660156,-230.0894775390625,979.8342895507812,128.45384216308594,-266.3988037109375,481.6211853027344,222.4413146972656,-214.3705139160156,838.4800415039062,-123.71971893310548,-215.97244262695312,147.33055114746094,-176.1955108642578,-204.3741912841797,1006.2058715820312,-149.6862030029297,-230.6606903076172,508.0496826171875,-244.484130859375,-270.2825622558594,867.6627197265625
107.38626861572266,5.466156005859375,253.48460388183597,125.13777923583984,-228.92369079589844,981.309326171875,127.67440795898438,-275.22918701171875,485.0673828125,222.1554107666016,-208.6749725341797,839.1679077148438,-123.69921875,-205.8148956298828,147.3883819580078,-176.70680236816406,-201.84152221679688,1006.7097778320312,-150.00233459472656,-223.1587829589844,507.8305358886719,-244.11965942382807,-274.1458435058594,870.2551879882812
106.79981994628906,-8.299027442932129,250.02183532714844,124.46949768066406,-227.67495727539065,982.7738037109376,126.7428741455078,-283.5638122558594,488.6677551269531,221.8433532714844,-203.1483459472656,839.9235229492188,-123.67841339111328,-195.67312622070312,147.4545135498047,-177.15972900390625,-199.23922729492188,1007.1139526367188,-150.27224731445312,-215.7041015625,507.6229248046875,-243.5791931152344,-277.8926086425781,872.7647094726562
106.2677764892578,-22.566978454589844,245.66644287109372,123.86571502685548,-226.355224609375,984.2054443359376,125.6694107055664,-291.35809326171875,492.3486633300781,221.5054626464844,-197.79782104492188,840.7216186523438,-123.65621948242188,-185.54345703125,147.52786254882812,-177.55230712890625,-196.5926818847656,1007.4179077148438,-150.49612426757812,-208.2734832763672,507.4310607910156,-242.86114501953125,-281.5107727050781,875.1767578125
105.81631469726562,-37.359336853027344,240.489013671875,123.33003997802734,-224.9760589599609,985.5806884765624,124.46636962890624,-298.5713195800781,496.0389099121094,221.1427154541016,-192.62924194335935,841.5365600585938,-123.63175201416016,-175.42303466796875,147.60728454589844,-177.88262939453125,-193.92575073242188,1007.6216430664062,-150.676513671875,-200.845947265625,507.2563781738281,-241.9654235839844,-284.9894104003906,877.4772338867188
105.46621704101562,-52.69137191772461,234.5822906494141,122.8650894165039,-223.5489501953125,986.8755493164062,123.14923095703124,-305.1669921875,499.67095947265625,220.75689697265625,-187.64720153808597,842.3425903320312,-123.60438537597656,-165.30992126464844,147.69166564941406,-178.14903259277344,-191.25994873046875,1007.7252807617188,-150.81776428222656,-193.4059600830078,507.09759521484375,-240.8935089111328,-288.3190002441406,879.6524658203125
105.23224639892578,-68.57020568847656,228.05918884277344,122.47228240966795,-222.0853729248047,988.066162109375,121.73753356933594,-311.11334228515625,503.1819458007813,220.35055541992188,-182.8552398681641,843.1143798828125,-123.57381439208984,-155.2028350830078,147.77996826171875,-178.3502197265625,-188.6139678955078,1007.7293090820312,-150.92501831054688,-185.94483947753903,506.9515686035156,-239.64846801757807,-291.49127197265625,881.689208984375
105.12352752685548,-84.9935302734375,221.04949951171875,122.15172576904295,-220.59703063964844,989.1294555664062,120.25546264648438,-316.3843994140625,506.5135192871094,219.92709350585935,-178.25595092773438,843.8274536132812,-123.54000091552734,-145.1009063720703,147.871337890625,-178.48545837402344,-186.0033721923828,1007.6343994140624,-151.00343322753906,-178.46067810058594,506.8143310546875,-238.2350006103516,-294.4992980957031,883.574462890625
105.14472198486328,-101.94884490966795,213.69577026367188,121.90219116210938,-219.09576416015625,990.0440063476562,118.73184204101562,-320.9609375,509.612060546875,219.4906768798828,-173.85118103027344,844.4586181640625,-123.50305938720705,-135.00344848632812,147.9651641845703,-178.55467224121094,-183.4407501220703,1007.4413452148438,-151.0574951171875,-170.9574737548828,506.6821899414063,-236.6594390869141,-297.3373718261719,885.2958984375
105.29792785644533,-119.41321563720705,206.1482391357422,121.72120666503906,-217.59359741210935,990.7904052734376,117.19957733154295,-324.83209228515625,512.4287109375,219.0462188720703,-169.6421356201172,844.9864501953125,-123.46307373046876,-124.90965270996094,148.06117248535156,-178.55860900878906,-180.93597412109372,1007.1509399414062,-151.0908966064453,-163.44383239746094,506.5524291992188,-234.9298553466797,-300.0008544921875,886.8417358398438
105.5841064453125,-137.35269165039062,198.55979919433597,121.60511779785156,-216.1026153564453,991.351806640625,115.69434356689452,-327.9966125488281,514.9197998046875,218.5993804931641,-165.62960815429688,845.3914184570312,-123.41988372802734,-114.81852722167967,148.15953063964844,-178.4988250732422,-178.49661254882812,1006.7638549804688,-151.10655212402344,-155.93174743652344,506.4235534667969,-233.05593872070312,-302.4862976074219,888.20068359375
106.00423431396484,-155.72088623046875,191.08140563964844,121.54932403564452,-214.63491821289065,991.7142944335938,114.25279998779295,-330.4647521972656,517.0476684570312,218.1564178466797,-161.8140411376953,845.6565551757812,-123.37293243408205,-104.72923278808594,148.26077270507812,-178.3777618408203,-176.12843322753906,1006.2808227539062,-151.10690307617188,-148.43548583984375,506.2951965332031,-231.0490875244141,-304.7909851074219,889.3627319335938
106.5599594116211,-174.45684814453125,183.85772705078125,121.5484390258789,-213.20249938964844,991.8672485351562,112.91043853759766,-332.25946044921875,518.7822265625,217.7241973876953,-158.19578552246094,845.7673950195312,-123.32103729248048,-94.64149475097656,148.36590576171875,-178.19859313964844,-173.83592224121094,1005.7021484375,-151.0941925048828,-140.97093200683594,506.167236328125,-228.92230224609372,-306.91314697265625,890.3185424804688
107.2537841796875,-193.48257446289065,177.02291870117188,121.59662628173828,-211.81724548339844,991.8037719726562,111.69951629638672,-333.4179077148437,520.1021728515625,217.31002807617188,-154.77508544921875,845.71240234375,-123.26235961914062,-84.55598449707031,148.47630310058594,-177.96511840820312,-171.62269592285156,1005.0281982421876,-151.07073974609375,-133.55517578125,506.0390625,-226.6900787353516,-308.8516540527344,891.0603637695312
108.08849334716795,-212.70111083984372,170.6964569091797,121.68790435791016,-210.4907989501953,991.5204467773438,110.64737701416016,-333.9920959472656,520.9966430664062,216.9216766357422,-151.5522918701172,845.4830932617188,-123.19445037841795,-74.47462463378906,148.59375,-177.68154907226562,-169.49224853515625,1004.2593994140624,-151.03904724121094,-126.206298828125,505.9086608886719,-224.36827087402344,-310.6059875488281,891.5816040039062
109.0660400390625,-231.99566650390625,164.97909545898438,121.81651306152344,-209.23458862304688,991.01806640625,109.77536010742188,-334.04852294921875,521.4671020507812,216.56723022460935,-148.52781677246094,845.0741577148438,-123.11456298828124,-64.40087127685547,148.72030639648438,-177.35227966308594,-167.44854736328125,1003.3961791992188,-151.00173950195312,-118.94326782226562,505.7721557617188,-221.97384643554688,-312.1761169433594,891.87744140625
110.18609619140624,-251.23020935058597,159.9488067626953,121.977294921875,-208.05972290039065,990.3013916015624,109.09835052490234,-333.6667175292969,521.5278930664062,216.2550201416016,-145.7022705078125,844.4835205078125,-123.02003479003906,-54.33982849121094,148.85829162597656,-176.9816436767578,-165.49676513671875,1002.4395751953124,-150.96121215820312,-111.78555297851562,505.6241149902344,-219.5247039794922,-313.5623779296875,891.9447631835938
111.44474029541016,-270.2516174316406,155.65737915039062,122.16604614257812,-206.97702026367188,989.3793334960938,108.62481689453124,-332.936279296875,521.2064819335938,215.99362182617188,-143.07644653320312,843.7125854492188,-122.908935546875,-44.29817962646485,149.0102996826172,-176.57376098632812,-163.64398193359375,1001.3912353515624,-150.91912841796875,-104.75289154052734,505.458251953125,-217.0393218994141,-314.76531982421875,891.7821655273438
112.83352661132812,-288.8931884765625,152.12770080566406,122.3798370361328,-205.99708557128903,988.2649536132812,108.35723876953124,-331.9529113769531,520.54296875,215.7917022705078,-140.65135192871094,842.7658081054688,-122.7806396484375,-34.28407287597656,149.17933654785156,-176.13235473632812,-161.8994903564453,1000.253662109375,-150.8759765625,-97.86502075195312,505.2685852050781,-214.5364990234375,-315.78564453125,891.3903198242188
114.33916473388672,-306.9794006347656,149.3524169921875,122.61724090576172,-205.13031005859372,986.9752197265624,108.29265594482422,-330.8137512207031,519.5872802734375,215.65802001953125,-138.4281463623047,841.6511840820312,-122.63644409179688,-24.307039260864254,149.3690185546875,-175.66061401367188,-160.27505493164062,999.0305786132812,-150.83071899414062,-91.14141845703124,505.0503540039063,-212.03497314453125,-316.6241149902344,890.7718505859375
115.9437484741211,-324.3309631347656,147.29425048828125,122.87849426269533,-204.3868408203125,985.5309448242188,108.42317962646484,-329.61187744140625,518.3966064453125,215.60128784179688,-136.40826416015625,840.3798828125,-122.4799346923828,-14.37791347503662,149.5841064453125,-175.1611785888672,-158.78475952148438,997.7271728515624,-150.7806396484375,-84.60089111328125,504.80120849609375,-209.55308532714844,-317.28131103515625,889.9315185546875
117.62552642822266,-340.7702941894531,145.8882598876953,123.16551971435548,-203.77659606933597,983.9563598632812,108.73644256591795,-328.4310302734375,517.0313110351562,215.6301727294922,-134.59327697753906,838.9661254882812,-122.31672668457033,-4.508317947387695,149.8310546875,-174.63616943359375,-157.44467163085938,996.3501586914062,-150.7212371826172,-78.26122283935547,504.5219421386719,-207.10850524902344,-317.7578125,888.8760986328125
119.35993194580078,-356.1274108886719,145.0461883544922,123.48180389404295,-203.30908203125,982.2789306640624,109.21589660644533,-327.340576171875,515.5508422851562,215.75314331054688,-132.98501586914062,837.4271240234375,-122.15402221679688,5.289968013763428,150.11846923828125,-174.08714294433594,-156.27223205566406,994.9080200195312,-150.6461181640625,-72.1389389038086,504.2169494628906,-204.7178649902344,-318.0539855957031,887.6143798828125
121.12068939208984,-370.2454833984375,144.66285705566406,123.83226776123048,-202.9933013916016,980.52880859375,109.84127044677734,-326.3918151855469,514.0096435546875,215.97836303710935,-131.58547973632812,835.78271484375,-122.0000457763672,15.005306243896484,150.45706176757812,-173.51515197753906,-155.2854766845703,993.4109497070312,-150.54698181152344,-66.24969482421875,503.8942565917969,-202.3965606689453,-318.1700134277344,886.1574096679688
122.8808364868164,-382.9860229492188,144.62396240234375,124.2229232788086,-202.83741760253903,978.7383422851562,110.58928680419922,-325.6158142089844,512.4545288085938,216.3135528564453,-130.39694213867188,834.0552978515625,-121.863525390625,24.62610626220703,150.85951232910156,-172.9206085205078,-154.50234985351562,991.8707885742188,-150.41348266601562,-60.60935974121094,503.5651245117188,-200.15850830078125,-318.1060485839844,884.51806640625
124.6133804321289,-394.2329406738281,144.81396484375,124.6606216430664,-202.8486175537109,976.9413452148438,111.4347915649414,-325.0233764648437,510.9227600097656,216.76589965820312,-129.421875,832.2689819335938,-121.7531280517578,34.140506744384766,151.340087890625,-172.3032684326172,-153.93992614746094,990.3008422851562,-150.23312377929688,-55.23550415039063,503.24310302734375,-198.01597595214844,-317.86212158203125,882.711181640625
126.2914810180664,-403.8951721191406,145.12322998046875,125.1525650024414,-203.03268432617188,975.1724243164062,112.35215759277344,-324.6066589355469,509.4415588378906,217.34173583984372,-128.66305541992188,830.4496459960938,-121.67674255371094,43.53611373901367,151.9141387939453,-171.66226196289062,-153.61373901367188,988.7158203125,-149.99118041992188,-50.14916229248047,502.9429321289063,-195.97938537597656,-317.4383544921875,880.75341796875
127.888427734375,-411.90814208984375,145.4534149169922,125.70598602294922,-203.39373779296875,973.46630859375,113.31689453125,-324.3430480957031,508.0289916992188,218.04653930664065,-128.12353515625,828.6242065429688,-121.64073181152344,52.79980850219727,152.5977325439453,-170.99600219726562,-153.53695678710938,987.1312255859376,-149.67080688476562,-45.37646865844727,502.6787414550781,-194.05734252929688,-316.83502197265625,878.6630249023438
129.3782958984375,-418.2351989746094,145.72198486328125,126.32763671875,-203.93374633789065,971.8568725585938,114.30724334716795,-324.199951171875,506.6956481933594,218.88461303710935,-127.80662536621094,826.8201293945312,-121.64923095703124,61.917667388916016,153.40736389160156,-170.30238342285156,-153.71949768066406,985.5631103515624,-149.25314331054688,-40.95000457763672,502.4627380371094,-192.2564849853516,-316.0526428222656,876.4597778320312
130.7375946044922,-422.8692626953125,145.8656463623047,127.02345275878906,-204.6522216796875,970.37646484375,115.30547332763672,-324.14068603515625,505.4468994140625,219.85899353027344,-127.71593475341795,825.0648803710938,-121.70361328125,70.87472534179688,154.3599395751953,-169.5788116455078,-154.16729736328125,984.0277709960938,-148.7179718017578,-36.90950775146485,502.3033752441406,-190.58151245117188,-315.0921630859375,874.1648559570312
131.94769287109375,-425.83502197265625,145.84228515625,127.79817199707033,-205.5457305908203,969.0552978515624,116.2989501953125,-324.1298828125,504.2858581542969,220.97125244140625,-127.85530090332033,823.3856201171875,-121.8022003173828,79.654541015625,155.47276306152344,-168.822509765625,-154.88148498535156,982.5408935546876,-148.04458618164062,-33.3018913269043,502.2040100097656,-189.0352478027344,-313.9551086425781,871.800537109375
132.9970703125,-427.19036865234375,145.63113403320312,128.6549835205078,-206.60765075683597,967.9207153320312,117.28081512451172,-324.13836669921875,503.21588134765625,222.2213592529297,-128.228759765625,821.8081665039062,-121.94026947021484,88.238525390625,156.7637176513672,-168.03074645996094,-155.85775756835938,981.117431640625,-147.21324157714844,-30.18058586120605,502.1619567871094,-187.6187744140625,-312.6435241699219,869.3900756835938
133.8831024169922,-427.0262451171875,145.23104858398438,129.5952911376953,-207.82798767089844,966.99658203125,118.25022888183594,-324.1463623046875,502.2431640625,223.60757446289065,-128.84056091308594,820.3570556640625,-122.11031341552734,96.6048583984375,158.2512664794922,-167.20123291015625,-157.0860137939453,979.7708740234376,-146.20687866210938,-27.60419273376465,502.1678466796875,-186.3314514160156,-311.16033935546875,866.9574584960938
134.6127471923828,-425.46435546875,144.65684509277344,130.6186065673828,-209.1932678222656,966.3031005859376,119.21229553222656,-324.1451110839844,501.3784790039063,225.1264190673828,-129.69505310058594,819.0547485351562,-122.3027801513672,104.7271957397461,159.95433044433594,-166.33258056640625,-158.55007934570312,978.51318359375,-145.01339721679688,-25.634599685668945,502.2057495117188,-185.17120361328125,-309.50927734375,864.5272216796875
135.2015838623047,-422.6514587402344,143.93458557128906,131.72232055664062,-210.6866455078125,965.8558959960938,120.17747497558594,-324.136474609375,500.6376647949219,226.7725372314453,-130.79660034179688,817.921142578125,-122.5071029663086,112.5732650756836,161.8920440673828,-165.42433166503906,-160.22801208496094,977.3541259765624,-143.6278076171875,-24.33460998535156,502.2540588378906,-184.13470458984372,-307.6949768066406,862.1239624023438
135.6715545654297,-418.7504577636719,143.09686279296875,132.90182495117188,-212.2882537841797,965.666259765625,121.1606216430664,-324.130859375,500.0408020019531,228.538818359375,-132.14956665039062,816.9735107421875,-122.7126922607422,120.1034164428711,164.08309936523438,-164.47666931152344,-162.09255981445312,976.3013305664062,-142.0543975830078,-23.76513671875,502.2869567871094,-183.2175750732422,-305.7230834960937,859.7722778320312
136.04754638671875,-413.9284057617188,142.1793975830078,134.1505584716797,-213.97564697265625,965.7401733398438,122.17942810058594,-324.1431579589844,499.6096801757813,230.4163055419922,-133.7581787109375,816.2260131835938,-122.90953063964844,127.2693862915039,166.54495239257812,-163.4901580810547,-164.11172485351562,975.3599853515624,-140.30844116210938,-23.98197555541992,502.276123046875,-182.4146881103516,-303.6002502441406,857.4963989257812
136.3539581298828,-408.343994140625,141.21876525878906,135.4602813720703,-215.7242889404297,966.07861328125,123.25225830078124,-324.1876220703125,499.3639526367188,232.3944091796875,-135.62632751464844,815.6895141601562,-123.0884246826172,134.01333618164062,169.29306030273438,-162.46559143066406,-166.2493133544922,974.5328369140624,-138.41714477539062,-25.032241821289062,502.1925659179688,-181.72039794921875,-301.3341979980469,855.3196411132812
136.6116943359375,-402.13677978515625,140.2508087158203,136.8214874267578,-217.50827026367188,966.6767578125,124.39545440673828,-324.271728515625,499.3167724609375,234.46096801757807,-137.7574920654297,815.3714599609375,-123.24100494384766,140.26742553710938,172.34027099609375,-161.4039764404297,-168.4655303955078,973.8203125,-136.4197998046875,-26.95060157775879,502.0083923339844,-181.12875366210935,-298.9337158203125,853.2640991210938
136.83645629882812,-395.4212036132813,139.30857849121094,138.22372436523438,-219.3009185791016,967.524169921875,125.62052154541016,-324.3903503417969,499.4703369140625,236.60243225097656,-140.15444946289062,815.27587890625,-123.35958862304688,145.9535675048828,175.69625854492188,-160.30670166015625,-170.7177734375,973.2205810546876,-134.36659240722656,-29.75570297241211,501.6979370117188,-180.6336975097656,-296.4085998535156,851.3504638671875
137.03781127929688,-388.2848815917969,138.42022705078125,139.6560516357422,-221.07557678222656,968.6046752929688,126.93161010742188,-324.520751953125,499.8128662109375,238.80413818359372,-142.81912231445312,815.4033813476562,-123.43699645996094,150.984130859375,179.3670654296875,-159.17568969726562,-172.9617462158203,972.7300415039062,-132.31613159179688,-33.44731521606445,501.2391052246094,-180.2292938232422,-293.7696838378906,849.5972900390625
137.2193603515625,-380.7904968261719,137.60755920410156,141.10736083984375,-222.80615234375,969.896728515625,128.3236846923828,-324.6192626953125,500.3173828125,241.0504608154297,-145.7523956298828,815.75146484375,-123.4662857055664,155.26361083984375,183.35455322265625,-158.01370239257812,-175.1525115966797,972.3434448242188,-130.33148193359375,-38.00483703613281,500.6141052246094,-179.90982055664062,-291.0286560058594,848.0209350585938
137.379638671875,-372.97991943359375,136.8852996826172,142.5666961669922,-224.46762084960935,971.3738403320312,129.7819366455078,-324.6207580566406,500.9427185058594,243.3251953125,-148.9537811279297,816.3143920898438,-123.44048309326172,158.6918487548828,187.65533447265625,-156.82444763183594,-177.24588012695312,972.0546875,-128.4749298095703,-43.38749313354492,499.8108825683594,-179.66998291015625,-288.1979675292969,846.6348876953125
137.51358032226562,-364.8798828125,136.26123046875,144.02346801757812,-226.03648376464844,973.0057983398438,131.282470703125,-324.4407958984375,501.6365051269531,245.6117248535156,-152.42129516601562,817.0840454101562,-123.3522491455078,161.1685333251953,192.25921630859372,-155.61282348632812,-179.19981384277344,971.8568725585938,-126.80194854736328,-49.5363883972168,498.8247375488281,-179.5049285888672,-285.2904968261719,845.4498901367188
137.6142578125,-356.5076599121094,135.73663330078125,145.4676513671875,-227.49093627929688,974.7594604492188,132.7944793701172,-323.9808959960937,502.3401184082031,247.89341735839844,-156.15118408203125,818.0499877929688,-123.19374084472656,162.5994415283203,197.1475067138672,-154.3848876953125,-180.975830078125,971.7431640625,-125.35543060302734,-56.37809753417969,497.6602783203125,-179.41036987304688,-282.3194274902344,844.4735107421875
137.67446899414062,-347.8761291503906,135.30751037597656,146.8899688720703,-228.8109436035156,976.6005249023438,134.283447265625,-323.1361999511719,502.994384765625,250.15382385253903,-160.13784790039062,819.2000732421875,-122.95662689208984,162.90342712402344,202.29136657714844,-153.14794921875,-182.54042053222656,971.7070922851562,-124.16121673583984,-63.82939529418945,496.33343505859375,-179.3826141357422,-279.2978515625,843.7101440429688
137.68836975097656,-338.9977111816406,134.96572875976562,148.2820281982422,-229.97833251953125,978.4948120117188,135.715087890625,-321.804931640625,503.5456848144531,252.37696838378903,-164.3737030029297,820.5210571289062,-122.6324234008789,162.01998901367188,207.65093994140625,-151.9104461669922,-183.8662109375,971.7431640625,-123.2261199951172,-71.8024673461914,494.8730773925781,-179.4185791015625,-276.238525390625,843.1609497070312
137.65280151367188,-329.8870544433594,134.70033264160156,149.63648986816406,-230.97671508789065,980.4094848632812,137.05972290039062,-319.8981018066406,503.9512634277344,254.5475006103516,-168.84921264648438,821.9990844726562,-122.2132568359375,159.91598510742188,213.17530822753903,-150.6815643310547,-184.93296813964844,971.8472900390624,-122.5387725830078,-80.20989227294922,493.3217468261719,-179.51571655273438,-273.1534423828125,842.8240356445312
137.56813049316406,-320.56304931640625,134.49844360351562,150.9471435546875,-231.7914886474609,982.3146362304688,138.29608154296875,-317.34869384765625,504.1831665039063,256.6508483886719,-173.55294799804688,823.6202392578125,-121.69297790527344,156.59088134765625,218.803466796875,-149.470947265625,-185.7281951904297,972.0172729492188,-122.07307434082033,-88.9688720703125,491.7352600097656,-179.6719512939453,-270.0537109375,842.6946411132812
137.43849182128906,-311.0490417480469,134.34625244140625,152.20899963378906,-232.4097442626953,984.1839599609376,139.41427612304688,-314.11822509765625,504.2303161621094,258.67333984375,-178.4716033935547,825.3710327148438,-121.0682601928711,152.0791778564453,224.46632385253903,-148.28811645507812,-186.2474670410156,972.2527465820312,-121.79325103759766,-98.00440216064452,490.1812438964844,-179.885498046875,-266.9492492675781,842.7651977539062
137.27151489257812,-301.3720397949219,134.22996520996094,153.41830444335938,-232.8203125,985.9952392578124,140.4169921875,-310.2003479003906,504.0982971191406,260.6022033691406,-183.59019470214844,827.2386474609375,-120.3392105102539,146.44927978515625,230.08921813964844,-147.14205932617188,-186.49417114257807,972.5557250976562,-121.65950775146484,-107.2511749267578,488.7354736328125,-180.1547088623047,-263.8485717773437,843.0256958007812
137.07748413085938,-291.56109619140625,134.13673400878906,154.57266235351562,-233.01388549804688,987.7308349609376,141.31895446777344,-305.6203918457031,503.8072204589844,262.4257202148437,-188.8922119140625,829.211669921875,-119.50972747802734,139.79830932617188,235.5942840576172,-146.04058837890625,-186.47903442382807,972.93017578125,-121.63321685791016,-116.65451049804688,487.4774475097656,-180.47776794433597,-260.7587280273437,843.4639282226562
136.8682403564453,-281.6455993652344,134.05560302734375,155.6710205078125,-232.98318481445312,989.377197265625,142.14434814453125,-300.4310302734375,503.38775634765625,264.13299560546875,-194.3597717285156,831.2796630859375,-118.58775329589844,132.2432861328125,240.9019012451172,-144.99009704589844,-186.2190399169922,973.3818359375,-121.68090057373048,-126.17034149169922,486.4847412109375,-180.85247802734372,-257.6851806640625,844.0654907226562
136.65574645996094,-271.6532287597656,133.978271484375,156.71363830566406,-232.72314453125,990.9247436523438,142.92257690429688,-294.7049865722656,502.876220703125,265.71405029296875,-199.97386169433597,833.4338989257812,-117.58501434326172,123.91000366210938,245.9306488037109,-143.99530029296875,-185.73605346679688,973.9176025390624,-121.77654266357422,-135.76368713378906,485.8272399902344,-181.2759246826172,-254.6318359375,844.8143310546875
136.4506378173828,-261.60845947265625,133.8997039794922,157.7018585205078,-232.2311553955078,992.3670043945312,143.68283081054688,-288.5253601074219,502.3099365234375,267.1598205566406,-205.71456909179688,835.6668090820312,-116.51653289794922,114.9209213256836,250.59591674804688,-143.0592041015625,-185.05519104003903,974.544677734375,-121.90180206298828,-145.40541076660156,485.5621032714844,-181.74424743652344,-251.6011505126953,845.6928100585938
136.26101684570312,-251.5308990478516,133.81829833984375,158.63787841796875,-231.50732421875,993.7000122070312,144.4481201171875,-281.97589111328125,501.72314453125,268.4618835449219,-211.56124877929688,837.9722900390625,-115.39965057373048,105.38457489013672,254.80882263183597,-142.1832275390625,-184.20315551757807,975.269775390625,-122.04481506347656,-155.06790161132812,485.7293701171875,-182.25245666503903,-248.5941162109375,846.6818237304688
136.09161376953125,-241.43414306640625,133.7354736328125,159.5243682861328,-230.5546112060547,994.9214477539062,145.23013305664062,-275.1319580078125,501.14404296875,269.6127014160156,-217.4927520751953,840.34521484375,-114.2529296875,95.3882827758789,258.4769897460937,-141.36744689941406,-183.2066802978516,976.0978393554688,-122.19860076904295,-164.7210693359375,486.3491821289063,-182.7942352294922,-245.61050415039065,847.7610473632812
135.94346618652344,-231.3255157470703,133.6549530029297,160.364013671875,-229.37890625,996.030029296875,146.02587890625,-268.0542907714844,500.5930786132813,270.6054077148437,-223.4875946044922,842.7813110351562,-113.09479522705078,84.9955062866211,261.50836181640625,-140.61094665527344,-182.09120178222656,977.0309448242188,-122.35954284667967,-174.32923889160156,487.4208679199219,-183.3619842529297,-242.64903259277344,848.9092407226562
135.8142547607422,-221.20684814453125,133.58169555664062,161.1591796875,-227.98922729492188,997.0244140625,146.81724548339844,-260.7858581542969,500.0827026367188,271.433837890625,-229.5241851806641,845.2770385742188,-111.94236755371094,74.2472915649414,263.8168640136719,-139.912109375,-180.87973022460935,978.067626953125,-122.5258560180664,-183.84898376464844,488.92388916015625,-183.9468231201172,-239.7076416015625,850.1044311523438
135.69908142089844,-211.0758514404297,133.5210418701172,161.91160583496094,-226.3975982666016,997.9031982421876,147.57403564453125,-253.3518524169922,499.6178588867188,272.0924987792969,-235.5809631347656,847.8287963867188,-110.81103515625,63.16642761230469,265.32916259765625,-139.26914978027344,-179.5922393798828,979.201904296875,-122.69583129882812,-193.2285919189453,490.8203430175781,-184.5389404296875,-236.78366088867188,851.3239135742188
135.59152221679688,-200.92811584472656,133.47769165039062,162.6222686767578,-224.61907958984372,998.6643676757812,148.2596893310547,-245.76239013671875,499.1975708007813,272.5767517089844,-241.63653564453125,850.43310546875,-109.71466064453124,51.76239013671875,265.98992919921875,-138.68038940429688,-178.24522399902344,980.4229125976562,-122.86603546142578,-202.4093170166016,493.0588989257813,-185.1277618408203,-233.8741912841797,852.544921875
135.4846954345703,-190.75889587402344,133.45509338378906,163.29119873046875,-222.6714324951172,999.3050537109376,148.83880615234375,-238.0168609619141,498.81640625,272.8825988769531,-247.6697998046875,853.0859375,-108.6661605834961,40.03585815429688,265.76544189453125,-138.14463806152344,-176.85171508789062,981.7149047851562,-123.02967071533205,-211.3283843994141,495.5797424316406,-185.7025451660156,-230.97630310058597,853.74462890625
135.37229919433594,-180.56455993652344,133.455078125,163.91751098632812,-220.57456970214844,999.8221435546876,149.28433227539062,-230.1092529296875,498.46630859375,273.0069274902344,-253.65997314453125,855.7825927734375,-107.6781005859375,27.982154846191406,264.6449890136719,-137.6613311767578,-175.4215545654297,983.0577392578124,-123.1753921508789,-219.922607421875,498.3195190429688,-186.25279235839844,-228.0873260498047,854.9004516601562
135.24917602539062,-170.34324645996094,133.47779846191406,164.49940490722656,-218.3497467041016,1000.2120971679688,149.58221435546875,-222.03399658203125,498.1379089355469,272.9474792480469,-259.5867919921875,858.5172729492188,-106.76309967041016,15.593490600585938,262.639892578125,-137.2305908203125,-173.9618377685547,984.4274291992188,-123.2870101928711,-228.1314849853516,501.2156066894531,-186.76876831054688,-225.2050628662109,855.9906005859375
135.1117401123047,-160.0951690673828,133.52191162109375,165.03433227539062,-216.01861572265625,1000.4716186523438,149.73231506347656,-213.79087829589844,497.8216857910156,272.7029724121094,-265.430419921875,861.2832641601562,-105.93382263183594,2.860013246536255,259.7817687988281,-136.8531951904297,-172.47752380371094,985.797607421875,-123.34465789794922,-235.8993988037109,504.2087097167969,-187.2420196533203,-222.32797241210935,856.9943237304688
134.9580078125,-149.8224639892578,133.58494567871094,165.51927185058594,-213.60240173339844,1000.5979614257812,149.7463836669922,-205.3888092041016,497.5086364746094,272.27313232421875,-271.17156982421875,864.072265625,-105.20275115966795,-10.230107307434082,256.1197814941406,-136.53033447265625,-170.97215270996094,987.1401977539062,-123.32744598388672,-243.1774139404297,507.2435302734375,-187.6658477783203,-219.4553985595703,857.8921508789062
134.7873077392578,-139.5289306640625,133.6636505126953,165.95103454589844,-211.12115478515625,1000.5895385742188,149.6441192626953,-196.8476104736328,497.190673828125,271.6587219238281,-276.7915344238281,866.8748779296875,-104.58173370361328,-23.690893173217773,251.7180938720703,-136.2634735107422,-169.44842529296875,988.4270629882812,-123.21715545654295,-249.9247894287109,510.2677307128906,-188.03565979003903,-216.5875396728516,858.6663208007812
134.5998992919922,-129.21981811523438,133.7545166015625,166.3265838623047,-208.5933074951172,1000.4458618164062,149.44895935058594,-188.1982269287109,496.8609619140625,270.8617553710937,-282.2721862792969,869.6801147460938,-104.08140563964844,-37.53827667236328,246.65338134765625,-136.05401611328125,-167.90887451171875,989.630859375,-123.00145721435548,-256.1094665527344,513.2305297851562,-188.3492126464844,-213.7256622314453,859.301025390625
134.39651489257812,-118.90160369873048,133.8540496826172,166.64332580566406,-206.03530883789065,1000.1680908203124,149.1842498779297,-179.48170471191406,496.51416015625,269.88525390625,-287.595947265625,872.4756469726562,-103.71077728271484,-51.78879928588867,241.0131683349609,-135.9031524658203,-166.356201171875,990.7261962890624,-122.67591857910156,-261.70770263671875,516.0816650390625,-188.6068420410156,-210.8720550537109,859.7828979492188
134.17796325683594,-108.58171081542967,133.95912170410156,166.8993377685547,-203.4615936279297,999.7592163085938,148.8705596923828,-170.74667358398438,496.14642333984375,268.7335205078125,-292.7458801269531,875.2479858398438,-103.47652435302734,-66.45718383789062,234.89439392089844,-135.8116912841797,-164.79376220703125,991.6903686523438,-122.24478912353516,-266.7030639648437,518.7711791992188,-188.8114318847656,-208.02999877929688,860.1006469726562
133.94496154785156,-98.26813507080078,134.0672149658203,167.09353637695312,-200.88450622558597,999.223876953125,148.52413940429688,-162.04640197753906,495.75537109375,267.4120788574219,-297.70574951171875,877.9822998046875,-103.3822784423828,-81.55317687988281,228.4022216796875,-135.77987670898438,-163.2256622314453,992.5037841796876,-121.72055053710938,-271.0853271484375,521.2501220703125,-188.9683074951172,-205.2037506103516,860.2457275390625
133.6979522705078,-87.96907806396484,134.17657470703125,167.2256622314453,-198.31466674804688,998.5685424804688,148.15658569335938,-153.4355010986328,495.3402099609375,265.9276123046875,-302.4599304199219,880.6627197265625,-103.42857360839844,-97.07874298095705,221.6485290527344,-135.80740356445312,-161.65704345703125,993.1505737304688,-121.12257385253906,-274.84991455078125,523.471435546875,-189.0850524902344,-202.39845275878903,860.2122802734375
133.43722534179688,-77.69269561767578,134.28631591796875,167.29638671875,-195.7611541748047,997.80126953125,147.77552795410156,-144.9668731689453,494.90142822265625,264.2879638671875,-306.99365234375,883.2725830078125,-103.61363220214844,-113.0264892578125,214.74969482421875,-135.89332580566406,-160.0940399169922,993.6185913085938,-120.4752426147461,-277.9971618652344,525.3917236328125,-189.17117309570312,-199.62001037597656,859.9968872070312
133.1629180908203,-67.44680786132812,134.39657592773438,167.30722045898438,-193.23193359375,996.9313354492188,147.38584899902344,-136.68865966796875,494.4408264160156,262.5021057128906,-311.2929382324219,885.7943725585938,-103.93443298339844,-129.37881469726562,207.82427978515625,-136.03616333007812,-158.5438690185547,993.8997192382812,-119.80596923828124,-280.5322265625,526.9730834960938,-189.23765563964844,-196.8749847412109,859.5986938476562
132.87515258789062,-57.2386474609375,134.5086212158203,167.26039123535156,-190.73422241210935,995.9691162109376,146.99111938476562,-128.6412811279297,493.9612731933594,260.5801696777344,-315.34478759765625,888.2099609375,-104.3875503540039,-146.1072998046875,200.9904327392578,-136.23385620117188,-157.01480102539062,993.9895629882812,-119.14318084716795,-282.46533203125,528.1849365234375,-189.296630859375,-194.1705017089844,859.0192260742188
132.5740203857422,-47.07475280761719,134.62498474121094,167.1587371826172,-188.2748870849609,994.92529296875,146.59481811523438,-120.8553695678711,493.46673583984375,258.5331115722656,-319.1371459960937,890.5008544921875,-104.96959686279295,-163.17202758789062,194.36343383789065,-136.48391723632812,-155.51614379882812,993.8877563476562,-118.51461029052734,-283.8121337890625,529.0060424804688,-189.3607482910156,-191.5140380859375,858.2623901367188
132.25987243652344,-36.96088409423828,134.7496337890625,167.00550842285156,-185.86077880859372,993.8108520507812,146.20098876953125,-113.35089111328124,492.9618835449219,256.3728942871094,-322.6590881347656,892.6483154296875,-105.67726135253906,-180.52081298828125,188.0533447265625,-136.78358459472656,-154.0581512451172,993.597412109375,-117.94591522216795,-284.5946044921875,529.4266967773438,-189.44290161132807,-188.91342163085935,857.3341064453125
131.93333435058594,-26.90210723876953,134.88807678222656,166.80410766601562,-183.49929809570312,992.6362915039062,145.8142547607422,-106.1378402709961,492.4516296386719,254.11216735839844,-325.9007263183594,894.6337280273438,-106.5070571899414,-198.08807373046875,182.16249084472656,-137.12989807128906,-152.6520233154297,993.1250610351562,-117.45985412597656,-284.8418884277344,529.4496459960938,-189.55569458007807,-186.3766632080078,856.2421264648438
131.59548950195312,-16.903003692626953,135.04737854003906,166.5577850341797,-181.1988067626953,991.411376953125,145.43948364257812,-99.21755981445312,491.94091796875,251.7642517089844,-328.853271484375,896.4386596679688,-107.4548568725586,-215.79360961914065,176.78289794921875,-137.51995849609375,-151.30972290039062,992.48046875,-117.0758819580078,-284.5912170410156,529.0911865234375,-189.71116638183597,-183.9118804931641,854.9960327148438
131.24798583984375,-6.967979431152344,135.2362060546875,166.2693328857422,-178.96902465820312,990.1451416015624,145.08131408691406,-92.58466339111328,491.4342956542969,249.3429412841797,-331.5091857910156,898.045166015625,-108.51528930664062,-233.5413818359375,171.99339294433594,-137.95111083984375,-150.04397583007812,991.6761474609376,-116.80998992919922,-283.8885803222656,528.3799438476562,-189.9205322265625,-181.5272674560547,853.6068115234375
130.89306640625,2.8984534740448,135.46446228027344,165.94068908691406,-176.82135009765625,988.8455200195312,144.74365234375,-86.22924041748047,490.9358215332031,246.86236572265625,-333.8618469238281,899.4359741210938,-109.68114471435548,-251.21847534179688,167.85638427734375,-138.421142578125,-148.86802673339844,990.72705078125,-116.6746826171875,-282.78955078125,527.3553466796875,-190.19395446777344,-179.23095703125,852.0869140625
130.53379821777344,12.691449165344238,135.74314880371094,165.57272338867188,-174.76889038085938,987.51953125,144.42935180664062,-80.13919830322266,490.4489440917969,244.3368988037109,-335.9057922363281,900.5950317382812,-110.94271087646484,-268.6941833496094,164.4142303466797,-138.92843627929688,-147.79556274414062,989.6503295898438,-116.67892456054688,-281.3594665527344,526.0648803710938,-190.54046630859372,-177.0311279296875,850.449951171875
130.17422485351562,22.40570831298828,136.0838165283203,165.16488647460938,-172.8264617919922,986.17333984375,144.139892578125,-74.30255126953125,489.9762268066406,241.78103637695312,-337.63653564453125,901.5073852539062,-112.28691864013672,-285.8203125,161.68580627441406,-139.4720916748047,-146.84051513671875,988.465087890625,-116.8281021118164,-279.6730651855469,524.5603637695312,-190.9679412841797,-174.9358367919922,848.7106323242188
129.8194122314453,32.03531646728516,136.49818420410156,164.7153778076172,-171.01025390625,984.8123779296876,143.87501525878906,-68.70931243896484,489.5191650390625,239.20916748046875,-339.05047607421875,902.1599731445312,-113.69658660888672,-302.4334716796875,159.66366577148438,-140.05198669433594,-146.01693725585938,987.1920776367188,-117.12387084960938,-277.8131408691406,522.895263671875,-191.4830474853516,-172.95314025878906,846.884765625
129.4750213623047,41.57366561889648,136.99749755859375,164.22105407714844,-169.3375244140625,983.4415893554688,143.63232421875,-63.352970123291016,489.077880859375,236.63560485839844,-340.14471435546875,902.5414428710938,-115.1498794555664,-318.3589782714844,158.31288146972656,-140.66871643066406,-145.33871459960938,985.8533325195312,-117.5640106201172,-275.8682556152344,521.121826171875,-192.09130859375,-171.09097290039062,844.989013671875
129.1460723876953,51.0139045715332,137.5919647216797,163.6779022216797,-167.825927734375,982.0657348632812,143.4066619873047,-58.231292724609375,488.6509094238281,234.0743408203125,-340.91717529296875,902.6428833007812,-116.6202163696289,-333.4164428710937,157.57147216796875,-141.32354736328125,-144.8192901611328,984.4722290039062,-118.1419448852539,-273.9288635253906,519.28955078125,-192.79718017578125,-169.3572235107422,843.0408325195312
128.83554077148438,60.34956359863281,138.29046630859375,163.0813446044922,-166.49278259277344,980.689453125,143.1893310546875,-53.34653472900391,488.23529052734375,231.5390167236328,-341.3663330078125,902.4579467773438,-118.0768051147461,-347.42626953125,157.35301208496094,-142.01828002929688,-144.47119140625,983.0726928710938,-118.84618377685548,-272.0827941894531,517.44482421875,-193.6041259765625,-167.75973510742188,841.0587158203125
128.54360961914062,69.57479858398438,139.1007537841797,162.4267578125,-165.3541259765625,979.3179321289062,142.9671630859375,-48.70520782470703,487.8266906738281,229.04270935058597,-341.4911804199219,901.983154296875,-119.48590087890624,-360.2165222167969,157.5511474609375,-142.75509643554688,-144.3054962158203,981.679443359375,-119.65968322753906,-270.4105529785156,515.6304321289062,-194.5146026611328,-166.30621337890625,839.061767578125
128.26759338378906,78.6843032836914,140.02984619140625,161.71011352539062,-164.42367553710938,977.95703125,142.72195434570312,-44.31764602661133,487.4202575683594,226.59786987304688,-341.29119873046875,901.2179565429688,-120.81271362304688,-371.6298522949219,158.04600524902344,-143.53634643554688,-144.33114624023438,980.3174438476562,-120.55960083007812,-268.98052978515625,513.8851318359375,-195.53021240234372,-165.00425720214844,837.0697021484375
128.00238037109375,87.67292022705078,141.08457946777344,160.9282989501953,-163.71218872070312,976.6137084960938,142.43038940429688,-40.19770050048828,487.0112609863281,224.21615600585935,-340.7663879394531,900.1654052734375,-122.0237274169922,-381.5303039550781,158.7120819091797,-144.36448669433594,-144.55435180664062,979.011474609375,-121.5178451538086,-267.8456420898437,512.2432250976562,-196.65159606933597,-163.86129760742188,835.1028442382812
127.74124145507812,96.53508758544922,142.27203369140625,160.07931518554688,-163.22702026367188,975.2960205078124,142.064697265625,-36.36262893676758,486.5958862304688,221.90841674804688,-339.9170227050781,898.8317260742188,-123.0892105102539,-389.81005859375,159.42718505859375,-145.24191284179688,-144.97801208496094,977.785888671875,-122.50260925292967,-267.0406799316406,510.7340698242188,-197.8785552978516,-162.88453674316406,833.1820068359375
127.4767074584961,105.26399230957033,143.59988403320312,159.1622772216797,-162.97198486328125,974.0131225585938,141.5944061279297,-32.83325958251953,486.1719665527344,219.68453979492188,-338.74365234375,897.2267456054688,-123.9856948852539,-396.39593505859375,160.08148193359375,-146.17086791992188,-145.60125732421875,976.6641845703124,-123.48102569580078,-266.58135986328125,509.3820190429688,-199.20989990234372,-162.08091735839844,831.328125
127.20164489746094,113.85049438476562,145.07676696777344,158.17727661132812,-162.94735717773438,972.7753295898438,140.98904418945312,-29.634279251098636,485.7390441894531,217.55355834960935,-337.2470703125,895.3637084960938,-124.6983413696289,-401.25537109375,160.58558654785156,-147.15341186523438,-146.4190216064453,975.6685791015624,-124.42249298095705,-266.4647827148437,508.2063293457031,-200.6435394287109,-161.45697021484375,829.562255859375
126.9101104736328,122.28211212158205,146.71250915527344,157.1251220703125,-163.15003967285156,971.5935668945312,140.2212677001953,-26.79465103149414,485.2981567382813,215.5234222412109,-335.4283142089844,893.25927734375,-125.22282409667967,-404.4007263183594,160.87637329101562,-148.19137573242188,-147.42184448242188,974.8193969726562,-125.30213165283205,-266.67108154296875,507.2216491699219,-202.17630004882807,-161.01878356933594,827.9051513671875
126.59793853759766,130.5419464111328,148.51849365234375,156.0070037841797,-163.57363891601562,970.4794311523438,139.2705078125,-24.347959518432617,484.8514099121094,213.60108947753903,-333.2886657714844,890.9331665039062,-125.56584930419922,-405.890380859375,160.91900634765625,-149.28614807128906,-148.59593200683594,974.1347045898438,-126.10375213623048,-267.1664428710937,506.4384460449219,-203.8040008544922,-160.77194213867188,826.3772583007812
126.26313018798828,138.60781860351562,150.5079803466797,154.8242950439453,-164.20863342285156,969.4447021484376,138.1261444091797,-22.33247184753418,484.4011840820313,211.79232788085935,-330.82965087890625,888.4082641601562,-125.74429321289062,-405.8264465332031,160.70504760742188,-150.43875122070312,-149.92327880859375,973.6299438476562,-126.82209014892578,-267.9063415527344,505.8634338378906,-205.5213165283203,-160.7213134765625,824.998291015625
125.90583038330078,146.45132446289062,152.6962127685547,153.578369140625,-165.0423126220703,968.5009765625,136.7901611328125,-20.79075813293457,483.9494934082031,210.10174560546875,-328.0534973144531,885.7100219726562,-125.78369903564452,-404.3484191894531,160.24807739257812,-151.6495361328125,-151.382080078125,973.317138671875,-127.46389770507812,-268.8398132324219,505.4996337890625,-207.3218688964844,-160.87103271484375,823.7868041992188
125.5280303955078,154.03721618652344,155.1005096435547,152.2705078125,-166.05886840820312,967.6590576171876,135.2786102294922,-19.768754959106445,483.4972839355469,208.5326690673828,-324.96295166015625,882.8662109375,-125.71636962890624,-401.6242065429688,159.5786590576172,-152.9182586669922,-152.94735717773438,973.2050170898438,-128.0479278564453,-269.91290283203125,505.3462219238281,-209.19818115234372,-161.2244110107422,822.7603759765625
125.13294982910156,161.32290649414062,157.7398681640625,150.90199279785156,-167.23919677734375,966.9287109375,133.6218719482422,-19.31425094604492,483.0438537597656,207.087158203125,-321.5617980957031,879.906494140625,-125.5789566040039,-397.8375549316406,158.73892211914062,-154.24380493164062,-154.59170532226562,973.2982177734376,-128.60354614257812,-271.0715637207031,505.3973083496094,-211.14178466796875,-161.7837677001953,821.9347534179688
124.72417449951172,168.25848388671875,160.6344451904297,149.47433471679688,-168.5608673095703,966.318115234375,131.86366271972656,-19.47482681274414,482.5865173339844,205.76593017578125,-317.8549194335937,876.8619384765625,-125.4096450805664,-393.1741638183594,157.7766876220703,-155.6242218017578,-156.2861785888672,973.5974731445312,-129.1680908203125,-272.26348876953125,505.6408386230469,-213.143310546875,-162.5503692626953,821.3238525390625
124.30499267578124,174.7868194580078,163.80477905273438,147.98956298828125,-169.99803161621094,965.8333129882812,130.05870056152344,-20.29531478881836,482.1202087402344,204.5684814453125,-313.8486633300781,873.7646484375,-125.2450942993164,-387.807861328125,156.73956298828125,-157.056640625,-158.0013885498047,974.0991821289062,-129.78294372558594,-273.4385070800781,506.0569152832031,-215.19259643554688,-163.52432250976562,820.9395751953125
123.8779525756836,180.84349060058597,167.2703857421875,146.45053100585938,-171.52137756347656,965.477783203125,128.26934814453125,-21.81488800048828,481.6375122070313,203.49301147460935,-309.5510559082031,870.6470336914062,-125.1173858642578,-381.8893432617188,155.6708526611328,-158.53721618652344,-159.7084503173828,974.7955932617188,-130.4888916015625,-274.5478820800781,506.6167907714844,-217.2789306640625,-164.70457458496094,820.7909545898438
123.44490814208984,186.3568115234375,171.0482940673828,144.8613739013672,-173.0984344482422,965.2525634765624,126.5613021850586,-24.063989639282227,481.1286315917969,202.53665161132807,-304.9718322753906,867.54150390625,-125.05160522460938,-375.5390319824219,154.60714721679688,-160.06117248535156,-161.3799285888672,975.6749267578124,-131.32110595703125,-275.54266357421875,507.282958984375,-219.3910980224609,-166.08868408203125,820.8845825195312
123.00724792480467,191.24887084960935,175.1511993408203,143.22767639160156,-174.6940155029297,965.156005859375,124.99854278564452,-27.061429977416992,480.5820617675781,201.69549560546875,-300.1228332519531,864.479736328125,-125.06422424316406,-368.8441162109375,153.57745361328125,-161.62278747558594,-162.9905548095703,976.721923828125,-132.30474853515625,-276.3714599609375,508.0105285644531,-221.5176544189453,-167.67288208007812,821.2237548828125
122.56615447998048,195.438232421875,179.58604431152344,141.5566864013672,-176.27122497558594,965.184326171875,123.63800811767578,-30.81207847595215,479.9855651855469,200.9647674560547,-295.0177917480469,861.4923706054688,-125.16256713867188,-361.85980224609375,152.60340881347656,-163.2153778076172,-164.51756286621094,977.9182739257812,-133.45176696777344,-276.97857666015625,508.7506408691406,-223.64698791503903,-169.4519805908203,821.80859375
122.12259674072266,198.8437042236328,184.35202026367188,139.8572540283203,-177.79246520996094,965.3314208984376,122.52450561523438,-35.30562210083008,479.3278503417969,200.33892822265625,-289.67254638671875,858.6082763671875,-125.34547424316406,-354.6134338378906,151.69992065429688,-164.8314666748047,-165.94081115722656,979.2435913085938,-134.75965881347656,-277.3031616210937,509.45513916015625,-225.76747131347656,-171.4192657470703,822.6358642578125
121.67686462402344,201.3888702392578,189.4385681152344,138.1396942138672,-179.2205810546875,965.5899047851562,121.68670654296876,-40.51669692993164,478.6007995605469,199.8118896484375,-284.104736328125,855.8544921875,-125.6050033569336,-347.11083984375,150.87612915039062,-166.46278381347656,-167.24258422851562,980.6761474609376,-136.21240234375,-277.2797546386719,510.0815734863281,-227.86761474609372,-173.56654357910156,823.6990356445312
121.22781372070312,203.00668334960935,194.82347106933597,136.41554260253906,-180.5200958251953,965.9511108398438,121.13493347167967,-46.40629577636719,477.8021240234375,199.3771514892578,-278.333740234375,853.2556762695312,-125.92857360839844,-339.3440246582031,150.13641357421875,-168.10047912597656,-168.40724182128906,982.1939086914062,-137.7830047607422,-276.8404541015625,510.5975341796875,-229.93603515625,-175.8841094970703,824.9884033203125
120.77190399169922,203.6439208984375,200.47125244140625,134.69725036621094,-181.6585235595703,966.4061889648438,120.86106872558594,-52.92399597167969,476.9376220703125,199.0279235839844,-272.38037109375,850.8336791992188,-126.3012466430664,-331.298828125,149.48129272460938,-169.73533630371094,-169.4207763671875,983.7752685546876,-139.43739318847656,-275.91815185546875,510.9833984375,-231.96160888671875,-178.3607635498047,826.4911499023438
120.30236053466795,203.2649078369141,206.33251953125,132.9976348876953,-182.60769653320312,966.9461669921876,120.84041595458984,-60.01066207885742,476.023193359375,198.7572479248047,-266.2666015625,848.6076049804688,-126.70758819580078,-322.9619140625,148.90834045410156,-171.3580780029297,-170.27041625976562,985.3997802734376,-141.13858032226562,-274.4508056640625,511.2331848144531,-233.9335174560547,-180.98394775390625,828.1918334960938
119.80887603759766,201.8543701171875,212.3440704345703,131.32931518554688,-183.34495544433597,967.56298828125,121.03502655029295,-67.6012954711914,475.0856018066406,198.55813598632807,-260.0152587890625,846.593505859375,-127.13319396972656,-314.3261108398437,148.41285705566406,-172.9596710205078,-170.9444580078125,987.0485229492188,-142.8506622314453,-272.3857727050781,511.3531188964844,-235.8412170410156,-183.7398223876953,830.0728149414062
119.2781753540039,199.4193115234375,218.43035888671875,129.7039794921875,-183.8539886474609,968.249755859375,121.3978042602539,-75.6276626586914,474.16204833984375,198.423583984375,-253.6496734619141,844.80419921875,-127.56561279296876,-305.39422607421875,147.98846435546875,-174.53170776367188,-171.4321746826172,988.704345703125,-144.54208374023438,-269.68426513671875,511.3587951660156,-237.6746063232422,-186.6134033203125,832.1143798828125
118.6952133178711,195.9890594482422,224.5059814453125,128.13169860839844,-184.12518310546875,969.0014038085938,121.8766860961914,-84.02058410644531,473.2987976074219,198.34674072265625,-247.1933135986328,843.2492065429688,-127.99488067626952,-296.1806335449219,147.62750244140625,-176.06668090820312,-171.72384643554688,990.3519897460938,-146.18795776367188,-266.324951171875,511.271484375,-239.4239654541016,-189.58880615234372,834.2957153320312
118.04495239257812,191.61280822753903,230.47874450683597,126.62026977539062,-184.15562438964844,969.8148193359376,122.41846466064452,-92.71166229248048,472.548583984375,198.3208923339844,-240.66937255859372,841.934814453125,-128.41355895996094,-286.7110290527344,147.32162475585938,-177.5583953857422,-171.81103515625,991.9777221679688,-147.7708740234375,-262.3066101074219,511.1142883300781,-241.08004760742188,-192.6493988037109,836.5947875976562
117.31421661376952,186.3548126220703,236.25282287597656,125.17472076416016,-183.94869995117188,970.6890258789062,122.97216796875,-101.6346435546875,471.96728515625,198.3394470214844,-234.10044860839844,840.8638916015625,-128.81640625,-277.0199584960937,147.06227111816406,-179.00204467773438,-171.68690490722656,993.5693359375,-149.28077697753906,-257.648681640625,510.90911865234375,-242.6341094970703,-195.7780914306641,838.9894409179688
116.49333190917967,180.2878570556641,241.73146057128903,123.7970733642578,-183.51353454589844,971.6250610351562,123.4917449951172,-110.7260971069336,471.60986328125,198.39599609375,-227.50827026367188,840.0360107421875,-129.19998168945312,-267.1468811035156,146.84132385253906,-180.3944091796875,-171.34657287597656,995.1158447265624,-150.7137908935547,-252.39002990722656,510.6744995117188,-244.0779266357422,-198.9575042724609,841.4574584960938
115.57723236083984,173.4861297607422,246.8188018798828,122.48643493652344,-182.8639678955078,972.6251831054688,123.93806457519533,-119.92561340332033,471.5265502929688,198.48422241210935,-220.9134063720703,839.4473876953125,-129.5621337890625,-257.1321716308594,146.65151977539062,-181.73374938964844,-170.7876434326172,996.607421875,-152.0706329345703,-246.5857391357422,510.4248352050781,-245.4038848876953,-202.1702117919922,843.9771118164062
114.56605529785156,166.0198516845703,251.4211578369141,121.23944091796876,-182.017578125,973.6921997070312,124.2801513671875,-129.175537109375,471.75872802734375,198.59780883789065,-214.33514404296875,839.0908203125,-129.90174865722656,-247.0135803222656,146.48692321777344,-183.01963806152344,-170.01043701171875,998.0349731445312,-153.35516357421875,-240.3021697998047,510.1703186035156,-246.60491943359372,-205.39903259277344,846.5276489257812
113.46533966064452,157.95245361328125,255.44895935058597,120.0509033203125,-180.9944305419922,974.8284301757812,124.49549865722656,-138.42062377929688,472.3357543945313,198.73046875,-207.7912750244141,838.9560546875,-130.21873474121094,-236.8238067626953,146.34303283691406,-184.25267028808597,-169.01834106445312,999.390380859375,-154.57302856445312,-233.61134338378903,509.917724609375,-247.6745758056641,-208.6271514892578,849.0895385742188
112.2861099243164,149.33934020996094,258.8193664550781,118.91464233398438,-179.8157958984375,976.0347900390624,124.56964874267578,-147.6077117919922,473.2725830078125,198.8758544921875,-201.298095703125,839.0297241210938,-130.5138397216797,-226.58946228027344,146.21669006347656,-185.43411254882807,-167.8177947998047,1000.6661376953124,-155.73043823242188,-226.58531188964844,509.6714477539063,-248.60708618164065,-211.83843994140625,851.6444702148438
111.04486083984376,140.22706604003906,261.4593505859375,117.82435607910156,-178.50303649902344,977.309814453125,124.4951629638672,-156.685791015625,474.56884765625,199.0275421142578,-194.8703765869141,839.2955322265625,-130.7886199951172,-216.3307647705078,146.10586547851562,-186.5654296875,-166.4181365966797,1001.8556518554688,-156.83326721191406,-219.29112243652344,509.4346618652344,-249.3973388671875,-215.0174560546875,854.176025390625
109.76238250732422,130.65365600585938,263.3080749511719,116.7743911743164,-177.0767059326172,978.6492309570312,124.27015686035156,-165.6058349609375,476.2095947265625,199.17901611328125,-188.52130126953125,839.7345581054688,-131.04527282714844,-206.0623779296875,146.00946044921875,-187.6479339599609,-164.83135986328125,1002.9530639648438,-157.8863067626953,-211.7870941162109,509.2103271484375,-250.0409393310547,-218.1497344970703,856.6692504882812
108.46178436279295,120.64927673339844,264.318603515625,115.7604522705078,-175.55572509765625,980.0454711914062,123.8968276977539,-174.3208465576172,478.1672668457031,199.32379150390625,-182.26255798339844,840.3255615234375,-131.28622436523438,-195.79443359375,145.9268798828125,-188.68246459960935,-163.07180786132812,1003.9534912109376,-158.89266967773438,-204.12078857421875,509.00201416015625,-250.53424072265625,-221.2218475341797,859.11083984375
107.16686248779295,110.2366714477539,264.4591979980469,114.78002166748048,-173.9569854736328,981.4876708984376,123.37999725341795,-182.78575134277344,480.40478515625,199.4553985595703,-176.10438537597656,841.0452880859375,-131.5139923095703,-185.5334625244141,145.8577880859375,-189.66912841796875,-161.15562438964844,1004.852783203125,-159.85365295410156,-196.32855224609372,508.8142395019531,-250.8744354248047,-224.22146606445312,861.4893188476562
105.90113067626952,99.43115234375,263.7142028808594,113.8326644897461,-172.29502868652344,982.9620361328124,122.72582244873048,-190.95753479003903,482.87890625,199.56748962402344,-170.05555725097656,841.8688354492188,-131.73089599609375,-175.2831268310547,145.8018798828125,-190.6072235107422,-159.10032653808594,1005.6478881835938,-160.768798828125,-188.43658447265625,508.6520385742188,-251.0595245361328,-227.1374969482422,863.7942504882812
104.68694305419922,88.2406005859375,262.0837097167969,112.9199676513672,-170.5819549560547,984.4519653320312,121.94087982177734,-198.7956085205078,485.5432434082031,199.6539459228516,-164.12347412109375,842.7702026367188,-131.93899536132812,-165.04505920410156,145.75877380371094,-191.49530029296875,-156.92416381835938,1006.3363037109376,-161.63629150390625,-180.46290588378903,508.5200500488281,-251.08839416503903,-229.9600372314453,866.0167846679688
103.5447006225586,76.66580963134766,259.5827331542969,112.04530334472656,-168.82737731933594,985.93896484375,121.03156280517578,-206.2623443603516,488.350830078125,199.7089691162109,-158.31427001953125,843.72265625,-132.13987731933594,-154.81948852539062,145.7279815673828,-192.3311309814453,-154.6456298828125,1006.9166870117188,-162.45355224609375,-172.41990661621094,508.4214782714844,-250.96087646484372,-232.68051147460935,868.1488647460938
102.49212646484376,64.70106506347656,256.24090576171875,111.21339416503906,-167.0386962890625,987.4029541015624,120.0040054321289,-213.3236083984375,491.255615234375,199.7272491455078,-152.63284301757812,844.6990966796875,-132.33447265625,-144.60581970214844,145.70889282226562,-193.1120147705078,-152.28282165527344,1007.3882446289062,-163.21780395507812,-164.31692504882812,508.3569641113281,-250.6777191162109,-235.29153442382807,870.1834106445312
101.54364776611328,52.33504104614258,252.10223388671875,110.42972564697266,-165.22157287597656,988.8228759765624,118.8643798828125,-219.9493408203125,494.2132568359375,199.7040252685547,-147.08303833007812,845.6729125976562,-132.52304077148438,-134.40283203125,145.70089721679688,-193.8348846435547,-149.85293579101562,1007.7509765625,-163.9263916015625,-156.16253662109375,508.3240356445313,-250.24073791503903,-237.78697204589844,872.1138305664062
100.7099380493164,39.55226516723633,247.2250061035156,109.69992065429688,-163.38047790527344,990.17724609375,117.61954498291016,-226.1139678955078,497.1810607910156,199.6352081298828,-141.667724609375,846.6179809570312,-132.7050018310547,-124.20904541015624,145.70330810546875,-194.4964904785156,-147.37184143066406,1008.0055541992188,-164.57676696777344,-147.9662322998047,508.3177490234375,-249.65283203125,-240.1616973876953,873.9338989257812
99.99759674072266,26.33492660522461,241.68185424804688,109.02930450439452,-161.51925659179688,991.4442749023438,116.2777862548828,-231.79617309570312,500.1178894042969,199.5175018310547,-136.38894653320312,847.5094604492188,-132.87921142578125,-114.02285766601562,145.7154998779297,-195.09361267089844,-144.85386657714844,1008.1531372070312,-165.16632080078125,-139.73928833007812,508.3316345214844,-248.91799926757807,-242.41159057617188,875.6378173828125
99.40916442871094,12.665277481079102,235.55911254882807,108.42259979248048,-159.6416473388672,992.60302734375,114.84960174560548,-236.97869873046875,502.9837951660156,199.34849548339844,-131.24806213378906,848.3240356445312,-133.0441436767578,-103.84284210205078,145.73684692382812,-195.6232147216797,-142.31192016601562,1008.1953125,-165.69219970703125,-131.49526977539062,508.3592529296875,-248.0414581298828,-244.53330993652344,877.2196044921875
98.9434585571289,-1.4717870950698853,228.9557037353516,107.8837890625,-157.7516632080078,993.633544921875,113.34825134277344,-241.6477813720703,505.7398986816406,199.12667846679688,-126.24598693847656,849.0401611328125,-133.1982421875,-93.66798400878906,145.76670837402344,-196.08255004882807,-139.75765991210938,1008.1341552734376,-166.1514892578125,-123.25,508.3952331542969,-247.02967834472656,-246.5242156982422,878.6734619140625
98.59637451171876,-16.086191177368164,221.98117065429688,107.41603088378906,-155.85391235351562,994.5175170898438,111.7901382446289,-245.79296875,508.3484191894531,198.85159301757807,-121.38324737548828,849.638671875,-133.34017944335938,-83.49803924560547,145.80438232421875,-196.46939086914065,-137.201904296875,1007.9719848632812,-166.5415496826172,-115.02140045166016,508.4357299804688,-245.8903045654297,-248.3822326660156,879.9934692382812
98.36199951171876,-31.1806755065918,214.75294494628903,107.02152252197266,-153.95382690429688,995.23876953125,110.19483184814452,-249.4068603515625,510.7728576660156,198.52378845214844,-116.66029357910156,850.1027221679688,-133.46905517578125,-73.33365631103516,145.84910583496094,-196.7820587158203,-134.65484619140625,1007.7113647460938,-166.8607177734375,-106.82915496826172,508.47845458984375,-244.6322326660156,-250.1059112548828,881.173828125
98.23400115966795,-46.749759674072266,207.3928985595703,106.70152282714844,-152.057861328125,995.78369140625,108.58472442626952,-252.4851837158203,512.978271484375,198.14491271972656,-112.07756042480467,850.4180297851562,-133.58453369140625,-63.1762809753418,145.90017700195312,-197.01956176757807,-132.12625122070312,1007.3550415039062,-167.10899353027344,-98.6941375732422,508.5222473144531,-243.2655029296875,-251.69430541992188,882.2086791992188
98.20708465576172,-62.77946090698242,200.0236358642578,106.45626068115234,-150.1736297607422,996.1414184570312,106.98432159423828,-255.0269012451172,514.93212890625,197.71759033203125,-107.63560485839844,850.5731201171875,-133.68679809570312,-53.0278549194336,145.95692443847656,-197.18161010742188,-129.62545776367188,1006.9057006835938,-167.28855895996094,-90.63773345947266,508.56640625,-241.8012237548828,-253.14694213867188,883.0924072265625
98.27752685546876,-79.24683380126953,192.7650909423828,106.28506469726562,-148.30992126464844,996.3041381835938,105.41920471191406,-257.0344543457031,516.6051025390625,197.24557495117188,-103.33513641357422,850.559326171875,-133.77658081054688,-42.8904914855957,146.01881408691406,-197.2686767578125,-127.16119384765624,1006.3660278320312,-167.40423583984375,-82.6806869506836,508.6100463867188,-240.25140380859372,-254.46376037597656,883.8197021484375
98.4425277709961,-96.11878204345705,185.73162841796875,106.18638610839844,-146.47665405273438,996.2672729492188,103.91470336914062,-258.5140991210937,517.97216796875,196.73358154296875,-99.17711639404295,850.3707885742188,-133.85496520996094,-32.76616287231445,146.08551025390625,-197.28196716308597,-124.74128723144533,1005.7383422851562,-167.46336364746094,-74.84181213378906,508.6519165039063,-238.62893676757807,-255.6450958251953,884.3857421875
98.69857025146484,-113.35032653808594,179.02955627441406,106.1580047607422,-144.68472290039062,996.0292358398438,102.4945068359375,-259.4766540527344,519.0138549804688,196.18739318847656,-95.16278076171876,850.0042724609375,-133.9232177734375,-22.656450271606445,146.1570587158203,-197.22341918945312,-122.37254333496094,1005.0247802734376,-167.47520446777344,-67.13697814941406,508.6900329589844,-236.9473114013672,-256.6914978027344,884.7862548828125
99.03961181640624,-130.8823699951172,172.7550048828125,106.19718170166016,-142.9458465576172,995.591796875,101.1792984008789,-259.9383239746094,519.7173461914062,195.6138153076172,-91.2937240600586,849.4594116210938,-133.9825897216797,-12.562511444091797,146.23399353027344,-197.09571838378903,-120.06084442138672,1004.227294921875,-167.45030212402344,-59.57893753051758,508.72161865234375,-235.22052001953125,-257.6037292480469,885.0179443359375
99.45538330078124,-148.639404296875,166.99188232421875,106.30081939697266,-141.2721405029297,994.959716796875,99.98556518554688,-259.9221496582031,520.0773315429688,195.02072143554688,-87.5718994140625,848.73828125,-134.0341033935547,-2.4852452278137207,146.3174591064453,-196.90223693847656,-117.81139373779295,1003.3475952148438,-167.39947509765625,-52.177982330322266,508.7428588867188,-233.4628448486328,-258.38262939453125,885.078369140625
99.9303741455078,-166.5275421142578,161.80992126464844,106.46561431884766,-139.6759033203125,994.1408081054688,98.92475128173828,-259.459228515625,520.0963745117188,194.4170684814453,-83.9996566772461,847.8453369140625,-134.07839965820312,7.574316024780273,146.4093475341797,-196.6469268798828,-115.62916564941406,1002.3876953125,-167.3329620361328,-44.94303131103516,508.7489318847656,-231.68870544433597,-259.0289306640625,884.9663696289062
100.44357299804688,-184.43333435058597,157.26258850097656,106.68821716308594,-138.16932678222656,993.145751953125,98.0026626586914,-258.590087890625,519.7852783203125,193.81285095214844,-80.57975769042969,846.7872924804688,-134.1156463623047,17.614377975463867,146.5123748779297,-196.33416748046875,-113.5192642211914,1001.3496704101562,-167.2594757080078,-37.88290023803711,508.7339782714844,-229.9124298095703,-259.54327392578125,884.6821899414062
100.96912384033205,-202.22360229492188,153.38478088378906,106.96531677246094,-136.7642364501953,991.9882202148438,97.21931457519533,-257.3650817871094,519.162841796875,193.2191925048828,-77.31536102294922,845.5730590820312,-134.14549255371094,27.631568908691406,146.63031005859375,-195.96847534179688,-111.48737335205078,1000.2362670898438,-167.18528747558594,-31.00760841369629,508.6915588378906,-228.14813232421875,-259.9260559082031,884.2274169921875
101.47752380371094,-219.74612426757807,150.19070434570312,107.29378509521484,-135.47193908691406,990.6842651367188,96.56922912597656,-255.8441619873047,518.25537109375,192.648193359375,-74.21004486083984,844.2133178710938,-134.16705322265625,37.62005615234375,146.76803588867188,-195.55438232421875,-109.53996276855467,999.0508422851562,-167.11341857910156,-24.32948303222656,508.61517333984375,-226.4094390869141,-260.1771545410156,883.6054077148438
101.93711853027344,-236.8321685791016,147.6719512939453,107.6706771850586,-134.30319213867188,989.2525634765624,96.04205322265624,-254.09576416015625,517.0958251953125,192.1129150390625,-71.26779174804688,842.7203369140625,-134.1791229248047,47.570777893066406,146.9317626953125,-195.0961151123047,-107.68449401855467,997.7978515625,-167.0430908203125,-17.863859176635742,508.4986572265625,-224.7093963623047,-260.296142578125,882.8212280273438
102.3160400390625,-253.30064392089844,145.79635620117188,108.0932846069336,-133.26806640625,987.7139892578124,95.6234893798828,-252.19464111328125,515.7224731445312,191.6271514892578,-68.4930419921875,841.108154296875,-134.18051147460938,57.47113037109375,147.12930297851562,-194.59744262695312,-105.92937469482422,996.4825439453124,-166.96932983398438,-11.629339218139648,508.3370361328125,-223.0602569580078,-260.2819519042969,881.8817138671875
102.58428192138672,-268.9637145996094,144.50836181640625,108.55915832519533,-132.37603759765625,986.09130859375,95.29646301269533,-250.21893310546875,514.1775512695312,191.2053375244141,-65.89067077636719,839.391845703125,-134.17015075683594,67.30548095703125,147.37033081054688,-194.06158447265625,-104.28389739990234,995.111572265625,-166.88294982910156,-5.647492408752441,508.1269836425781,-221.47332763671875,-260.13287353515625,880.7955932617188
102.71598052978516,-283.6332702636719,143.73123168945312,109.0660629272461,-131.63589477539062,984.4089965820312,95.04251861572266,-248.24655151367188,512.5056762695312,190.86224365234372,-63.46597671508789,837.5877075195312,-134.14718627929688,77.05630493164062,147.66624450683594,-193.4911346435547,-102.75798034667967,993.69287109375,-166.7709503173828,0.0579172745347023,507.8673095703125,-219.95883178710935,-259.84674072265625,879.5733642578125
102.69156646728516,-297.1279296875,143.37147521972656,109.61199951171876,-131.05575561523438,982.6928100585938,94.8431625366211,-246.3514862060547,510.7521362304688,190.61268615722656,-61.22465515136719,835.7130737304688,-134.1112518310547,86.70564270019531,148.02987670898438,-192.88807678222656,-101.36184692382812,992.2357788085938,-166.6171112060547,5.462122917175293,507.5591430664063,-218.5258331298828,-259.420654296875,878.2272338867188
102.4996337890625,-309.28045654296875,143.3251495361328,110.19515991210938,-130.64297485351562,980.9694213867188,94.68118286132812,-244.60040283203125,508.961669921875,190.47129821777344,-59.17282485961914,833.7860717773438,-134.0626220703125,96.23644256591795,148.47499084472656,-192.25396728515625,-100.10565948486328,990.7511596679688,-166.40289306640625,10.540763854980469,507.2060241699219,-217.1820831298828,-258.85125732421875,876.771240234375
102.13834381103516,-319.944580078125,143.48529052734375,110.81389617919922,-130.40396118164062,979.2661743164062,94.54164123535156,-243.0497283935547,507.1769104003906,190.45216369628903,-57.3170166015625,831.82568359375,-134.00234985351562,105.6336669921875,149.015625,-191.5899200439453,-98.99903106689452,989.2511596679688,-166.1084747314453,15.27122402191162,506.8140869140625,-215.9340362548828,-258.1346130371094,875.2208862304688
101.61613464355467,-329.0019226074219,143.74984741210938,111.4667510986328,-130.343994140625,977.6106567382812,94.4126434326172,-241.74349975585935,505.4375305175781,190.56854248046875,-55.6641731262207,829.8513793945312,-133.93209838867188,114.88470458984376,149.66575622558594,-190.8967437744141,-98.0506820678711,987.7493286132812,-165.7137908935547,19.633527755737305,506.3916015625,-214.7867889404297,-257.2665405273437,873.5930786132812
100.95123291015624,-336.3675842285156,144.028564453125,112.15239715576172,-130.4668731689453,976.0302124023438,94.28585815429688,-240.71188354492188,503.7793884277344,190.8325958251953,-54.22163391113281,827.8833618164062,-133.8538055419922,123.9791488647461,150.43905639648438,-190.17491149902344,-97.26836395263672,986.2601928710938,-165.19976806640625,23.610496520996094,505.9486999511719,-213.74403381347656,-256.2425231933594,871.9058837890625
100.17017364501952,-341.9945983886719,144.2480926513672,112.86970520019533,-130.7745819091797,974.5518798828124,94.15676879882812,-239.9704742431641,502.2339172363281,191.2550506591797,-52.997108459472656,825.9422607421875,-133.7694549560547,132.90792846679688,151.34886169433594,-189.4246368408203,-96.65890502929688,984.7988891601562,-164.54925537109375,27.1870059967041,505.4964599609375,-212.8081970214844,-255.05799865722656,870.1783447265625
99.30577087402344,-345.8771667480469,144.35543823242188,113.61775970458984,-131.26690673828125,973.2014770507812,94.02493286132812,-239.5205078125,500.8277893066406,191.8450469970703,-51.99864196777344,824.0487670898438,-133.68075561523438,141.6618194580078,152.4083251953125,-188.64585876464844,-96.22834014892578,983.380859375,-163.74826049804688,30.34840202331543,505.0459289550781,-211.98033142089844,-253.70855712890625,868.4302368164062
98.39500427246094,-348.0521850585937,144.31922912597656,114.39584350585938,-131.94107055664062,972.0036010742188,93.89405059814452,-239.34988403320312,499.5827331542969,192.6098175048828,-51.23458862304688,822.2239379882812,-133.58888244628906,150.229736328125,153.63052368164062,-187.8383331298828,-95.98190307617188,982.0213012695312,-162.78689575195312,33.07830810546875,504.60687255859375,-211.26028442382807,-252.1899871826172,866.6815795898438
97.47675323486328,-348.5991516113281,144.12869262695312,115.20346069335938,-132.79136657714844,970.9808959960938,93.77212524414062,-239.4351501464844,498.5157775878906,193.55462646484372,-50.71357727050781,820.488525390625,-133.4943389892578,158.5967254638672,155.02877807617188,-187.0015563964844,-95.9237289428711,980.7349853515624,-161.66055297851562,35.3563117980957,504.1867065429688,-210.64669799804688,-250.4986267089844,864.9525146484375
96.58946228027344,-347.6366882324219,143.78990173339844,116.04029083251952,-133.80889892578125,970.1533813476562,93.67141723632812,-239.7438507080078,497.6395568847656,194.68251037597656,-50.444435119628906,818.8629760742188,-133.3969268798828,166.74200439453125,156.61685180664062,-186.1349639892578,-96.05636596679688,979.5355224609376,-160.37098693847656,37.1559944152832,503.7898864746094,-210.13706970214844,-248.6314849853516,863.2628173828125
95.7686767578125,-345.3163757324219,143.32052612304688,116.9061508178711,-134.9813690185547,969.5380859375,93.60833740234376,-240.23704528808597,496.9625854492188,195.994384765625,-50.436126708984375,817.3670043945312,-133.29588317871094,174.63719177246094,158.40921020507812,-185.23797607421875,-96.38011932373048,978.435546875,-158.927490234375,38.4437255859375,503.4175109863281,-209.72787475585935,-246.5864105224609,861.6315307617188
95.04462432861328,-341.8125915527344,142.74447631835938,117.80096435546876,-136.29307556152344,969.1486206054688,93.60306549072266,-240.87168884277344,496.4894409179688,197.4888610839844,-50.6976432800293,816.0194702148438,-133.1903533935547,182.24481201171875,160.4210205078125,-184.31007385253903,-96.89232635498048,977.44580078125,-157.347900390625,39.17860412597656,503.0676574707031,-209.41461181640625,-244.36231994628903,860.0767211914062
94.44032287597656,-337.3100891113281,142.08795166015625,118.72467803955078,-137.7249298095703,968.9940795898438,93.67886352539062,-241.60243225097656,496.2203369140625,199.16241455078125,-51.237884521484375,814.837890625,-133.0799102783203,189.51731872558597,162.66796875,-183.3509979248047,-97.58657836914062,976.5753173828124,-155.65927124023438,39.313594818115234,502.7355346679688,-209.19186401367188,-241.9593505859375,858.6149291992188
93.97034454345705,-331.990234375,141.37655639648438,119.67723083496094,-139.2548370361328,969.0792846679688,93.86116027832033,-242.38226318359372,496.1505432128906,201.00938415527344,-52.06551361083984,813.838134765625,-132.9652099609375,196.3965606689453,165.16600036621094,-182.36077880859372,-98.45201110839844,975.8307495117188,-153.8980712890625,38.79792022705078,502.4135437011719,-209.0533905029297,-239.3789825439453,857.260986328125
93.64019012451172,-326.0181579589844,140.63363647460938,120.65846252441406,-140.85809326171875,969.4036254882812,94.17605590820312,-243.16238403320312,496.2692260742188,203.0221405029297,-53.18878555297852,813.0341796875,-132.84837341308594,202.8140563964844,167.93093872070312,-181.33981323242188,-99.47265625,975.2163696289062,-152.10971069335938,37.58056640625,502.0912170410156,-208.9922637939453,-236.6241607666016,856.0276489257812
93.44651794433594,-319.53302001953125,139.87965393066406,121.66804504394533,-142.50802612304688,969.9615478515624,94.6483383178711,-243.89089965820312,496.5583190917969,205.1912078857422,-54.6153450012207,812.4376220703125,-132.7328338623047,208.6918182373047,170.9783172607422,-180.28887939453125,-100.626953125,974.73388671875,-150.34722900390625,35.61456298828125,501.7542419433594,-209.00091552734372,-233.69937133789065,854.9251098632812
93.37820434570312,-312.642822265625,139.13235473632812,122.7053451538086,-144.17666625976562,970.741943359375,95.29905700683594,-244.5112152099609,496.9915771484375,207.50547790527344,-56.35200500488281,812.0576171875,-132.6228485107422,213.94403076171875,174.322998046875,-179.2091522216797,-101.88755798339844,974.3821411132812,-148.66873168945312,32.86139678955078,501.38385009765625,-209.07125854492188,-230.6107635498047,853.9613037109375
93.41793823242188,-305.4239196777344,138.40673828125,123.76930236816406,-145.8354034423828,971.728759765625,96.1427230834961,-244.96031188964844,497.5347290039063,209.9523468017578,-58.40448760986328,811.9005126953125,-132.52267456054688,218.47935485839844,177.97897338867188,-178.10226440429688,-103.22135162353516,974.1572265625,-147.13372802734375,29.29509162902832,500.9565734863281,-209.19485473632807,-227.36605834960935,853.14111328125
93.54413604736328,-297.92364501953125,137.7147979736328,124.85832977294922,-147.45558166503906,972.9013061523438,97.18485260009766,-245.1680145263672,498.1470336914063,212.5178985595703,-60.77721405029297,811.9697265625,-132.43548583984375,222.2041015625,181.95835876464844,-176.97044372558594,-104.59011840820312,974.052734375,-145.7984161376953,24.905445098876957,500.4454956054688,-209.36297607421875,-223.9745330810547,852.4669799804688
93.73316192626952,-290.165771484375,137.06552124023438,125.97025299072266,-149.0089874267578,974.2352294921876,98.42015838623048,-245.05755615234372,498.7839965820313,215.1870880126953,-63.4730224609375,812.265869140625,-132.3623046875,225.0260467529297,186.26968383789065,-175.8166961669922,-105.95181274414062,974.06005859375,-144.71018981933594,19.700044631958008,499.822998046875,-209.5668487548828,-220.44696044921875,851.9384155273438
93.9615707397461,-282.1572570800781,136.46478271484375,127.10232543945312,-150.4682159423828,975.7034912109376,99.83216094970705,-244.54806518554688,499.4010314941406,217.94395446777344,-66.49298095703125,812.7864379882812,-132.3010711669922,226.85906982421875,190.91554260253903,-174.64491271972656,-107.26228332519533,974.1690673828124,-143.90248107910156,13.704803466796877,499.0651550292969,-209.79771423339844,-216.79537963867188,851.5525512695312
94.20821380615234,-273.8955993652344,135.91554260253906,128.25132751464844,-151.8069305419922,977.27734375,101.39425659179688,-243.5586853027344,499.9573669433594,220.7716827392578,-69.83615112304688,813.5264892578125,-132.24623107910156,227.6281280517578,195.88975524902344,-173.45986938476562,-108.47750854492188,974.3689575195312,-143.39053344726562,6.96293830871582,498.156982421875,-210.047119140625,-213.0329132080078,851.3043823242188
94.45579528808594,-265.3758239746094,135.41806030273438,129.41372680664062,-153.0001678466797,978.9279174804688,103.07218933105467,-242.0139312744141,500.419189453125,223.65286254882807,-73.49945831298828,814.478515625,-132.18875122070312,227.2747039794922,201.1745758056641,-172.26710510253906,-109.55590057373048,974.6489868164062,-143.1694793701172,-0.4674043655395508,497.097900390625,-210.30697631835935,-209.1734313964844,851.1868286132812
94.69154357910156,-256.5958557128906,134.9705047607422,130.58578491210938,-154.02455139160156,980.6270141601562,104.8274917602539,-239.8497009277344,500.7619934082031,226.56954956054688,-77.47755432128906,815.633056640625,-132.11688232421875,225.7618865966797,206.7387542724609,-171.0727081298828,-110.4605712890625,974.9994506835938,-143.21482849121094,-8.516504287719727,495.9057922363281,-210.5697784423828,-205.2314300537109,851.1915283203125
94.90731048583984,-247.5601043701172,134.5694580078125,131.76382446289062,-154.85874938964844,982.3480224609376,106.62139129638672,-237.0192108154297,500.9718017578125,229.50343322753903,-81.7627182006836,816.9788208007812,-132.0171356201172,223.07888793945312,212.53672790527344,-169.8829803466797,-111.1612319946289,975.41259765625,-143.48550415039062,-17.106958389282227,494.61920166015625,-210.8286895751953,-201.2216796875,851.30908203125
95.09908294677734,-238.28179931640625,134.2103729248047,132.94427490234375,-155.48397827148438,984.0667114257812,108.4182357788086,-233.4978485107422,501.0449523925781,232.4359588623047,-86.34483337402344,818.5036010742188,-131.8756561279297,219.2436370849609,218.50933837890625,-168.7040252685547,-111.6356430053711,975.8829345703124,-143.9286651611328,-26.15766143798828,493.296630859375,-211.07765197753903,-197.15902709960935,851.5293579101562
95.26622772216795,-228.78347778320312,133.88804626464844,134.12376403808594,-155.88453674316406,985.7612915039062,110.1881103515625,-229.2864227294922,500.9871215820313,235.34848022460935,-91.21131896972656,820.1943359375,-131.68006896972656,214.3031463623047,224.5857696533203,-167.54141235351562,-111.87053680419922,976.4077758789062,-144.48513793945312,-35.5875358581543,492.0134887695313,-211.3114318847656,-193.05812072753903,851.8419799804688
95.41053771972656,-219.0956115722656,133.59718322753906,135.29930114746094,-156.04832458496094,987.4127197265624,111.90797424316406,-224.4119415283203,500.8116149902344,238.22239685058597,-96.34720611572266,822.0377197265625,-131.42149353027344,208.3306427001953,230.6859436035156,-166.3998260498047,-111.86204528808594,976.9874877929688,-145.0951690673828,-45.3183479309082,490.856201171875,-211.5255126953125,-188.93321228027344,852.2365112304688
95.53519439697266,-209.25393676757807,133.33290100097656,136.46823120117188,-155.9672088623047,989.00439453125,113.561279296875,-218.92579650878903,500.5372924804688,241.03927612304688,-101.7352066040039,824.0205078125,-131.09625244140625,201.41958618164065,236.7225799560547,-165.28285217285156,-111.6155242919922,977.6249389648438,-145.70358276367188,-55.27630615234375,489.915283203125,-211.71612548828125,-184.7978515625,852.7025756835938
95.64379119873048,-199.296142578125,133.0911407470703,137.62844848632812,-155.63714599609375,990.5218505859376,115.13626861572266,-212.8992462158203,500.1860046386719,243.7810211181641,-107.35588073730467,826.130126953125,-130.70687866210938,193.6747283935547,242.60215759277344,-164.1928253173828,-111.1448211669922,978.3251342773438,-146.26400756835938,-65.39246368408203,489.27740478515625,-211.88003540039065,-180.66476440429688,853.230224609375
95.73948669433594,-189.258544921875,132.86883544921875,138.77828979492188,-155.05809020996094,991.952880859375,116.62344360351562,-206.41705322265625,499.78070068359375,246.43002319335935,-113.1878433227539,828.3546142578125,-130.26217651367188,185.2020721435547,248.22463989257807,-163.13092041015625,-110.47107696533205,979.0945434570312,-146.74147033691406,-75.6019515991211,489.0181579589844,-212.0144500732422,-176.54568481445312,853.8096923828125
95.8242645263672,-179.17323303222656,132.66415405273438,139.91661071777344,-154.23374938964844,993.2869873046876,118.01275634765624,-199.56979370117188,499.3434448242188,248.96934509277344,-119.2081069946289,830.68310546875,-129.77609252929688,176.09959411621094,253.48297119140625,-162.09725952148438,-109.62106323242188,979.9401245117188,-147.11328125,-85.84211730957031,489.196044921875,-212.11688232421875,-172.45118713378906,854.4315795898438
95.89862060546876,-169.06593322753906,132.476318359375,141.0426483154297,-153.17115783691406,994.5153198242188,119.29132080078124,-192.4460601806641,498.8940734863281,251.38282775878903,-125.39238739013672,833.1056518554688,-129.26580810546875,166.450927734375,258.2641296386719,-161.0911407470703,-108.62538146972656,980.8679809570312,-147.36802673339844,-96.05021667480467,489.8479919433594,-212.18490600585935,-168.39071655273438,855.0867309570312
95.96145629882812,-158.95509338378906,132.30548095703125,142.1558074951172,-151.88023376464844,995.63037109375,120.44242095947266,-185.1256103515625,498.44915771484375,253.6552581787109,-131.7154083251953,835.6134643554688,-128.74972534179688,156.32217407226562,262.4527587890625,-160.1114501953125,-107.51642608642578,981.8826904296876,-147.5039825439453,-106.16201782226562,490.9869995117188,-212.2161407470703,-164.37246704101562,855.7661743164062
96.01041412353516,-148.8522186279297,132.1524200439453,143.25550842285156,-150.3732452392578,996.6259765625,121.44644165039062,-177.67428588867188,498.0213317871094,255.77247619628903,-138.1511688232422,838.1986694335938,-128.2459259033203,145.76168823242188,265.9371032714844,-159.1569366455078,-106.3265609741211,982.9856567382812,-147.52696228027344,-116.11183166503906,492.6014404296875,-212.2080993652344,-160.4034881591797,856.4609375
96.04239654541016,-138.76309204101562,132.0182342529297,144.34095764160156,-148.66433715820312,997.4969482421876,122.28380584716795,-170.14102172851562,497.61920166015625,257.72149658203125,-144.67320251464844,840.8541259765625,-127.77120971679688,134.8021697998047,268.615966796875,-158.22665405273438,-105.0863800048828,984.1747436523438,-147.44747924804688,-125.83399200439452,494.6567687988281,-212.158203125,-156.48971557617188,857.1618041992188
96.05418395996094,-128.6891326904297,131.90408325195312,145.41094970703125,-146.7692413330078,998.239013671875,122.93949127197266,-162.55686950683594,497.2474365234375,259.49053955078125,-151.25482177734375,843.5733642578125,-127.34056091308594,123.46403503417967,270.4055480957031,-157.3201904296875,-103.82339477539062,985.4434204101562,-147.2777099609375,-135.26510620117188,497.0987548828125,-212.0638427734375,-152.6360626220703,857.8594970703125
96.04304504394533,-118.6287841796875,131.81088256835938,146.46376037597656,-144.70497131347656,998.8489990234376,123.4078369140625,-154.9360809326172,496.9072570800781,261.0691833496094,-157.869384765625,846.35009765625,-126.96624755859376,111.75980377197266,271.2449035644531,-156.43783569335938,-102.56102752685548,986.780517578125,-147.0281982421875,-144.34669494628906,499.8587341308594,-211.9225006103516,-148.8466033935547,858.5443725585938
96.00724792480467,-108.57869720458984,131.7392120361328,147.4969940185547,-142.48963928222656,999.324462890625,123.69580078125,-147.2794189453125,496.5972595214844,262.44830322265625,-164.4904327392578,849.1781005859375,-126.65682220458984,99.69831085205078,271.09942626953125,-155.58071899414062,-101.3180160522461,988.17041015625,-146.70521545410156,-153.02711486816406,502.8592834472656,-211.7318878173828,-145.12466430664062,859.2064208984375
95.94629669189452,-98.534912109375,131.68923950195312,148.50753784179688,-140.14208984375,999.6641845703124,123.8235321044922,-139.57913208007812,496.3138122558594,263.6201477050781,-171.09197998046875,852.0507202148438,-126.41609954833984,87.28802490234375,269.96197509765625,-154.75074768066406,-100.10820770263672,989.5935668945312,-146.3090362548828,-161.26251220703125,506.0206298828125,-211.49017333984372,-141.47300720214844,859.8352661132812
95.8609619140625,-88.49371337890625,131.6606903076172,149.49148559570312,-137.6814727783203,999.8677978515624,123.8216552734375,-131.8246612548828,496.0517883300781,264.5783996582031,-177.6486053466797,854.9608154296875,-126.24300384521484,74.53829193115234,267.8515930175781,-153.95042419433594,-98.94068145751952,991.0271606445312,-145.83358764648438,-169.01661682128906,509.2659606933594,-211.1962127685547,-137.89401245117188,860.4203491210938
95.75304412841795,-78.45232391357422,131.6529541015625,150.4442901611328,-135.12680053710938,999.93603515625,123.72638702392578,-124.00794219970705,495.8049926757813,265.31805419921875,-184.13560485839844,857.9002075195312,-126.13268280029295,61.4581298828125,264.8106384277344,-153.18276977539062,-97.82005310058594,992.4461059570312,-145.26747131347656,-176.2601318359375,512.5252685546875,-210.84971618652344,-134.3897705078125,860.9508666992188
95.62498474121094,-68.4091796875,131.66502380371094,151.36085510253906,-132.4966583251953,999.8707275390624,123.57396697998048,-116.12723541259766,495.5666198730469,265.8356018066406,-190.52915954589844,860.859619140625,-126.07860565185548,48.05306625366211,260.9007873535156,-152.45106506347656,-96.7470932006836,993.8241577148438,-144.5965118408203,-182.97003173828125,515.736572265625,-210.4514923095703,-130.96221923828125,861.416015625
95.47947692871094,-58.36398315429688,131.6953887939453,152.23582458496094,-129.80908203125,999.6744995117188,123.39594268798828,-108.18917083740234,495.3297729492188,266.1288452148437,-196.806396484375,863.8286743164062,-126.07526397705078,34.32107925415039,256.1991271972656,-151.7586669921875,-95.71934509277344,995.1348266601562,-143.80723571777344,-189.1291961669922,518.8449096679688,-210.0035858154297,-127.61325073242188,861.80517578125
95.3191375732422,-48.31753921508789,131.7420196533203,153.06375122070312,-127.08155822753906,999.35107421875,123.2160186767578,-100.20934295654295,495.0874938964844,266.1970520019531,-202.94558715820312,866.79541015625,-126.11994171142578,20.249845504760746,250.79478454589844,-151.10887145996094,-94.73188018798828,996.3522338867188,-142.8900604248047,-194.7252197265625,521.8007202148438,-209.5094146728516,-124.34481811523438,862.108154296875
95.1462631225586,-38.27130126953125,131.80221557617188,153.83944702148438,-124.33116149902344,998.9048461914062,123.04875183105467,-92.2119140625,494.8330993652344,266.0409240722656,-208.92616271972656,869.74658203125,-126.21317291259766,5.816542148590088,244.78689575195312,-150.5048065185547,-93.77800750732422,997.4521484375,-141.8416290283203,-199.74905395507807,524.5574951171875,-208.97378540039065,-121.15894317626952,862.3153686523438
94.96277618408205,-28.22684097290039,131.87249755859375,154.5582275390625,-121.5746841430664,998.3409423828124,122.90001678466795,-84.22805786132812,494.5602111816406,265.6626892089844,-214.7288818359375,872.6673583984375,-126.35761260986328,-9.00915241241455,238.28317260742188,-149.94927978515625,-92.8500518798828,998.4122314453124,-140.6664276123047,-204.19407653808597,527.0706176757812,-208.40293884277344,-118.05777740478516,862.4180297851562
94.77017211914062,-18.18552589416504,131.94851684570312,155.21609497070312,-118.82877349853516,997.6649780273438,122.76879119873048,-76.29325866699219,494.2630310058594,265.0660705566406,-220.33583068847656,875.541748046875,-126.55599975585938,-24.259477615356445,231.3990020751953,-149.44483947753906,-91.94007110595705,999.2129516601562,-139.3772735595703,-208.0558624267578,529.2972412109375,-207.8044586181641,-115.04360961914062,862.4085083007812
94.5696029663086,-8.14864730834961,132.025390625,155.81002807617188,-116.10995483398438,996.8831176757812,122.6497039794922,-68.4437255859375,493.9367065429688,264.2563171386719,-225.73048400878903,878.3525390625,-126.80909729003906,-39.96193313598633,224.2563934326172,-148.99363708496094,-91.0405731201172,999.8375244140624,-137.99484252929688,-211.33241271972656,531.1973876953125,-207.1871795654297,-112.11890411376952,862.2803955078125
94.36215209960938,1.8824375867843628,132.09808349609375,156.338134765625,-113.43457794189452,996.0018920898438,122.53577423095705,-60.71274185180664,493.5777282714844,263.24041748046875,-230.897705078125,881.08154296875,-127.11409759521484,-56.13298034667969,216.9822998046875,-148.59742736816406,-90.14517211914062,1000.2725830078124,-136.54638671875,-214.02487182617188,532.7355346679688,-206.56103515625,-109.28627014160156,862.0286254882812
94.14917755126952,11.906352996826172,132.16212463378906,156.7996826171875,-110.81861877441406,995.028076171875,122.42079162597656,-53.12769317626953,493.1841735839844,262.0268249511719,-235.8238220214844,883.7096557617188,-127.46332550048828,-72.77300262451172,209.706298828125,-148.2575225830078,-89.24919891357422,1000.508056640625,-135.06419372558594,-216.13821411132807,533.8826293945312,-205.93687438964844,-106.5484848022461,861.6497802734375
93.9325714111328,21.921688079833984,132.21401977539062,157.19532775878906,-108.27751922607422,993.9685668945312,122.30095672607422,-45.70808792114258,492.7559509277344,260.62567138671875,-240.49659729003903,886.2174072265625,-127.8433074951172,-89.8629379272461,202.5576019287109,-147.97471618652344,-88.35020446777344,1000.5377807617188,-133.58349609375,-217.6820526123047,534.617919921875,-205.32618713378903,-103.90847778320312,861.141845703125
93.71490478515624,31.926912307739254,132.25172424316406,157.5270233154297,-105.82603454589844,992.8304443359376,122.17570495605467,-38.46489334106445,492.2948303222656,259.0487060546875,-244.9052581787109,888.5848999023438,-128.23460388183594,-107.36246490478516,195.661865234375,-147.74920654296875,-87.44837188720703,1000.359130859375,-132.1405792236328,-218.6714630126953,534.9302368164062,-204.740966796875,-101.36932373046876,860.504638671875
93.49942779541016,41.92018508911133,132.2751007080078,157.7980499267578,-103.4780731201172,991.6205444335938,122.04769134521484,-31.401596069335938,491.8043212890625,257.3090515136719,-249.0404815673828,890.7924194335938,-128.6123046875,-125.20899200439452,189.1376037597656,-147.58050537109375,-86.54676055908203,999.9734497070312,-130.7705841064453,-219.1274871826172,534.8192749023438,-204.19338989257807,-98.93424987792967,859.739501953125
93.28997039794922,51.89904022216797,132.28627014160156,158.0126953125,-101.2465362548828,990.345703125,121.92227172851562,-24.516414642333984,491.289306640625,255.4213714599609,-252.89427185058597,892.8204345703125,-128.94732666015625,-143.31690979003906,183.0922698974609,-147.4674835205078,-85.65142059326172,999.3861694335938,-129.50559997558594,-219.0777587890625,534.296142578125,-203.69566345214844,-96.6065902709961,858.8495483398438
93.09074401855467,61.85991668701172,132.2898406982422,158.176025390625,-99.14315795898438,989.0126953125,121.8068618774414,-17.80484390258789,490.7558288574219,253.40151977539065,-256.46002197265625,894.6502075195312,-129.2081298828125,-161.57676696777344,177.61813354492188,-147.40835571289062,-84.77131652832031,998.6062622070312,-128.3726806640625,-218.5568084716797,533.3833618164062,-203.25970458984372,-94.38973236083984,857.83935546875
92.90645599365234,71.79759216308594,132.29310607910156,158.2933807373047,-97.17842864990234,987.62841796875,121.71012878417967,-11.262320518493652,490.2105102539063,251.2665557861328,-259.7322082519531,896.263916015625,-129.36264038085938,-179.85511779785156,172.78810119628906,-147.40078735351562,-83.91816711425781,997.6466064453124,-127.39212799072266,-217.606689453125,532.1141357421875,-202.8970184326172,-92.2871551513672,856.715087890625
92.74250030517578,81.70471954345703,132.30604553222656,158.36996459960938,-95.36155700683594,986.19970703125,121.6409912109375,-4.886799335479736,489.66015625,249.0345458984375,-262.7065124511719,897.6451416015625,-129.37994384765625,-197.9951171875,168.65206909179688,-147.44207763671875,-83.1061019897461,996.5234985351562,-126.5758056640625,-216.277587890625,530.53076171875,-202.61846923828125,-90.30236053466795,855.484375
92.60523986816406,91.57144927978516,132.34120178222656,158.41041564941406,-93.70059967041016,984.7338256835938,121.60751342773438,1.3192561864852903,489.11138916015625,246.724365234375,-265.37939453125,898.7789916992188,-129.23158264160156,-215.8193817138672,165.23399353027344,-147.52932739257812,-82.35125732421875,995.2564697265624,-125.92595672607422,-214.62843322753903,528.6824340820312,-202.4340362548828,-88.43888854980469,854.1563110351562
92.50174713134766,101.38533782958984,132.4129638671875,158.41836547851562,-92.20262145996094,983.2383422851562,121.61579895019533,7.34771728515625,488.5701293945313,244.3555603027344,-267.7481384277344,899.6527709960938,-128.89254760742188,-233.1348419189453,162.53025817871094,-147.6597137451172,-81.67132568359375,993.8677368164062,-125.43468475341795,-212.7268218994141,526.62255859375,-202.35272216796875,-86.70034790039062,852.7412109375
92.43877410888672,111.13182830810548,132.53663635253906,158.3961944580078,-90.87400817871094,981.72119140625,121.6689682006836,13.18439769744873,488.0413818359375,241.94813537597656,-269.8104858398437,900.2557983398438,-128.34205627441406,-249.73904418945312,160.50962829589844,-147.83065795898438,-81.08502960205078,992.3821411132812,-125.08413696289062,-210.6485748291016,524.4063720703125,-202.3824157714844,-85.09038543701172,851.2509155273438
92.42152404785156,120.79525756835938,132.72756958007812,158.34481811523438,-89.72077941894531,980.1910400390624,121.76615142822266,18.80934715270996,487.5291137695313,239.5223846435547,-271.5646057128906,900.5799560546875,-127.56428527832033,-265.4276428222656,159.11492919921875,-148.0399169921875,-80.61164093017578,990.826171875,-124.8475341796875,-208.47653198242188,522.0889282226562,-202.5297088623047,-83.6127700805664,849.6981811523438
92.45265197753906,130.3596954345703,133.0006866455078,158.26358032226562,-88.74889373779297,978.6568603515624,121.90176391601562,24.197729110717773,487.0361633300781,237.09873962402344,-273.0087890625,900.6199340820312,-126.54914093017578,-280.0030212402344,158.2665252685547,-148.28562927246094,-80.27044677734375,989.2278442382812,-124.69071197509766,-206.2985076904297,519.7244262695312,-202.7998809814453,-82.2713851928711,848.0970458984375
92.5316925048828,139.8096160888672,133.37060546875,158.15032958984375,-87.9645767211914,977.1281127929688,122.0649871826172,29.321121215820312,486.5641784667969,234.69749450683597,-274.1413269042969,900.3732299804688,-125.29326629638672,-293.28350830078125,157.8673553466797,-148.56626892089844,-80.0802993774414,987.6156616210938,-124.5743179321289,-204.20431518554688,517.365966796875,-203.19680786132807,-81.07024383544922,846.4625244140625
92.65489196777344,149.13023376464844,133.85191345214844,158.0015869140625,-87.37448120117188,975.61474609375,122.23956298828124,34.14899063110352,486.1135864257813,232.33865356445312,-274.9604187011719,899.8403930664062,-123.8001480102539,-305.1112365722656,157.80967712402344,-148.88043212890625,-80.05912017822266,986.0181884765624,-124.45636749267578,-202.2817840576172,515.0650634765625,-203.72288513183597,-80.01356506347656,844.8104248046875
92.81531524658205,158.30783081054688,134.4595184326172,157.8130645751953,-86.98562622070312,974.126953125,122.40415954589844,38.65011215209961,485.6837158203125,230.04171752929688,-275.4641418457031,899.0250244140625,-122.07917022705078,-315.35809326171875,157.98272705078125,-149.22683715820312,-80.22345733642578,984.4635009765624,-124.2952651977539,-200.6121063232422,512.8704223632812,-204.3790283203125,-79.10577392578125,843.157470703125
93.0034408569336,167.3297119140625,135.20892333984375,157.58006286621094,-86.8050765991211,972.67529296875,122.53328704833984,42.79368209838867,485.2730407714844,227.8254852294922,-275.6502685546875,897.9337768554688,-120.14429473876952,-323.93035888671875,158.2801971435547,-149.60401916503906,-80.58793640136719,982.978271484375,-124.05300903320312,-199.2646942138672,510.8265075683594,-205.1646270751953,-78.35152435302734,841.520751953125
93.20790100097656,176.18414306640625,136.11630249023438,157.2980499267578,-86.8393783569336,971.270751953125,122.5990982055664,46.54984664916992,484.8792419433594,225.70782470703125,-275.516357421875,896.576416015625,-118.01372528076172,-330.7731018066406,158.60716247558594,-150.01034545898438,-81.16480255126953,981.5875854492188,-123.6982421875,-198.29266357421875,508.9713439941406,-206.0775909423828,-77.7557144165039,839.9178466796875
93.41648864746094,184.8596649169922,137.19845581054688,156.96310424804688,-87.09386444091797,969.9246215820312,122.57394409179688,49.88975524902344,484.49945068359375,223.70545959472656,-275.0597839355469,894.9656982421875,-115.71080017089844,-335.874755859375,158.8856658935547,-150.44386291503906,-81.96324920654297,980.3143310546876,-123.2088851928711,-197.7292633056641,507.3351135253906,-207.11427307128903,-77.323486328125,838.3663330078125
93.61724090576172,193.3443145751953,138.4726104736328,156.57244873046875,-87.57172393798828,968.648193359375,122.4337387084961,52.78497695922852,484.1303405761719,221.833740234375,-274.2777709960937,893.1171264648438,-113.26554870605467,-339.27032470703125,159.05856323242188,-150.90228271484375,-82.98883056640625,979.1791381835938,-122.57416534423828,-197.5860290527344,505.9391174316406,-208.2695770263672,-77.06024169921875,836.8837280273438
93.79949188232422,201.62432861328125,139.95602416992188,156.12478637695312,-88.27318572998047,967.4526977539062,122.16163635253906,55.206581115722656,483.7680358886719,220.1063995361328,-273.1675109863281,891.0487670898438,-110.71625518798828,-341.0419921875,159.09068298339844,-151.38307189941406,-84.24275207519531,978.199951171875,-121.7958984375,-197.85275268554688,504.7954406738281,-209.53689575195312,-76.97156524658203,835.4869995117188
93.9548568725586,209.68292236328125,141.66567993164062,155.62030029296875,-89.19474792480469,966.3489990234376,121.75177001953124,57.12389755249024,483.4081115722656,218.53538513183597,-271.72625732421875,888.7813110351562,-108.11022186279295,-341.31597900390625,158.9674072265625,-151.8834228515625,-85.72120666503906,977.3922119140624,-120.88908386230467,-198.4994964599609,503.907470703125,-210.9082489013672,-77.06321716308594,834.1927490234375
94.078125,217.4989776611328,143.61776733398438,155.06063842773438,-90.3287582397461,965.3471069335938,121.21233367919922,58.50331115722656,483.0457153320313,217.1305084228516,-269.9515380859375,886.33740234375,-105.50348663330078,-340.2547607421875,158.69065856933594,-152.4004364013672,-87.41488647460938,976.768310546875,-119.8817138671875,-199.480712890625,503.2711486816406,-212.37435913085935,-77.34105682373047,833.0162963867188
94.1683578491211,225.0455322265625,145.82752990722656,154.44859313964844,-91.6630630493164,964.4559326171876,120.56755828857422,59.30747985839844,482.6753234863281,215.8994140625,-267.8412780761719,883.7415161132812,-102.9590301513672,-338.0450439453125,158.2732696533203,-152.9312286376953,-89.30859375,976.337890625,-118.81353759765624,-200.74050903320312,502.8766479492188,-213.9246368408203,-77.81094360351562,831.9720458984375
94.23065948486328,232.28819274902344,148.30960083007812,153.78782653808594,-93.18092346191406,963.6830444335938,119.85779571533205,59.49542999267578,482.2903137207031,214.8472442626953,-265.3939514160156,881.0197143554688,-100.54347229003906,-334.8822937011719,157.73385620117188,-153.47305297851562,-91.3812255859375,976.107421875,-117.73377227783205,-202.2183837890625,502.7099609375,-215.5474548339844,-78.47864532470703,831.072998046875
94.27792358398438,239.1832427978516,151.07786560058594,153.08265686035156,-94.86099243164062,963.0342407226562,119.13752746582033,59.02383041381836,481.8826904296875,213.9766082763672,-262.60894775390625,878.1993408203125,-98.32241821289062,-330.95416259765625,157.09335327148438,-154.02354431152344,-93.60611724853516,976.0800170898438,-116.69792938232422,-203.85423278808597,502.7537841796875,-217.23019409179688,-79.3497314453125,830.3305053710938
94.3319320678711,245.67620849609372,154.144775390625,152.33792114257812,-96.67738342285156,962.5135498046876,118.47185516357422,57.84914016723633,481.4422912597656,213.28753662109372,-259.4867858886719,875.308349609375,-96.35499572753906,-326.4256591796875,156.37326049804688,-154.58074951171875,-95.95173645019533,976.25537109375,-115.7637939453125,-205.5917816162109,502.98736572265625,-218.95948791503903,-80.42942810058594,829.754150390625
94.42296600341795,251.7010498046875,157.52049255371094,151.55892944335938,-98.5999526977539,962.1227416992188,117.93162536621094,55.93029022216797,480.9566040039063,212.77735900878903,-256.0293273925781,872.375244140625,-94.68859100341795,-321.4286193847656,155.5944366455078,-155.14337158203125,-98.38284301757812,976.62939453125,-114.9871597290039,-207.37950134277344,503.38580322265625,-220.7213287353516,-81.72249603271484,829.3517456054688
94.58776092529295,257.18072509765625,161.21234130859375,150.7513427734375,-100.59479522705078,961.8614501953124,117.58761596679688,53.231719970703125,480.4107055664063,212.44091796875,-252.24020385742188,869.428466796875,-93.35404205322266,-316.0572509765625,154.77687072753906,-155.7108154296875,-100.86183166503906,977.1945190429688,-114.41737365722656,-209.16921997070312,503.9186096191406,-222.50135803222656,-83.23307037353516,829.1289672851562
94.86589050292967,262.0285949707031,165.2244415283203,149.92111206054688,-102.6249771118164,961.7271728515624,117.5041046142578,49.72647476196289,479.7879333496094,212.27061462402344,-248.12489318847656,866.4961547851562,-92.3620834350586,-310.3696594238281,153.93948364257812,-156.28317260742188,-103.35010528564452,977.9396362304688,-114.09320068359376,-210.91226196289065,504.5491027832031,-224.28501892089844,-84.9645004272461,829.089599609375
95.2954330444336,266.1504821777344,169.5569305419922,149.0742950439453,-104.65164184570312,961.7154541015624,117.73271942138672,45.39895248413086,479.07135009765625,212.25665283203125,-243.6910552978516,863.6056518554688,-91.7022705078125,-304.3935241699219,153.10020446777344,-156.861083984375,-105.80918884277344,978.8504638671876,-114.03941345214844,-212.5546722412109,505.2350158691406,-226.0577087402344,-86.919189453125,829.2351684570312
95.90867614746094,269.44732666015625,174.20460510253906,148.2168426513672,-106.63520050048828,961.8203125,118.30733489990234,40.246952056884766,478.2461853027344,212.3872985839844,-238.9486083984375,860.7830810546875,-91.34512329101562,-298.1333923339844,152.2758026123047,-157.4456024169922,-108.2016830444336,979.9100952148438,-114.264404296875,-214.03277587890625,505.93109130859375,-227.80496215820312,-89.09842681884766,829.565185546875
96.72836303710938,271.8187255859375,179.15516662597656,147.3543243408203,-108.53681182861328,962.034912109375,119.24114990234376,34.28264617919922,477.30316162109375,212.6492462158203,-233.9097900390625,858.0533447265625,-91.2468032836914,-291.5780639648437,151.48159790039062,-158.03799438476562,-110.491943359375,981.099609375,-114.7592544555664,-215.27056884765625,506.5931701660156,-229.5125274658203,-91.5022201538086,830.0772705078125
97.7647933959961,273.1670227050781,184.38705444335935,146.49168395996094,-110.31985473632812,962.3521728515624,120.52626037597656,27.53244400024414,476.2419128417969,213.02789306640625,-228.58914184570312,855.4395141601562,-91.35525512695312,-284.7076416015625,150.73094177246094,-158.63954162597656,-112.64655303955078,982.3984985351562,-115.49870300292967,-216.18002319335935,507.1824340820313,-231.16653442382807,-94.129150390625,830.7671508789062
99.01432800292967,273.40283203125,189.8672790527344,145.63304138183594,-111.9513931274414,962.7657470703124,122.13556671142578,20.03608512878418,475.0742492675781,213.5077667236328,-223.00338745117188,852.9628295898438,-91.61641693115234,-277.4996032714844,150.0348358154297,-159.25152587890625,-114.63459777832033,983.7857055664062,-116.44386291503906,-216.66461181640625,507.66900634765625,-232.7534637451172,-96.97623443603516,831.6288452148438
100.45922088623048,272.4512939453125,195.550048828125,144.7815704345703,-113.40351104736328,963.2703247070312,124.02587127685548,11.845463752746582,473.82611083984375,214.07290649414065,-217.17123413085935,850.6422119140625,-91.9793701171875,-269.9346008300781,149.40147399902344,-159.87501525878906,-116.42771911621094,985.2400512695312,-117.54642486572266,-216.62545776367188,508.0342102050781,-234.26028442382807,-100.03887939453124,832.6552124023438
102.06906127929688,270.2595520019531,201.3766021728516,143.93946838378906,-114.65438079833984,963.8623657226562,126.14167022705078,3.0233216285705566,472.5378723144531,214.7072296142578,-211.1131896972656,848.4945068359375,-92.39962768554688,-262.00103759765625,148.83616638183594,-160.51092529296875,-118.00019073486328,986.740966796875,-118.75344848632812,-215.9687957763672,508.2712707519531,-235.67446899414065,-103.310791015625,833.8380126953125
103.80329895019533,266.80419921875,207.2769317626953,143.1079864501953,-115.68914031982422,964.5401611328124,128.4192657470703,-6.358373641967773,471.26318359375,215.39486694335935,-204.85118103027344,846.5338134765625,-92.8406982421875,-253.6986083984375,148.34127807617188,-161.15994262695312,-119.3290786743164,988.2686767578124,-120.01226806640624,-214.61355590820312,508.3847351074219,-236.98399353027344,-106.78401947021484,835.1680297851562
105.61455535888672,262.0973205566406,213.1735382080078,142.28736877441406,-116.50045013427734,965.3038940429688,130.79098510742188,-16.22037124633789,470.0660705566406,216.1204833984375,-198.4083709716797,844.7718505859375,-93.27444458007812,-245.0405120849609,147.91632080078125,-161.82252502441406,-120.3944320678711,989.804931640625,-121.27518463134766,-212.49826049804688,508.3883056640625,-238.17747497558597,-110.44898223876952,836.6359252929688
107.45245361328124,256.18927001953125,218.98629760742188,141.47703552246094,-117.08879852294922,966.1554565429688,133.18911743164062,-26.478351593017575,469.0173034667969,216.86959838867188,-191.8087310791016,843.217529296875,-93.68096160888672,-236.0536346435547,147.55810546875,-162.49893188476562,-121.17958068847656,991.3330078125,-122.50325012207033,-209.5867919921875,508.3017272949219,-239.24411010742188,-114.29450225830078,838.2318725585938
109.26761627197266,249.16717529296875,224.6371917724609,140.67544555664062,-117.46243286132812,967.09765625,135.54934692382812,-37.04532623291016,468.1901245117188,217.62875366210935,-185.07667541503903,841.8768920898438,-94.04808044433594,-226.7763671875,147.2611541748047,-163.18914794921875,-121.67140197753906,992.8379516601562,-123.66880798339844,-205.8721923828125,508.1473693847656,-240.17384338378903,-118.30791473388672,839.9461669921875
111.01525115966795,241.14907836914065,230.05307006835935,139.88026428222656,-117.63675689697266,968.134033203125,137.81375122070312,-47.834083557128906,467.6556091308594,218.3856964111328,-178.23683166503906,840.7530517578125,-94.37052154541016,-217.2548370361328,147.01829528808594,-163.8927764892578,-121.86066436767578,994.3065185546876,-124.75636291503906,-201.37815856933597,507.9469299316406,-240.9573974609375,-122.4751968383789,841.769287109375
112.6578140258789,232.27394104003903,235.16612243652344,139.0885772705078,-117.63323211669922,969.267578125,139.9329833984375,-58.75943374633789,467.4781494140625,219.12945556640625,-171.31362915039062,839.8462524414062,-94.64860534667967,-207.53843688964844,146.82147216796875,-164.60888671875,-121.7423095703125,995.7274169921876,-125.76181030273438,-196.15733337402344,507.7190246582031,-241.5863037109375,-126.78111267089844,843.69189453125
114.16642761230467,222.6891632080078,239.91192626953125,138.29736328125,-117.4777603149414,970.5004272460938,141.86761474609375,-69.74006652832031,467.7113037109375,219.85040283203125,-164.3311004638672,839.153564453125,-94.88677215576172,-197.67581176757807,146.66253662109375,-165.3358612060547,-121.31575775146484,997.0908813476562,-126.69023895263672,-190.28663635253903,507.47796630859375,-242.052978515625,-131.20941162109375,845.705078125
115.52073669433594,212.5368194580078,244.22645568847656,137.50405883789062,-117.19876098632812,971.832763671875,143.5885009765625,-80.6998062133789,468.3941345214844,220.54022216796875,-157.31263732910156,838.6690673828125,-95.0920181274414,-187.7115173339844,146.53404235839844,-166.07119750976562,-120.58515167236328,998.3890380859376,-127.5528335571289,-183.8599395751953,507.2341003417969,-242.35079956054688,-135.74302673339844,847.800048828125
116.70767211914062,201.9409942626953,248.04379272460935,136.7071533203125,-116.82503509521484,973.2621459960938,145.076171875,-91.56832885742188,469.5485534667969,221.1918182373047,-150.28086853027344,838.3837890625,-95.27261352539062,-177.68394470214844,146.4298095703125,-166.811279296875,-119.55951690673828,999.6151733398438,-128.36338806152344,-176.97927856445312,506.9945983886719,-242.47409057617188,-140.36424255371094,849.968505859375
117.7198257446289,190.99806213378903,251.29534912109372,135.9068603515625,-116.38355255126952,974.78271484375,146.31910705566406,-102.28143310546876,471.177734375,221.7993011474609,-143.2574920654297,838.28564453125,-95.43692016601562,-167.62423706054688,146.34515380859375,-167.55130004882812,-118.25286865234376,1000.7642822265624,-129.13487243652344,-169.74563598632812,506.7650451660156,-242.41818237304688,-145.0549774169922,852.2020263671875
118.55449676513672,179.77133178710938,253.9110870361328,135.1055450439453,-115.89742279052734,976.38525390625,147.3115234375,-112.78099060058594,473.2659606933594,222.35777282714844,-136.2632293701172,838.35986328125,-95.59246826171876,-157.55601501464844,146.27676391601562,-168.28512573242188,-116.68414306640624,1001.8320922851562,-129.87681579589844,-162.2509002685547,506.5506591796875,-242.1794586181641,-149.79693603515625,854.4923706054688
119.21380615234376,168.290771484375,255.8224639892578,134.3079376220703,-115.38452911376952,978.0563354492188,148.0509033203125,-123.01453399658205,475.7793273925781,222.8633270263672,-129.31773376464844,838.5888061523438,-95.7453384399414,-147.4956817626953,146.2224884033203,-169.0054473876953,-114.87693786621094,1002.8154296875,-130.59376525878906,-154.5721435546875,506.357421875,-241.75537109375,-154.57183837890625,856.8311767578125
119.70590209960938,156.55674743652344,256.9661865234375,133.52102661132812,-114.85681915283205,979.7788696289062,148.5359344482422,-132.93490600585938,478.6681213378906,223.3128204345703,-122.43965911865234,838.952392578125,-95.89989471435548,-137.45298767089844,146.18084716796875,-169.70388793945312,-112.85895538330078,1003.7113647460938,-131.28518676757812,-146.76846313476562,506.1921691894531,-241.14447021484372,-159.36158752441406,859.209716796875
120.04621887207033,144.54673767089844,257.2881164550781,132.7537078857422,-114.3203353881836,981.5322265625,148.7651824951172,-142.50027465820312,481.8700256347656,223.7039031982422,-115.64662170410156,839.4284057617188,-96.058837890625,-127.4320297241211,146.15078735351562,-170.371337890625,-110.66114807128906,1004.5175170898438,-131.94677734375,-138.88067626953125,506.0624084472656,-240.3463897705078,-164.1484375,861.6189575195312
120.25724792480467,132.22286987304688,256.746337890625,132.01600646972656,-113.77581024169922,983.29248046875,148.73646545410156,-151.67433166503906,485.3138732910156,224.03477478027344,-108.95525360107422,839.9927978515625,-96.2235107421875,-117.43270111083984,146.13140869140625,-170.99826049804688,-108.31681823730467,1005.2312622070312,-132.5725860595703,-130.9332275390625,505.9752197265625,-239.3619537353516,-168.9151611328125,864.0491943359375
120.36759185791016,119.53875732421876,255.3140563964844,131.318359375,-113.2197265625,985.0331420898438,148.44728088378906,-160.4259796142578,488.924072265625,224.3042449951172,-102.3812255859375,840.6200561523438,-96.3943328857422,-107.45206451416016,146.1216583251953,-171.5751495361328,-105.86044311523438,1005.8500366210938,-133.15750122070312,-122.93806457519533,505.9360961914063,-238.1930694580078,-173.6451873779297,866.489990234375
120.41073608398438,106.4445571899414,252.98239135742188,130.67074584960938,-112.64550018310548,986.7258911132812,147.895751953125,-168.7285919189453,492.6244812011719,224.5116424560547,-95.9392547607422,841.2838134765625,-96.57108306884766,-97.48553466796876,146.1203155517578,-172.09291076660156,-103.32647705078124,1006.3711547851562,-133.6988067626953,-114.8992919921875,505.9474792480469,-236.84280395507807,-178.3226776123047,868.93017578125
120.42351531982422,92.89118957519533,249.76324462890625,130.08230590820312,-112.0447006225586,988.3417358398438,147.08209228515625,-176.55905151367188,496.3418273925781,224.6567840576172,-89.64305114746094,841.9572143554688,-96.75309753417967,-87.52778625488281,146.12594604492188,-172.54324340820312,-100.7481460571289,1006.791748046875,-134.1968536376953,-106.81775665283205,506.008056640625,-235.3153839111328,-182.93263244628903,871.357666015625
120.44393920898438,78.8332748413086,245.6910552978516,129.5609130859375,-111.40833282470705,989.8519287109376,146.01022338867188,-183.89671325683597,500.0082092285156,224.74002075195312,-83.50531005859375,842.6134643554688,-96.93931579589844,-77.57352447509766,146.13705444335938,-172.91909790039062,-98.15628051757812,1007.10888671875,-134.65451049804688,-98.69463348388672,506.1125793457031,-233.6161651611328,-187.4608612060547,873.759521484375
120.5083236694336,64.23108673095703,240.8233337402344,129.11289978027344,-110.72815704345705,991.2286987304688,144.68951416015625,-190.72259521484372,503.5625,224.7622528076172,-77.53771209716797,843.2263793945312,-97.12826538085938,-67.6181411743164,146.1522674560547,-173.2148895263672,-95.57855224609376,1007.3197631835938,-135.07615661621094,-90.53368377685548,506.252685546875,-231.7516326904297,-191.8940277099609,876.1217651367188
120.6483154296875,49.05216979980469,235.24020385742188,128.7427978515625,-109.99795532226562,992.4461669921876,143.13616943359375,-197.0190277099609,506.9507446289063,224.72503662109372,-71.75092315673828,843.77099609375,-97.3180694580078,-57.65810394287109,146.1705322265625,-173.42684936523438,-93.03887939453124,1007.4215698242188,-135.46620178222656,-82.3421401977539,506.41790771484375,-229.7294769287109,-196.2195281982422,878.4297485351562
120.8882064819336,33.272979736328125,229.0426483154297,128.45314025878906,-109.21437072753906,993.4808349609376,141.374267578125,-202.7698516845703,510.1260070800781,224.6305694580078,-66.15461730957031,844.223876953125,-97.50653839111328,-47.69114685058594,146.19117736816406,-173.5532989501953,-90.55706787109376,1007.4116821289062,-135.8281707763672,-74.13063049316406,506.5972290039063,-227.55848693847656,-200.4254913330078,880.6679077148438
121.24286651611328,16.880651473999023,222.34999084472656,128.24435424804688,-108.37735748291016,994.3121948242188,139.43626403808594,-207.96112060546875,513.0474243164062,224.4818115234375,-60.757572174072266,844.5636596679688,-97.69131469726562,-37.71625900268555,146.2139892578125,-173.59469604492188,-88.14862823486328,1007.2877807617188,-136.1640167236328,-65.91279602050781,506.7798461914063,-225.2486267089844,-204.500732421875,882.8203125
121.7165069580078,-0.1253166943788528,215.2958221435547,128.11476135253906,-107.49032592773438,994.9232788085938,137.36265563964844,-212.5821075439453,515.6795654296875,224.2823944091797,-55.567684173583984,844.771484375,-97.8701171875,-27.73357391357422,146.23907470703125,-173.55372619628906,-85.8246078491211,1007.0476684570312,-136.47421264648438,-57.705039978027344,506.9559020996094,-222.81088256835935,-208.4348297119141,884.8703002929688
122.3022689819336,-17.731365203857422,208.02330017089844,128.060791015625,-106.55996704101562,995.3008422851562,135.2008056640625,-216.62600708007807,517.9918212890625,224.0367889404297,-50.592041015625,844.8311767578125,-98.04086303710938,-17.744173049926758,146.26670837402344,-173.4352569580078,-83.59159851074219,1006.6895751953124,-136.75831604003906,-49.5263786315918,507.1168518066406,-220.25726318359372,-212.2180938720703,886.80126953125
122.98270416259766,-35.90815353393555,200.6796875,128.07713317871094,-105.59593200683594,995.435791015625,133.00291442871094,-220.0904998779297,519.9578247070312,223.7501983642578,-45.83698654174805,844.7296752929688,-98.20182800292967,-7.749885082244873,146.2970428466797,-173.24603271484375,-81.4520263671875,1006.2120361328124,-137.01568603515625,-41.39839553833008,507.2550964355469,-217.60069274902344,-215.84158325195312,888.5965576171875
123.7310791015625,-54.60885238647461,193.4108123779297,128.1571807861328,-104.61034393310548,995.3231201171876,130.8233642578125,-222.9783477783203,521.55615234375,223.42860412597656,-41.30816268920898,844.4571533203125,-98.35163879394533,2.246894359588623,146.3300018310547,-172.9944610595703,-79.40477752685547,1005.6144409179688,-137.2464599609375,-33.34513473510742,507.3636169433594,-214.8549041748047,-219.297119140625,890.239990234375
124.51346588134766,-73.76771545410156,186.3558654785156,128.2935028076172,-103.61734008789062,994.9619140625,128.71560668945312,-225.2979431152344,522.770263671875,223.07867431640625,-37.01059722900391,844.0070190429688,-98.4892349243164,12.243494987487791,146.36512756347656,-172.69021606445312,-77.44607543945312,1004.8970336914062,-137.4521484375,-25.39262008666992,507.435791015625,-212.03440856933597,-222.5771942138672,891.7159423828125
125.29180908203124,-93.29906463623048,179.6424560546875,128.47825622558594,-102.63246154785156,994.3555297851562,126.72881317138672,-227.0641021728516,523.58935546875,222.707763671875,-32.94878005981445,843.376220703125,-98.61356353759766,22.23729133605957,146.40159606933594,-172.34368896484375,-75.57049560546875,1004.0609741210938,-137.63595581054688,-17.568153381347656,507.4651184082031,-209.15431213378903,-225.6750030517578,893.0098266601562
126.02722930908205,-113.0967254638672,173.3823699951172,128.70370483398438,-101.67204284667967,993.511474609375,124.90484619140624,-228.29884338378903,524.0093383789062,222.3237762451172,-29.1267204284668,842.5650634765625,-98.72323608398438,32.225791931152344,146.4381103515625,-171.96556091308594,-73.77198791503906,1003.10888671875,-137.80250549316406,-9.899654388427734,507.4453125,-206.23031616210935,-228.58428955078125,894.1083374023438
126.68276977539062,-133.033447265625,167.66806030273438,128.9625244140625,-100.75271606445312,992.4412231445312,123.27565002441406,-229.03225708007807,524.0330810546875,221.93507385253903,-25.548072814941406,841.5769653320312,-98.81637573242188,42.20634078979492,146.47300720214844,-171.56613159179688,-72.04478454589844,1002.0445556640624,-137.95697021484375,-2.4151394367218018,507.3706665039063,-203.2786102294922,-231.29934692382807,894.999755859375
127.2250747680664,-152.9606475830078,162.56967163085938,129.24827575683594,-99.89103698730467,991.1602172851562,121.86125183105467,-229.30328369140625,523.6715087890625,221.5503692626953,-22.21624183654785,840.4185791015625,-98.8908233642578,52.17561340332031,146.504638671875,-171.1549072265625,-70.3843002319336,1000.8731079101562,-138.1038360595703,4.857692718505859,507.23626708984375,-200.3157958984375,-233.8148651123047,895.6741943359375
127.62548828125,-172.7088165283203,158.13299560546875,129.55557250976562,-99.10318756103516,989.687744140625,120.66863250732422,-229.16004943847656,522.9435424804688,221.17860412597656,-19.1345329284668,839.0994262695312,-98.94451141357422,62.12875747680664,146.5317840576172,-170.74000549316406,-68.787841796875,999.601318359375,-138.24560546875,11.891922950744627,507.0385437011719,-197.3588104248047,-236.12586975097656,896.1239624023438
127.86048126220705,-192.08953857421875,154.3780975341797,129.8802947998047,-98.4048843383789,988.046630859375,119.69158935546876,-228.65960693359372,521.87646484375,220.82882690429688,-16.30630874633789,837.6316528320312,-98.97594451904295,72.0583724975586,146.55430603027344,-170.3278045654297,-67.25542449951172,998.2372436523438,-138.38177490234375,18.661945343017575,506.7755737304688,-194.4247894287109,-238.22760009765625,896.3438110351562
127.91184997558594,-210.8988342285156,151.29913330078125,130.21961975097656,-97.81130981445312,986.262939453125,118.91170501708984,-227.86721801757807,520.50537109375,220.5100860595703,-13.73513126373291,836.02978515625,-98.98489379882812,81.95350646972656,146.57379150390625,-169.9224090576172,-65.79035186767578,996.7904663085938,-138.50802612304688,25.14388465881348,506.4474487304688,-191.53106689453125,-240.11544799804688,896.330810546875
127.7668685913086,-228.9222412109375,148.8653564453125,130.5718994140625,-97.337158203125,984.365478515625,118.30037689208984,-226.8548889160156,518.8726196289062,220.2313537597656,-11.424859046936035,834.310546875,-98.97291564941406,91.79933166503906,146.59471130371094,-169.52548217773438,-64.39972686767578,995.27197265625,-138.615966796875,31.31574058532715,506.0564270019531,-188.69493103027344,-241.784912109375,896.0848999023438
127.41859436035156,-245.94114685058597,147.0235137939453,130.9365997314453,-96.99662017822266,982.3856201171876,117.8217544555664,-225.69923400878903,517.0266723632812,220.0014495849609,-9.37972640991211,832.492431640625,-98.94294738769533,101.57794189453124,146.6253204345703,-169.1363067626953,-63.09445571899414,993.6941528320312,-138.6931610107422,37.15731048583984,505.6070556640625,-185.93359375,-243.23146057128903,895.6087646484375
126.86639404296876,-261.7405090332031,145.7012939453125,131.31405639648438,-96.80345153808594,980.3565673828124,117.43633270263672,-224.47900390625,515.020751953125,219.82894897460935,-7.604374885559082,830.5956420898438,-98.89860534667967,111.26976776123048,146.67848205566406,-168.75222778320312,-61.888858795166016,992.0708618164062,-138.7235870361328,42.64994430541992,505.1062316894531,-183.26397705078125,-244.45062255859372,894.9077758789062
126.11656188964844,-276.1178283691406,144.8122100830078,131.70521545410156,-96.7708740234375,978.3125610351562,117.10474395751952,-223.27197265625,512.9114990234375,219.7221527099609,-6.103845596313477,828.6416625976562,-98.84361267089844,120.85481262207033,146.7716064453125,-168.36929321289062,-60.79998016357422,990.4170532226562,-138.6884002685547,47.77630233764648,504.56341552734375,-180.7025909423828,-245.4379425048828,893.9902954101562
125.18296813964844,-288.89239501953125,144.26116943359375,132.1114501953125,-96.91151428222656,976.2886962890624,116.79138946533205,-222.1517333984375,510.7569580078125,219.68902587890625,-4.883533000946045,826.6529541015625,-98.78144073486328,130.31356811523438,146.9263153076172,-167.98269653320312,-59.846824645996094,988.7488403320312,-138.56686401367188,52.520137786865234,503.9904174804688,-178.265380859375,-246.18907165527344,892.8672485351562
124.0874481201172,-299.91485595703125,143.95069885253906,132.5343475341797,-97.23712158203124,974.3198852539062,116.4673843383789,-221.18446350097656,508.6151428222656,219.73712158203125,-3.9491162300109854,824.6526489257812,-98.71505737304688,139.6277618408203,147.1674346923828,-167.5872344970703,-59.049560546875,987.0833129882812,-138.33750915527344,56.86609649658203,503.4013671875,-175.96759033203125,-246.6998443603516,891.55224609375
122.85945129394533,-309.0751647949219,143.7871551513672,132.97555541992188,-97.7582015991211,972.4402465820312,116.1126708984375,-220.42575073242188,506.5422058105469,219.8735198974609,-3.3064725399017334,822.6642456054688,-98.64691925048828,148.7808837890625,147.5216522216797,-167.1775665283203,-58.428749084472656,985.4378051757812,-137.97952270507812,60.79947280883789,502.8120727539063,-173.8236541748047,-246.9663848876953,890.0614624023438
121.5348129272461,-316.3091735839844,143.68621826171875,133.4367218017578,-98.48355865478516,970.6824340820312,115.71710205078124,-219.9178466796875,504.59027099609375,220.10472106933597,-2.9615848064422607,820.7112426757812,-98.5789566040039,157.7583465576172,148.01600646972656,-166.74839782714844,-58.00448226928711,983.8300170898438,-137.47398376464844,64.30580139160156,502.2394714355469,-171.84698486328125,-246.9852752685547,888.4132080078125
120.15418243408205,-321.6029968261719,143.57814025878906,133.91941833496094,-99.4196319580078,969.0773315429688,115.28062438964844,-219.6876373291016,502.8055725097656,220.43649291992188,-2.9204471111297607,818.8167114257812,-98.51271057128906,166.54727172851562,148.6763916015625,-166.29461669921875,-57.79545974731445,982.2770385742188,-136.8052978515625,67.37022399902344,501.7003479003906,-170.0498809814453,-246.75369262695312,886.6279907226562
118.76146697998048,-324.9951171875,143.41171264648438,134.4252471923828,-100.56983947753906,967.6531372070312,114.81261444091795,-219.74575805664065,501.2264404296875,220.8738250732422,-3.188979387283325,817.0029907226562,-98.44961547851562,175.13568115234375,149.52622985839844,-165.81143188476562,-57.817996978759766,980.7951049804688,-135.96243286132812,69.97660827636719,501.2100830078125,-168.44337463378906,-246.26953125,884.7279663085938
117.40206146240234,-326.5752258300781,143.15602111816406,134.9557647705078,-101.9338836669922,966.4351806640624,114.33052825927734,-220.0872344970703,499.8822326660156,221.4208221435547,-3.772939682006836,815.2914428710938,-98.3913116455078,183.510986328125,150.585693359375,-165.29437255859375,-58.08502197265625,979.3992309570312,-134.94027709960938,72.1064224243164,500.781005859375,-167.03707885742188,-245.5316162109375,882.7367553710938
116.12062072753906,-326.4791259765625,142.79917907714844,135.51260375976562,-103.50711059570312,965.4452514648438,113.8582534790039,-220.69337463378903,498.7928466796875,222.08050537109372,-4.677835464477539,813.7020874023438,-98.34010314941406,191.65826416015625,151.8712921142578,-164.7394256591797,-58.60505294799805,978.1025390625,-133.7408905029297,73.73753356933594,500.4207763671875,-165.8390655517578,-244.5397491455078,880.6788940429688
114.95845794677734,-324.8803405761719,142.3443603515625,136.097412109375,-105.28002166748048,964.7012939453124,113.42415618896484,-221.5346527099609,497.9689331054688,222.8547515869141,-5.9088311195373535,812.2532348632812,-98.29932403564452,199.5583038330078,153.3961944580078,-164.1431884765625,-59.38127899169922,976.9158935546876,-132.37489318847656,74.84312438964844,500.1312255859375,-164.85569763183594,-243.2948303222656,878.5796508789062
113.9506607055664,-321.977783203125,141.8043212890625,136.71189880371094,-107.23795318603516,964.217041015625,113.0590591430664,-222.5737762451172,497.4124145507813,223.7442321777344,-7.470656871795654,810.9615478515625,-98.27375030517578,207.18560791015625,155.17074584960938,-163.50294494628906,-60.41070175170898,975.8477783203124,-130.8627166748047,75.39086151123047,499.9073486328125,-164.09153747558594,-241.7989654541016,876.46435546875
113.12325286865234,-317.9810791015625,141.1964874267578,137.357666015625,-109.36109924316406,964.0013427734376,112.79431915283205,-223.76824951171875,497.11669921875,224.7482452392578,-9.36751937866211,809.8414916992188,-98.26973724365234,214.50669860839844,157.20347595214844,-162.81695556640625,-61.68345642089844,974.9038696289062,-129.23538208007812,75.34278106689453,499.737060546875,-163.54916381835938,-240.05545043945312,874.3578491210938
112.49063110351562,-313.0946655273437,140.53990173339844,138.03616333007812,-111.62474822998048,964.0582275390624,112.65977478027344,-225.07199096679688,497.0671081542969,225.86471557617188,-11.603002548217772,808.9054565429688,-98.295166015625,221.478515625,159.5021514892578,-162.0845489501953,-63.18242263793945,974.0870361328124,-127.53437042236328,74.65648651123047,499.6016540527344,-163.2291717529297,-238.06884765625,872.284423828125
112.05406951904295,-307.5032043457031,139.8534393310547,138.74855041503906,-113.9998550415039,964.3861694335938,112.68177032470705,-226.4354705810547,497.2406005859375,227.09017944335935,-14.179972648620604,808.1636352539062,-98.3591079711914,228.0471649169922,162.07467651367188,-161.30616760253906,-64.88311004638672,973.3974609375,-125.8101577758789,73.28775787353516,499.476318359375,-163.13002014160156,-235.8449859619141,870.2667846679688
111.80170440673828,-301.3610534667969,139.1552734375,139.4954833984375,-116.45382690429688,964.9783325195312,112.88092803955078,-227.8046722412109,497.6058654785156,228.4197235107422,-17.1004581451416,807.6236572265625,-98.47120666503906,234.14700317382807,164.92982482910156,-160.4834747314453,-66.75399780273438,972.8326416015624,-124.11998748779295,71.19436645507812,499.33111572265625,-163.24806213378906,-233.3908843994141,868.3262329101562
111.71034240722656,-294.7874755859375,138.46267700195312,140.27703857421875,-118.95149230957033,965.8223876953124,113.27009582519533,-229.1192321777344,498.1239013671875,229.84701538085935,-20.365524291992188,807.2910766601562,-98.64092254638672,239.7009429931641,168.07766723632812,-159.61924743652344,-68.75719451904297,972.3878784179688,-122.52500915527344,68.34020233154297,499.1321716308594,-163.57752990722656,-230.7147979736328,866.4818725585938
111.7485809326172,-287.8667297363281,137.7916717529297,141.09263610839844,-121.45619201660156,966.90087890625,113.8526611328125,-230.3103790283203,498.7491149902344,231.3643798828125,-23.97513008117676,807.1690673828125,-98.87651824951172,244.62173461914065,171.52980041503906,-158.7174072265625,-70.8494873046875,972.0568237304688,-121.08667755126952,64.69932556152344,498.8431701660156,-164.1106414794922,-227.82611083984372,864.7504272460938
111.880615234375,-280.6519775390625,137.15615844726562,141.9408416748047,-123.93092346191406,968.1914672851562,114.62166595458984,-231.2997589111328,499.4318542480469,232.96290588378903,-27.928009033203125,807.258544921875,-99.18396759033205,248.81448364257807,175.29898071289062,-157.7829132080078,-72.98371887207031,971.8317260742188,-119.86241912841795,60.25933074951172,498.4278564453125,-164.83767700195312,-224.7353057861328,863.1461181640625
112.07027435302734,-273.1712646484375,136.5670166015625,142.81944274902344,-126.33941650390624,969.6677856445312,115.5600128173828,-231.9995880126953,500.1214904785156,234.63243103027344,-32.2215461730957,807.5586547851562,-99.56576538085938,252.17996215820312,179.3978271484375,-156.82167053222656,-75.11042022705078,971.70458984375,-118.90078735351562,55.02351760864258,497.853515625,-165.74722290039062,-221.4539031982422,861.6804809570312
112.28467559814452,-265.4349365234375,136.03152465820312,143.7254638671875,-128.64706420898438,971.300537109375,116.64190673828124,-232.31488037109372,500.7699890136719,236.36175537109372,-36.8516845703125,808.0665283203125,-100.02000427246094,254.6190185546875,183.8364715576172,-155.84030151367188,-77.17976379394531,971.6675415039062,-118.23684692382812,49.01137924194336,497.0953369140625,-166.82632446289062,-217.99424743652344,860.3623657226562
112.49681091308594,-257.4435119628906,135.55311584472656,144.65513610839844,-130.82154846191406,973.0581665039062,117.83546447753906,-232.14788818359372,501.3353576660156,238.13870239257807,-41.812835693359375,808.7778930664062,-100.53980255126952,256.0379943847656,188.6194000244141,-154.84593200683594,-79.14356231689453,971.713623046875,-117.88875579833984,42.2574577331543,496.1410217285156,-168.06085205078125,-214.36944580078125,859.1978759765625
112.6870574951172,-249.1946563720703,135.1315460205078,145.60414123535156,-132.83334350585938,974.9085083007812,119.10608673095705,-231.40419006347656,501.7844543457031,239.95030212402344,-47.09785079956055,809.6871948242188,-101.11333465576172,256.3547668457031,193.7418975830078,-153.8457794189453,-80.95742797851562,971.83740234375,-117.8563461303711,34.80901336669922,494.9951477050781,-169.43572998046875,-210.5931701660156,858.1906127929688
112.84353637695312,-240.6888885498047,134.76329040527344,146.5678253173828,-134.656005859375,976.8195190429688,120.42032623291016,-229.99986267089844,502.0946044921875,241.782958984375,-52.69796371459961,810.7880859375,-101.72451782226562,255.50474548339844,199.1865234375,-152.8466033935547,-82.582763671875,972.0352172851562,-118.12165832519533,26.72313690185547,493.6824645996094,-170.9352569580078,-206.67947387695312,857.3417358398438
112.96165466308594,-231.93348693847656,134.44232177734375,147.5413818359375,-136.26638793945312,978.7606201171876,121.7494659423828,-227.8687286376953,502.2545166015625,243.62258911132807,-58.60266876220703,812.073486328125,-102.354248046875,253.44680786132807,204.92027282714844,-151.85450744628906,-83.9885025024414,972.3055419921876,-118.65164947509766,18.06371688842773,492.2495422363281,-172.5434112548828,-202.6427154541016,856.6504516601562
113.0429916381836,-222.94412231445312,134.16090393066406,148.520263671875,-137.64486694335938,980.7033081054688,123.07232666015624,-224.96868896484372,502.2635192871094,245.4547576904297,-64.79964447021484,813.535888671875,-102.9819793701172,250.16781616210935,210.89300537109372,-150.87474060058594,-85.15234375,972.6492919921876,-119.4025421142578,8.898468971252441,490.7640075683594,-174.24404907226562,-198.4973602294922,856.114013671875
113.09367370605467,-213.7442779541016,133.9106903076172,149.50045776367188,-138.77540588378906,982.621826171875,124.37677764892578,-221.2861175537109,502.1306457519531,247.26495361328125,-71.27459716796875,815.167724609375,-103.5876007080078,245.6854248046875,217.03814697265625,-149.9116973876953,-86.06160736083984,973.0695190429688,-120.32501983642578,-0.7036568522453308,489.310791015625,-176.02113342285156,-194.2579040527344,855.7282104492188
113.12258911132812,-204.36300659179688,133.6836395263672,150.4786834716797,-139.64569091796875,984.4933471679688,125.6597137451172,-216.83763122558597,501.8727111816406,249.0386962890625,-78.01126861572266,816.96142578125,-104.1535186767578,240.0478363037109,223.2748260498047,-148.96890258789062,-86.71342468261719,973.571044921875,-121.3693389892578,-10.6744384765625,487.9862365722656,-177.85885620117188,-189.93870544433597,855.4873657226562
113.13957977294922,-194.8323211669922,133.4728240966797,151.45257568359375,-140.247314453125,986.2982177734376,126.9255828857422,-211.66873168945312,501.5119934082031,250.7616729736328,-84.99138641357422,818.9097290039062,-104.66670989990234,233.3303985595703,229.51080322265625,-148.049072265625,-87.11436462402344,974.1603393554688,-122.48947143554688,-20.947628021240234,486.8901977539063,-179.74176025390625,-185.55389404296875,855.3846435546875
113.15387725830078,-185.1842498779297,133.27310180664062,152.4207000732422,-140.5758819580078,988.0195922851562,128.18341064453125,-205.84983825683597,501.0736999511719,252.4199676513672,-92.1947784423828,821.00537109375,-105.1202621459961,225.62876892089844,235.6450042724609,-147.1541748046875,-87.279541015625,974.8443603515624,-123.64602661132812,-31.459383010864254,486.1176452636719,-181.6547088623047,-181.11721801757807,855.412109375
113.17279815673828,-175.448486328125,133.08143615722656,153.38243103027344,-140.6310272216797,989.6433715820312,129.442626953125,-199.46994018554688,500.5835266113281,254.0001220703125,-99.59959411621094,823.2415161132812,-105.5139617919922,217.0494537353516,241.5688934326172,-146.28550720214844,-87.23107147216797,975.6301879882812,-124.80757904052734,-42.14784622192383,485.750732421875,-183.58290100097656,-176.64199829101562,855.5607299804688
113.2008285522461,-165.65072631835938,132.89695739746094,154.33770751953125,-140.41629028320312,991.1577758789062,130.70822143554688,-192.6288909912109,500.0655212402344,255.4893341064453,-107.18244934082033,825.6114501953125,-105.85370635986328,207.69908142089844,247.1671600341797,-145.44378662109375,-86.99635314941406,976.5238037109376,-125.9503173828125,-52.95193862915039,485.8523254394531,-185.5117950439453,-172.14100646972656,855.8203735351562
113.23904418945312,-155.811767578125,132.72080993652344,155.28680419921875,-139.93896484375,992.5529174804688,131.9759979248047,-185.42904663085935,499.5403747558594,256.87548828125,-114.91873931884766,828.108642578125,-106.15000915527344,197.6748809814453,252.31895446777344,-144.62945556640625,-86.60600280761719,977.5291748046876,-127.05657196044922,-63.80978775024414,486.4617309570313,-187.42703247070312,-167.6263885498047,856.1796875
113.28512573242188,-145.94754028320312,132.55567932128906,156.22988891601562,-139.20980834960938,993.8206787109376,133.22926330566406,-177.96786499023438,499.0243835449219,258.1473999023437,-122.78287506103516,830.7265625,-106.41607666015624,187.05807495117188,256.9013977050781,-143.8427734375,-86.09190368652344,978.6473388671876,-128.1130828857422,-74.65779876708984,487.59283447265625,-189.31434631347656,-163.10960388183594,856.6259765625
113.33381652832033,-136.0694580078125,132.4052276611328,157.16671752929688,-138.24266052246094,994.9541625976562,134.43800354003906,-170.3324432373047,498.52874755859375,259.2947082519531,-130.74855041503906,833.4585571289062,-106.66617584228516,175.91087341308594,260.79547119140625,-143.0841522216797,-85.48528289794922,979.8756713867188,-129.10940551757812,-85.43058776855469,489.2344970703125,-191.1595916748047,-158.60133361816406,857.1453857421875
113.37791442871094,-126.18533325195312,132.27346801757812,158.09619140625,-137.05406188964844,995.9476928710938,135.56124877929688,-162.59632873535156,498.0597534179688,260.3081359863281,-138.78892517089844,836.297607421875,-106.91485595703124,164.2764892578125,263.8930358886719,-142.3543701171875,-84.81509399414062,981.207275390625,-130.0362548828125,-96.06175994873048,491.3528137207031,-192.94876098632807,-154.1114959716797,857.7227783203125
113.4094696044922,-116.30033111572266,132.1640167236328,159.0160675048828,-135.6628875732422,996.796630859375,136.55287170410156,-154.8180694580078,497.6190185546875,261.17938232421875,-146.8769073486328,839.236328125,-107.1770477294922,152.18080139160156,266.10369873046875,-141.65487670898438,-84.10682678222656,982.6304321289062,-130.88401794433594,-106.48571014404295,493.8948364257813,-194.66807556152344,-149.6492156982422,858.3416137695312
113.42107391357422,-106.41790771484376,132.07960510253906,159.9226531982422,-134.08999633789062,997.4971923828124,137.3699493408203,-147.0410919189453,497.2047424316406,261.9013061523437,-154.98532104492188,842.2664794921875,-107.46824645996094,139.6350555419922,267.3600158691406,-140.9879150390625,-83.38168334960938,984.1288452148438,-131.6413116455078,-116.64028930664062,496.7932739257813,-196.3041534423828,-145.22288513183594,858.9844360351562
113.40692901611328,-96.54061126708984,132.02163696289062,160.81069946289062,-132.3579559326172,998.0469360351562,137.9816436767578,-139.2947998046875,496.8126831054688,262.4677734375,-163.08717346191406,845.3792114257812,-107.80461120605467,126.63898468017578,267.6206970214844,-140.3566436767578,-82.65636444091797,985.681884765625,-132.29441833496094,-126.46978759765624,499.9720458984375,-197.84417724609372,-140.84017944335938,859.6327514648438
113.3636245727539,-86.67057037353516,131.99002075195312,161.6732940673828,-130.4904022216797,998.4446411132812,138.3759002685547,-131.59689331054688,496.4376525878906,262.87384033203125,-171.1557159423828,848.5645141601562,-108.2025375366211,113.18383026123048,266.87158203125,-139.76513671875,-81.94309997558594,987.26513671875,-132.8270263671875,-135.92684936523438,503.3520812988281,-199.2761688232422,-136.5081329345703,860.2675170898438
113.2903823852539,-76.8098373413086,131.9832305908203,162.50189208984375,-128.51162719726562,998.6905517578124,138.5615997314453,-123.95675659179688,496.07427978515625,263.1155700683594,-179.16481018066406,851.8114013671875,-108.67781066894533,99.2552490234375,265.1244812011719,-139.21824645996094,-81.25022888183594,988.8514404296876,-133.2207794189453,-144.97262573242188,506.8564453125,-200.58917236328125,-132.23318481445312,860.8692016601562
113.18878936767578,-66.9605712890625,131.99855041503906,163.28672790527344,-126.4459991455078,998.7865600585938,138.56565856933594,-116.37911224365234,495.7174072265625,263.1902160644531,-187.08889770507807,855.1077270507812,-109.24391174316406,84.83610534667969,262.4151611328125,-138.72132873535156,-80.58292388916016,990.411865234375,-133.4569549560547,-153.57534790039062,510.41448974609375,-201.7735595703125,-128.02133178710938,861.4181518554688
113.06207275390624,-57.12501907348633,132.0323944091797,164.01722717285156,-124.3175811767578,998.73583984375,138.42665100097656,-108.86671447753906,495.3623046875,263.0961608886719,-194.90328979492188,858.4400024414062,-109.90966796875,69.90899658203125,258.8007202148437,-138.2799530029297,-79.94410705566406,991.9168090820312,-133.51890563964844,-161.7084503173828,513.96337890625,-202.8213348388672,-123.87810516357422,861.8952026367188
112.91426849365234,-47.30538558959961,132.0807342529297,164.6826629638672,-122.14986419677734,998.5431518554688,138.18701171875,-101.42176055908205,495.0048522949219,262.83282470703125,-202.58421325683597,861.7938842773438,-110.67732238769533,54.45808792114258,254.3564910888672,-137.89947509765625,-79.33528900146484,993.337158203125,-133.39517211914062,-169.3488006591797,517.447265625,-203.7262725830078,-119.80876922607422,862.28173828125
112.7492904663086,-37.5035285949707,132.1394500732422,165.2728729248047,-119.96553802490234,998.2142333984376,137.88595581054688,-94.0464859008789,494.6415100097656,262.4008483886719,-210.10890197753903,865.1535034179688,-111.54157257080078,38.470008850097656,249.17303466796875,-137.58465576171875,-78.7574462890625,994.6453857421876,-133.08213806152344,-176.47474670410156,520.815673828125,-204.4842529296875,-115.818359375,862.5603637695312
112.57029724121094,-27.720853805541992,132.20455932617188,165.77882385253906,-117.78631591796876,997.7555541992188,137.55453491210938,-86.74354553222656,494.2692260742188,261.8019104003906,-217.45562744140625,868.5023193359375,-112.48973083496094,21.934547424316406,243.3534698486328,-137.3394012451172,-78.21165466308594,995.8158569335938,-132.58587646484375,-183.0643768310547,524.0203247070312,-205.09332275390625,-111.91181182861328,862.7150268554688
112.37931060791016,-17.958280563354492,132.27249145507812,166.1932373046875,-115.63282012939452,997.1742553710938,137.2131805419922,-79.51626586914062,493.8854675292969,261.0389709472656,-224.6037139892578,871.8226318359375,-113.50276947021484,4.845798969268799,237.01104736328125,-137.1664276123047,-77.69966888427734,996.826171875,-131.9227294921875,-189.09445190429688,527.0135498046875,-205.55392456054688,-108.09407043457033,862.7313842773438
112.17715454101562,-8.216361045837402,132.34022521972656,166.51104736328125,-113.5244369506836,996.4779052734376,136.871826171875,-72.36851501464844,493.488525390625,260.1161193847656,-231.53355407714844,875.0961303710938,-114.55715942382812,-12.795825004577637,230.2672882080078,-137.0671844482422,-77.22435760498047,997.6567993164062,-131.11866760253906,-194.54063415527344,529.74658203125,-205.86883544921875,-104.37018585205078,862.5969848632812
111.9636001586914,1.5046294927597046,132.40545654296875,166.72970581054688,-111.47919464111328,995.674072265625,136.5320587158203,-65.30414581298828,493.0778198242188,259.0386962890625,-238.2267303466797,878.3037719726562,-115.62720489501952,-30.980928421020508,223.2500457763672,-137.041748046875,-76.78992462158203,998.2919311523438,-130.20758056640625,-199.3785095214844,532.1696166992188,-206.0432281494141,-100.74545288085938,862.3016967773438
111.73770904541016,11.204553604125977,132.46665954589844,166.8492889404297,-109.5136260986328,994.7705078125,136.19029235839844,-58.32641220092773,492.6540832519531,257.8133544921875,-244.6659240722656,881.42626953125,-116.68736267089844,-49.68818664550781,216.09164428710935,-137.0889129638672,-76.40211486816406,998.7191162109376,-129.22860717773438,-203.5857696533203,534.2333374023438,-206.0845642089844,-97.2254867553711,861.8374633789062
111.49817657470705,20.88322257995605,132.5233612060547,166.87255859375,-107.64271545410156,993.77490234375,135.8411865234375,-51.43771362304688,492.2194519042969,256.44793701171875,-250.8350372314453,884.4440307617188,-117.71427917480467,-68.88141632080078,208.9263916015625,-137.20620727539062,-76.06824493408203,998.9298095703124,-128.223388671875,-207.14483642578125,535.8907470703125,-206.00250244140625,-93.81633758544922,861.1988525390625
111.24380493164062,30.54015350341797,132.57623291015625,166.8047332763672,-105.8799819946289,992.695068359375,135.4805450439453,-44.64006423950195,491.777099609375,254.9515380859375,-256.7191467285156,887.3373413085938,-118.68817901611328,-88.50707244873047,201.8877410888672,-137.3900909423828,-75.79717254638672,998.9188232421876,-127.23309326171876,-210.0458984375,537.099609375,-205.8086395263672,-90.52448272705078,860.3824462890625
110.97386169433594,40.174278259277344,132.62742614746094,166.65313720703125,-104.2375717163086,991.5386352539062,135.1073760986328,-37.93620681762695,491.3305969238281,253.3344573974609,-262.30450439453125,890.0867309570312,-119.5938491821289,-108.49214935302734,195.10501098632807,-137.6361541748047,-75.59917449951172,998.6848754882812,-126.2958984375,-212.2896881103516,537.8253784179688,-205.5163116455078,-87.35690307617188,859.3875122070312
110.68852996826172,49.78359222412109,132.68077087402344,166.4267578125,-102.72643280029295,990.3133544921876,134.72482299804688,-31.33125305175781,490.88323974609375,251.60806274414065,-267.5784606933594,892.6729125976562,-120.42101287841795,-128.74246215820312,188.6998443603516,-137.93923950195312,-75.48572540283203,998.2305297851562,-125.44489288330078,-213.8898162841797,538.0439453125,-205.1403350830078,-84.3210678100586,858.2154541015625
110.38934326171876,59.364688873291016,132.74209594726562,166.13568115234375,-101.35646057128906,989.0267333984376,134.33990478515625,-24.83449363708496,490.4372863769531,249.78477478027344,-272.5295104980469,895.0771484375,-121.16423034667967,-149.14122009277344,182.7823486328125,-138.293701171875,-75.46923065185547,997.5619506835938,-124.70635223388672,-214.87474060058597,537.7445678710938,-204.69667053222656,-81.42497253417969,856.8700561523438
110.07947540283205,68.9123306274414,132.81944274902344,165.79042053222656,-100.13656616210938,987.68603515625,133.96270751953125,-18.46091079711914,489.99359130859375,247.8778076171875,-277.14703369140625,897.28125,-121.82218170166016,-169.54824829101562,177.44696044921875,-138.69371032714844,-75.56266021728516,996.6895751953124,-124.09845733642578,-215.2890472412109,536.9326782226562,-204.2021331787109,-78.67717742919922,855.3574829101562
109.7640380859375,78.41905212402344,132.92315673828125,165.4012451171875,-99.07476806640624,986.29833984375,133.60476684570312,-12.232141494750977,489.5513610839844,245.901123046875,-281.4215393066406,899.2679443359375,-122.3963851928711,-189.8005828857422,172.76812744140625,-139.13343811035156,-75.77916717529297,995.6275024414062,-123.63044738769533,-215.19400024414065,535.6317138671875,-203.67413330078125,-76.08678436279297,853.68603515625
109.45010375976562,87.8750228881836,133.06568908691406,164.9776153564453,-98.17829132080078,984.8704223632812,133.2774658203125,-6.176780223846436,489.1080322265625,243.86920166015625,-285.34423828125,901.0208740234376,-122.88957977294922,-209.7141876220703,168.79615783691406,-139.60740661621094,-76.13166046142578,994.3941650390624,-123.30233001708984,-214.6667633056641,533.8833618164062,-203.13040161132807,-73.6634750366211,851.8663330078125
109.14662170410156,97.26815032958984,133.2613067626953,164.52767944335938,-97.45372772216795,983.4090576171876,132.99014282226562,-0.3298129141330719,488.65960693359375,241.79690551757807,-288.9071655273437,902.5250244140624,-123.30370330810548,-229.08737182617188,165.55380249023438,-140.11073303222656,-76.6324462890625,993.011474609375,-123.10530853271484,-213.7987823486328,531.7467041015625,-202.58872985839844,-71.41751098632812,849.9112548828125
108.86367797851562,106.5844955444336,133.52540588378906,164.05810546875,-96.90721893310548,981.9210205078124,132.74856567382812,5.268833637237549,488.2011413574219,239.6992645263672,-292.10308837890625,903.7665405273438,-123.6379852294922,-247.7058563232422,163.0338134765625,-140.63922119140625,-77.29280090332031,991.5052490234376,-123.0229034423828,-212.6932373046875,529.2955322265625,-202.06674194335935,-69.35972595214844,847.8357543945312
108.611083984375,115.80908203125,133.87367248535156,163.57398986816406,-96.54454803466795,980.4139404296876,132.5535430908203,10.576457023620604,487.7275695800781,237.59133911132807,-294.9252624511719,904.7333984375,-123.88727569580078,-265.34942626953125,161.19821166992188,-141.189453125,-78.1227035522461,989.9043579101562,-123.03274536132812,-211.461669921875,526.6145629882812,-201.58169555664065,-67.50148010253906,845.656982421875
108.39678192138672,124.92677307128906,134.32107543945312,163.07884216308594,-96.37126159667967,978.895751953125,132.40008544921875,15.550068855285645,487.23443603515625,235.4880523681641,-297.36749267578125,905.415283203125,-124.04117584228516,-281.7999267578125,159.97952270507812,-141.7588348388672,-79.130615234375,988.2404174804688,-123.10887145996094,-210.21987915039065,523.7954711914062,-201.1502685546875,-65.85465240478516,843.3942260742188
108.22569274902344,133.9228057861328,134.88165283203125,162.5745086669922,-96.3927993774414,977.3751220703124,132.2769012451172,20.148700714111328,486.71881103515625,233.40402221679688,-299.4241027832031,905.8038940429688,-124.08395385742188,-296.8505554199219,159.28448486328125,-142.3456573486328,-80.32337188720703,986.5469360351562,-123.22405242919922,-209.0829620361328,520.932373046875,-200.7884063720703,-64.43155670166016,841.0684814453125
108.0990219116211,142.78334045410156,135.56906127929688,162.06130981445312,-96.61455535888672,975.8612060546876,132.16648864746094,24.334991455078125,486.17974853515625,231.3534393310547,-301.0897216796875,905.8931884765624,-123.99590301513672,-310.31573486328125,159.00001525878906,-142.94903564453125,-81.70612335205078,984.858642578125,-123.35177612304688,-208.1595916748047,518.1173706054688,-200.51104736328125,-63.24488830566406,838.7027587890625
108.01409149169922,151.4956512451172,136.39749145507812,161.5382080078125,-97.0417709350586,974.3636474609376,132.0457000732422,28.07576560974121,485.6183471679688,229.3499755859375,-302.3595275878906,905.679443359375,-123.75592041015624,-322.0414428710937,159.00164794921875,-143.56900024414062,-83.28213500976562,983.2105102539062,-123.46775817871094,-207.54583740234372,515.4349975585938,-200.33204650878903,-62.30759048461914,836.3213500976562
107.96468353271484,160.04779052734375,137.38229370117188,161.0029754638672,-97.67931365966795,972.8922729492188,131.88723754882812,31.34150505065918,485.037109375,227.40663146972656,-303.2290344238281,905.1615600585938,-123.34496307373048,-331.9152526855469,159.1633758544922,-144.20640563964844,-85.05243682861328,981.6366577148438,-123.55078887939452,-207.3189849853516,512.957763671875,-200.26390075683597,-61.63277816772461,833.9500122070312
107.94183349609376,168.42755126953125,138.5400848388672,160.4522705078125,-98.53131866455078,971.4569702148438,131.6618194580078,34.104949951171875,484.4392700195313,225.5357360839844,-303.6942443847656,904.3411254882812,-122.74983978271484,-339.874755859375,159.36839294433594,-144.86288452148438,-87.01535034179688,980.1696166992188,-123.58319854736328,-207.5323944091797,510.7419128417969,-200.3175811767578,-61.23357772827149,831.6152954101562
107.93507385253906,176.62109375,139.88876342773438,159.8818359375,-99.60074615478516,970.067626953125,131.3415069580078,36.33924865722656,483.8276062011719,223.7488250732422,-303.7516174316406,903.2225341796876,-121.96651458740234,-345.9132995605469,159.518798828125,-145.54066467285156,-89.16598510742188,978.8395385742188,-123.55155181884766,-208.21218872070312,508.825439453125,-200.50233459472656,-61.122955322265625,829.3442993164062
107.93380737304688,184.611328125,141.4473114013672,159.2865447998047,-100.88886260986328,968.7339477539062,130.90347290039062,38.0162467956543,483.20355224609375,222.05657958984372,-303.39813232421875,901.8131103515624,-121.0024871826172,-350.081787109375,159.54296875,-146.2425079345703,-91.49578857421876,977.6732788085938,-123.44775390625,-209.3564453125,507.2282104492188,-200.82542419433597,-61.31352615356445,827.1644287109375
107.9288558959961,192.3762969970703,143.23544311523438,158.66064453125,-102.39461517333984,967.4653930664062,130.333984375,39.105350494384766,482.5665893554688,220.46885681152344,-302.6312866210937,900.123046875,-119.8779754638672,-352.4854431152344,159.39874267578125,-146.97137451171875,-93.99212646484376,976.6939697265624,-123.2704620361328,-210.9369964599609,505.9540100097656,-201.29209899902344,-61.81730651855469,825.1026000976562
107.91390228271484,199.88743591308597,145.27328491210938,157.99807739257812,-104.11398315429688,966.2715454101562,129.63192749023438,39.57322311401367,481.9140625,218.9945831298828,-301.4493103027344,898.1656494140625,-118.62592315673828,-353.2756652832031,159.07205200195312,-147.73023986816406,-96.63804626464844,975.9208374023438,-123.02657318115234,-212.90318298339844,504.9942321777344,-201.9052581787109,-62.64546203613281,823.1853637695312
107.8867416381836,207.1083068847656,147.58099365234375,157.29290771484375,-106.0394058227539,965.161865234375,128.81129455566406,39.38426971435547,481.2415161132813,217.6416931152344,-299.8511657714844,895.9569702148438,-117.29103088378906,-352.6373291015625,158.57125854492188,-148.52171325683594,-99.4122314453125,975.3687744140624,-122.73243713378906,-215.18753051757807,504.3320617675781,-202.6654357910156,-63.808013916015625,821.4379272460938
107.8502197265625,213.9932556152344,150.17840576171875,156.53976440429688,-108.15923309326172,964.1458129882812,127.90211486816406,38.50178146362305,480.5431213378906,216.4171600341797,-297.836669921875,893.5161743164062,-115.92774963378906,-350.77276611328125,157.9198760986328,-149.3477783203125,-102.28923034667967,975.0484619140624,-122.41447448730467,-217.7120056152344,503.9464416503906,-203.5707092285156,-65.31354522705078,819.88427734375
107.81281280517578,220.486572265625,153.08474731445312,155.7344207763672,-110.45731353759766,963.2326049804688,126.94962310791016,36.88956069946289,479.8120727539063,215.3268585205078,-295.4067077636719,890.864990234375,-114.59693145751952,-347.88433837890625,157.149658203125,-150.2094268798828,-105.23992156982422,974.9661254882812,-122.1090316772461,-220.3942413330078,503.8142700195313,-204.61659240722656,-67.16887664794922,818.546630859375
107.78855895996094,226.5218811035156,156.3183135986328,154.87432861328125,-112.91260528564452,962.4305419921876,126.01138305664062,34.51389694213867,479.0407104492188,214.37554931640625,-292.5633850097656,888.0279541015625,-113.36101531982422,-344.158447265625,156.29522705078125,-151.1065216064453,-108.2322235107422,975.1234741210938,-121.86106872558594,-223.15231323242188,503.9110107421875,-205.79617309570312,-69.37877655029297,817.4449462890625
107.79657745361328,232.02171325683597,159.8959197998047,153.95907592773438,-115.49906158447266,961.7467651367188,125.15274810791016,31.34580421447754,478.220703125,213.5668792724609,-289.3101806640625,885.0318603515625,-112.2778091430664,-339.7529602050781,155.39013671875,-152.03758239746094,-111.23198699951172,975.5176391601562,-121.72142028808594,-225.90725708007807,504.20941162109375,-207.10011291503903,-71.94567108154297,816.596923828125
107.85973358154295,236.89730834960935,163.83184814453125,152.99069213867188,-118.18565368652344,961.18701171875,124.4410400390625,27.363285064697266,477.3429260253906,212.9031982421875,-285.6523132324219,881.9056396484375,-111.3941421508789,-334.7901916503906,154.4647216796875,-152.99974060058594,-114.2039566040039,976.1412353515624,-121.74268341064452,-228.58303833007807,504.6771240234375,-208.51687622070312,-74.86940002441406,816.0175170898438
108.0025863647461,241.04920959472656,168.13607788085938,151.9737091064453,-120.9368896484375,960.7548828125,123.9389877319336,22.553491592407227,476.3978576660156,212.3856506347656,-281.5968933105469,878.6798706054688,-110.7406997680664,-329.3558044433594,153.54522705078125,-153.98880004882812,-117.11277770996094,976.982421875,-121.97379302978516,-231.104248046875,505.27484130859375,-210.0328826904297,-78.1470718383789,815.7185668945312
108.24864959716795,244.36965942382807,172.81224060058594,150.9149169921875,-123.71368408203124,960.4525756835938,123.6981964111328,16.914527893066406,475.376708984375,212.01400756835935,-277.1531677246094,875.3866577148438,-110.3293685913086,-323.5020446777344,152.65353393554688,-154.99937438964844,-119.9239501953125,978.0252075195312,-122.4539794921875,-233.3926544189453,505.9560241699219,-211.6327972412109,-81.7729263305664,815.708984375
108.61739349365234,246.74710083007807,177.8552703857422,149.8229217529297,-126.4747314453125,960.2804565429688,123.75352478027344,10.45673656463623,474.2735900878906,211.7867584228516,-272.332763671875,872.058837890625,-110.1536102294922,-317.2542724609375,151.80734252929688,-156.0250701904297,-122.60467529296876,979.25,-123.20695495605467,-235.36427307128903,506.6695556640625,-213.2997589111328,-85.73833465576172,815.993896484375
109.1215591430664,248.0723876953125,183.2489013671875,148.70761108398438,-129.17803955078125,960.2376708984376,124.11921691894533,3.2032785415649414,473.08837890625,211.70106506347656,-267.1497802734375,868.7296752929688,-110.19122314453124,-310.61895751953125,151.02024841308594,-157.05877685546875,-125.12447357177734,980.6341552734376,-124.23650360107422,-236.92803955078125,507.3642272949219,-215.01568603515625,-90.03179168701172,816.5752563476562
109.76525115966795,248.24594116210935,188.963134765625,147.57937622070312,-131.78274536132812,960.3224487304688,124.78759765625,-4.810042381286621,471.8299255371094,211.7528381347656,-261.6209411621094,865.432373046875,-110.40874481201172,-303.5923156738281,150.30197143554688,-158.093017578125,-127.4557113647461,982.1527709960938,-125.5244598388672,-237.9874725341797,507.9942932128906,-216.761474609375,-94.63904571533205,817.4512329101562
110.5428695678711,247.1855316162109,194.95208740234372,146.4484405517578,-134.2509307861328,960.5324096679688,125.7304229736328,-13.535548210144045,470.518798828125,211.93685913085935,-255.76544189453125,862.1995239257812,-110.7661361694336,-296.1682434082031,149.65855407714844,-159.12022399902344,-129.57386779785156,983.7796020507812,-127.03164672851562,-238.4451904296875,508.5245361328125,-218.5174102783203,-99.54328155517578,818.6165161132812
111.43881225585938,244.833984375,201.15316772460935,145.32421875,-136.5493927001953,960.865234375,126.90252685546876,-22.91490364074707,469.1890258789063,212.2468414306641,-249.60498046875,859.0626831054688,-111.2210693359375,-288.3451538085937,149.09274291992188,-160.13320922851562,-131.4578094482422,985.4878540039062,-128.70143127441406,-238.2096710205078,508.93365478515625,-220.2633056640625,-104.72533416748048,820.0625
112.42808532714844,241.1657257080078,207.48800659179688,144.21481323242188,-138.65138244628906,961.3187255859376,128.246826171875,-32.88063430786133,467.8878784179688,212.6755828857422,-243.1635589599609,856.0516967773438,-111.73234558105467,-280.13134765625,148.60433959960938,-161.1255340576172,-133.08982849121094,987.2509155273438,-130.46522521972656,-237.2029266357422,509.2154235839844,-221.97886657714844,-110.16397094726562,821.7774658203125
113.47785949707033,236.1910858154297,213.86578369140625,143.12672424316406,-140.53761291503906,961.8914794921876,129.6997528076172,-43.35783004760742,466.6744995117188,213.2151641845703,-236.4672393798828,853.1944580078125,-112.26244354248048,-271.5479736328125,148.19052124023438,-162.0918426513672,-134.45579528808594,989.0427856445312,-132.2491912841797,-235.36749267578125,509.3778991699219,-223.64398193359372,-115.83621215820312,823.7468872070312
114.5501480102539,229.95811462402344,220.1878662109375,142.06463623046875,-142.19683837890625,962.5825805664062,131.19627380371094,-54.26604461669922,465.6167297363281,213.85699462890625,-229.54396057128903,850.51611328125,-112.77945709228516,-262.6292419433594,147.84622192382812,-163.02813720703125,-135.5452117919922,990.8388061523438,-133.98167419433594,-232.6721954345703,509.4402465820313,-225.2389373779297,-121.71760559082033,825.9539184570312
115.60499572753906,222.5504302978516,226.35299682617188,141.0314178466797,-143.62576293945312,963.391845703125,132.67410278320312,-65.5213851928711,464.786865234375,214.59201049804688,-222.4231414794922,848.0386962890625,-113.25833129882812,-253.4202117919922,147.5648193359375,-163.93190002441406,-136.35122680664062,992.6159057617188,-135.60028076171875,-229.11651611328125,509.4281005859375,-226.7447967529297,-127.78256225585938,828.3795776367188
116.603759765625,214.08090209960935,232.2619781494141,140.02816772460938,-144.8285369873047,964.3193969726562,134.0771942138672,-77.03872680664062,464.25689697265625,215.4107666015625,-215.1353759765625,845.78076171875,-113.68148803710938,-243.9728546142578,147.3388214111328,-164.8021240234375,-136.87060546875,994.3528442382812,-137.0576934814453,-224.73269653320312,509.3684997558594,-228.1436309814453,-134.00465393066406,831.00341796875
117.51172637939452,204.6813507080078,237.82041931152344,139.054443359375,-145.81582641601562,965.3651733398438,135.35842895507812,-88.73391723632812,464.0934753417969,216.3035125732422,-207.7120819091797,843.7570190429688,-114.0387954711914,-234.34161376953125,147.16043090820312,-165.63900756835938,-137.10354614257812,996.0302734375,-138.32542419433594,-219.58497619628903,509.2854614257813,-229.4188232421875,-140.35699462890625,833.8038330078125
118.30001831054688,194.4899444580078,242.9392242431641,138.10850524902344,-146.6035919189453,966.5284423828124,136.48133850097656,-100.52561950683594,464.3531188964844,217.2603454589844,-200.1850128173828,841.9779052734375,-114.32706451416016,-224.5791778564453,147.02215576171875,-166.44363403320312,-137.05361938476562,997.6312255859376,-139.3946990966797,-213.7655792236328,509.1967468261719,-230.5552673339844,-146.81251525878906,836.7584228515625
118.94667053222656,183.6393585205078,247.5337677001953,137.18777465820312,-147.2116241455078,967.8070678710938,137.42092895507812,-112.3366928100586,465.0782470703125,218.27117919921875,-192.58596801757807,840.4494018554688,-114.54898834228516,-214.73309326171875,146.9171600341797,-167.21755981445312,-136.7277069091797,999.140869140625,-140.2744903564453,-207.38766479492188,509.1127624511719,-231.5396423339844,-153.3443603515625,839.8442993164062
119.43679809570312,172.24696350097656,251.5233459472656,136.2893829345703,-147.66172790527344,969.1964721679688,138.16334533691406,-124.09487915039062,466.2939147949219,219.32583618164065,-184.94635009765625,839.173095703125,-114.7114715576172,-204.84385681152344,146.839599609375,-167.96226501464844,-136.13609313964844,1000.5470581054688,-140.98716735839844,-200.57627868652344,509.0368347167969,-232.36045837402344,-159.9261474609375,843.0386352539062
119.76261138916016,160.40850830078125,254.83200073242188,135.41078186035156,-147.97608947753906,970.689453125,138.7044677734375,-135.73292541503906,468.00592041015625,220.41407775878903,-177.2968292236328,838.1460571289062,-114.8239288330078,-194.9438018798828,146.7849578857422,-168.6788330078125,-135.2924346923828,1001.8399658203124,-141.5626678466797,-193.4582977294922,508.966796875,-233.00827026367188,-166.53221130371094,846.318603515625
119.92382049560548,148.1952362060547,257.390625,134.5502471923828,-148.1757354736328,972.2752685546876,139.0475311279297,-147.18841552734375,470.2003173828125,221.52561950683597,-169.66702270507812,837.3607788085938,-114.8965301513672,-185.0565643310547,146.7500457763672,-169.36740112304688,-134.21385192871094,1003.01220703125,-142.0325164794922,-186.15313720703125,508.8968505859375,-233.4756622314453,-173.13796997070312,849.6618041992188
119.9284439086914,135.65374755859375,259.1396484375,133.70738220214844,-148.27932739257812,973.9398193359376,139.20045471191406,-158.4033660888672,472.8441162109375,222.650146484375,-162.08518981933594,836.8057250976562,-114.93889617919922,-175.19752502441406,146.73291015625,-170.02691650390625,-132.9208984375,1004.0587768554688,-142.4246826171875,-178.76512145996094,508.8200988769531,-233.75726318359372,-179.72000122070312,853.04638671875
119.79328155517578,122.807861328125,260.0311584472656,132.8834228515625,-148.30230712890625,975.6654052734376,139.17320251464844,-169.32376098632812,475.887451171875,223.77737426757807,-154.5780487060547,836.4652099609375,-114.95907592773438,-165.37501525878906,146.73236083984375,-170.65493774414062,-131.43734741210938,1004.9765014648438,-142.7600860595703,-171.3782501220703,508.7303771972656,-233.84971618652344,-186.2562713623047,856.451171875
119.54353332519533,109.66159057617188,260.03045654296875,132.0814666748047,-148.2565460205078,977.4314575195312,138.9757843017578,-179.899169921875,479.266845703125,224.8970184326172,-147.17054748535156,836.3201293945312,-114.96321105957033,-155.59197998046875,146.74761962890625,-171.24769592285156,-129.78990173339844,1005.7640380859376,-143.05140686035156,-164.0533447265625,508.6238098144531,-233.75161743164065,-192.7262420654297,859.8556518554688
119.21112060546876,96.2025146484375,259.11669921875,131.30648803710938,-148.1503143310547,979.2147216796876,138.61691284179688,-190.0824737548828,482.9093627929688,225.99891662597656,-139.88584899902344,836.3482055664062,-114.95560455322266,-145.84776306152344,146.77784729003906,-171.8002471923828,-128.00767517089844,1006.4213256835938,-143.30374145507812,-156.82794189453125,508.499267578125,-233.46337890625,-199.1109161376953,863.2399291992188
118.83187103271484,82.40534210205078,257.28289794921875,130.5652618408203,-147.98858642578125,980.990478515625,138.1034393310547,-199.8297576904297,486.737060546875,227.0730438232422,-132.7451171875,836.524658203125,-114.93901824951172,-136.13954162597656,146.8218231201172,-172.3066864013672,-126.12158203125,1006.9495849609376,-143.51673889160156,-149.71890258789062,508.3581848144531,-232.987060546875,-205.39291381835935,866.5848999023438
118.4426727294922,68.23519134521484,254.5367889404297,129.86602783203125,-147.77354431152344,982.7327880859376,137.44049072265625,-209.10031127929688,490.6714477539063,228.10968017578125,-125.7676239013672,836.8226318359375,-114.91512298583984,-126.46350860595705,146.87777709960938,-172.7605438232422,-124.16355895996094,1007.3508911132812,-143.68714904785156,-142.7271728515625,508.2036437988281,-232.3262939453125,-211.55642700195312,869.8721313476562
118.07940673828124,53.65058517456055,250.90237426757807,129.21795654296875,-147.50518798828125,984.41552734375,136.63243103027344,-217.85659790039065,494.63671875,229.09945678710935,-118.970703125,837.2138061523438,-114.8849105834961,-116.81558227539062,146.94334411621094,-173.155029296875,-122.16571807861328,1007.6280517578124,-143.8111572265625,-135.84381103515625,508.0390625,-231.4860076904297,-217.58721923828125,873.0838623046875
117.7752914428711,38.60646057128906,246.4220123291016,128.63050842285156,-147.18215942382812,986.0126953125,135.68394470214844,-226.0646514892578,498.5621643066406,230.03350830078125,-112.36981964111328,837.6693115234375,-114.84901428222656,-107.19189453125,147.01565551757812,-173.4834442138672,-120.1594467163086,1007.78466796875,-143.8860626220703,-129.05612182617188,507.8669128417969,-230.47238159179688,-223.4724578857422,876.2028198242188
117.55933380126952,23.057270050048828,241.1584625244141,128.11282348632812,-146.8026123046875,987.4994506835938,134.60162353515625,-233.694091796875,502.38330078125,230.90365600585935,-105.9786605834961,838.1599731445312,-114.80792236328124,-97.58918762207033,147.09161376953125,-173.73951721191406,-118.1746826171875,1007.82470703125,-143.91110229492188,-122.35277557373048,507.6878356933594,-229.2926483154297,-229.2006378173828,879.2122802734375
117.45489501953124,6.960474967956543,235.1960906982422,127.67315673828124,-146.36509704589844,988.8524780273438,133.39523315429688,-240.7185211181641,506.0422668457031,231.7025146484375,-99.80921936035156,838.6573486328125,-114.76203918457033,-88.00489807128906,147.1682586669922,-173.91778564453125,-116.23934173583984,1007.7523803710938,-143.8874969482422,-115.72718811035156,507.5005798339844,-227.95497131347656,-234.7613983154297,882.09619140625
117.4785385131836,-9.71955680847168,228.64073181152344,127.31863403320312,-145.86923217773438,990.0505981445312,132.0789794921875,-247.1158447265625,509.4874572753906,232.42364501953125,-93.87185668945312,839.1337890625,-114.71168518066406,-78.43732452392578,147.24305725097656,-174.0139617919922,-114.37882232666016,1007.5723876953124,-143.81797790527344,-109.1788330078125,507.3023986816406,-226.46836853027344,-240.1453857421875,884.8389282226562
117.63932800292967,-27.00742721557617,221.61788940429688,127.0548324584961,-145.3164520263672,991.0751342773438,130.67214965820312,-252.8689117431641,512.673095703125,233.0616912841797,-88.17542266845703,839.5635375976562,-114.65711975097656,-68.88557434082031,147.314208984375,-174.02525329589844,-112.6155242919922,1007.2891235351562,-143.706298828125,-102.712646484375,507.0901489257813,-224.842529296875,-245.3441467285156,887.4253540039062
117.93897247314452,-44.91269302368164,214.2695159912109,126.88557434082033,-144.71047973632812,991.91064453125,129.19943237304688,-257.9662475585937,515.5587768554688,233.6125640869141,-82.72731018066406,839.9227294921875,-114.59846496582033,-59.34947204589844,147.3809051513672,-173.9506072998047,-110.96837615966795,1006.9070434570312,-143.55662536621094,-96.33721923828124,506.8614196777344,-223.0878143310547,-250.35009765625,889.8410034179688
118.3730010986328,-63.426734924316406,206.74917602539065,126.81270599365234,-144.05775451660156,992.5447387695312,127.6904067993164,-262.4029235839844,518.109375,234.07347106933597,-77.53365325927734,840.18994140625,-114.53573608398438,-49.82933807373047,147.44351196289062,-173.7908477783203,-109.45246124267578,1006.4302978515624,-143.37342834472656,-90.06230163574219,506.6156005859375,-221.21502685546875,-255.1564483642578,892.0722045898438
118.9324951171875,-82.52088928222656,199.21578979492188,126.8360366821289,-143.3677215576172,992.9684448242188,126.1786651611328,-266.1815795898437,520.2951049804688,234.4430694580078,-72.5994873046875,840.3463134765625,-114.46884155273438,-40.32585144042969,147.5035858154297,-173.54873657226562,-108.07901000976562,1005.8626708984376,-143.16151428222656,-83.896240234375,506.3543395996094,-219.2353973388672,-259.757080078125,894.1058959960938
119.60556030273438,-102.14519500732422,191.82716369628903,126.95335388183594,-142.65298461914062,993.1762084960938,124.70037078857422,-269.3133239746094,522.0921630859375,234.7215576171875,-67.92891693115234,840.3760986328125,-114.39759063720705,-30.84004783630371,147.56402587890625,-173.22891235351562,-106.85543823242188,1005.207763671875,-142.92633056640625,-77.84395599365234,506.08154296875,-217.16049194335935,-264.14654541015625,895.929931640625
120.37806701660156,-122.2271728515625,184.7334899902344,127.1605224609375,-141.9291534423828,993.1658325195312,123.29239654541016,-271.81903076171875,523.4835205078125,234.91067504882807,-63.52535629272461,840.2664184570312,-114.32172393798828,-21.37353515625,147.62899780273438,-172.83773803710938,-105.78559112548828,1004.4690551757812,-142.6743927001953,-71.90608978271484,505.8026428222656,-215.0020904541016,-268.3199768066406,897.533203125
121.23399353027344,-142.6706085205078,178.07159423828125,127.45175170898438,-141.21463012695312,992.9385986328124,121.99036407470705,-273.7300720214844,524.4598999023438,235.0137481689453,-59.39168930053711,840.0074462890625,-114.24093627929688,-11.928827285766602,147.70387268066406,-172.38307189941406,-104.86998748779295,1003.6500244140624,-142.41351318359375,-66.07914733886719,505.5237121582031,-212.7721099853516,-272.2730407714844,898.90576171875
122.15552520751952,-163.3548583984375,171.95977783203125,127.81983184814452,-140.53013610839844,992.4990844726562,120.8264617919922,-275.08868408203125,525.0208740234375,235.03567504882807,-55.5305290222168,839.5926513671875,-114.1549301147461,-2.509686231613159,147.79510498046875,-171.87391662597656,-104.10614013671876,1002.7544555664062,-142.15267944335938,-60.356571197509766,505.2505493164063,-210.4824981689453,-276.00177001953125,900.0389404296875
123.12297058105467,-184.1348419189453,166.49330139160156,128.25650024414062,-139.89813232421875,991.8551635742188,119.82746124267578,-275.9476623535156,525.1753540039062,234.98287963867188,-51.94438171386719,839.0184936523438,-114.0634994506836,6.87868070602417,147.90989685058594,-171.3199462890625,-103.48917388916016,1001.7864379882812,-141.9014434814453,-54.73064422607422,504.9877014160156,-208.14520263671875,-279.5027160644531,900.9256591796876
124.11485290527344,-204.8424072265625,161.74053955078125,128.7528839111328,-139.34231567382812,991.0180053710938,119.012939453125,-276.3689270019531,524.9419555664062,234.8632354736328,-48.635868072509766,838.28466796875,-113.96674346923828,16.229576110839844,148.05596923828125,-170.73092651367188,-103.01256561279295,1000.750732421875,-141.6689453125,-49.1948127746582,504.7380981445313,-205.7721099853516,-282.7726135253906,901.5604858398438
125.10816955566406,-225.2892608642578,157.73989868164062,129.29986572265625,-138.88694763183594,990.0018310546876,118.39397430419922,-276.4219665527344,524.3486938476562,234.68603515625,-45.60788345336914,837.3939208984375,-113.86539459228516,25.534862518310547,148.24114990234375,-170.11607360839844,-102.66905975341795,999.6524658203124,-141.46273803710938,-43.74612045288086,504.5026550292969,-203.375,-285.8084411621094,901.9400024414062
126.07892608642578,-245.2709197998047,154.49795532226562,129.88858032226562,-138.5563201904297,988.8238525390624,117.97235870361328,-276.1813659667969,523.4319458007812,234.4617919921875,-42.86372375488281,836.3518676757812,-113.7612075805664,34.78499984741211,148.47323608398438,-169.48336791992188,-102.45166778564452,998.4974975585938,-141.28746032714844,-38.3873405456543,504.2803039550781,-200.9655303955078,-288.6073303222656,902.0628662109376
127.00296020507812,-264.5717163085937,151.98895263671875,130.51068115234375,-138.37417602539062,987.504150390625,117.74042510986328,-275.72442626953125,522.2349243164062,234.2020568847656,-40.40719604492188,835.1671752929688,-113.65741729736328,43.96900177001953,148.7598876953125,-168.83901977539062,-102.35452270507812,997.2920532226562,-141.14356994628906,-33.12849426269531,504.0686340332031,-198.5552215576172,-291.16656494140625,901.9301147460938
127.85706329345705,-282.970947265625,150.15638732910156,131.15875244140625,-138.36309814453125,986.0652465820312,117.6815948486328,-275.1280212402344,520.8054809570312,233.91929626464844,-38.24265670776367,833.8508911132812,-113.55884552001952,53.07453918457031,149.10902404785156,-168.1871337890625,-102.37357330322266,996.0430908203124,-141.0264129638672,-27.987689971923828,503.8640441894531,-196.15542602539065,-293.4833374023437,901.5454711914062
128.62033081054688,-300.2499694824219,148.9166259765625,131.8264923095703,-138.54397583007812,984.5318603515624,117.77172088623048,-274.4659423828125,519.193603515625,233.62664794921875,-36.37499237060547,832.4168090820312,-113.47126770019533,62.08863830566406,149.52919006347656,-167.52967834472656,-102.50697326660156,994.7578735351562,-140.92550659179688,-22.991273880004883,503.6626281738281,-193.77735900878903,-295.5549621582031,900.9151000976562
129.27552795410156,-316.2001953125,148.16470336914062,132.5088348388672,-138.93539428710938,982.9304809570312,117.98120880126952,-273.8059387207031,517.4492797851562,233.3376922607422,-34.809566497802734,830.8807373046875,-113.40047454833984,70.99855041503906,150.02993774414062,-166.86683654785156,-102.75506591796876,993.444091796875,-140.82444763183594,-18.173316955566406,503.4605102539063,-191.4320068359375,-297.3785705566406,900.0480346679688
129.81045532226562,-330.6312866210937,147.78184509277344,133.2021484375,-139.55313110351562,981.2888793945312,118.27769470214844,-273.2075500488281,515.6201171875,233.06629943847656,-33.5521125793457,829.2605590820312,-113.35143280029295,79.79242706298828,150.6217498779297,-166.197509765625,-103.12023162841795,992.1099243164062,-140.70118713378906,-13.574575424194336,503.2544250488281,-189.1302032470703,-298.9514465332031,898.9559936523438
130.218994140625,-343.37957763671875,147.64425659179688,133.9041748046875,-140.4095001220703,979.6356811523438,118.62902069091795,-272.7199401855469,513.75,232.8263092041016,-32.60865020751953,827.57568359375,-113.3275146484375,88.45964813232422,151.31588745117188,-165.51959228515625,-103.60665130615234,990.763671875,-140.5289764404297,-9.240960121154783,503.04193115234375,-186.8824920654297,-300.270751953125,897.653564453125
130.50148010253906,-354.31591796875,147.6322021484375,134.61412048339844,-141.5127716064453,977.999755859375,119.00607299804688,-272.38092041015625,511.8779296875,232.6313934326172,-31.985366821289062,825.8466186523438,-113.33001708984376,96.9909210205078,152.12413024902344,-164.8303680419922,-104.22013854980467,989.4138793945312,-140.27786254882812,-5.221737861633301,502.8215637207031,-184.6991729736328,-301.3337097167969,896.1576538085938
130.6645050048828,-363.3523864746094,147.63804626464844,135.3325653076172,-142.8666229248047,976.4097290039062,119.38508605957033,-272.2165832519531,510.0376281738281,232.49484252929688,-31.68846893310547,824.0946655273438,-113.35799407958984,105.37800598144533,153.0585174560547,-164.1266326904297,-104.9677963256836,988.0687866210938,-139.916748046875,-1.567705750465393,502.5924987792969,-182.59019470214844,-302.1376647949219,894.4876708984375
130.71978759765625,-370.4475402832031,147.5727081298828,136.0614776611328,-144.46954345703125,974.8935546875,119.74915313720705,-272.2418518066406,508.2576599121094,232.4293212890625,-31.724008560180664,822.3416137695312,-113.40841674804688,113.61293029785156,154.13124084472656,-163.4048309326172,-105.8576431274414,986.7363891601562,-139.41598510742188,1.6703770160675049,502.3540954589844,-180.56504821777344,-302.6801452636719,892.6650390625
130.6832733154297,-375.6099853515625,147.37051391601562,136.8040008544922,-146.31442260742188,973.4780883789062,120.0889663696289,-272.4617614746094,506.5621337890625,232.4467620849609,-32.097740173339844,820.6089477539062,-113.47653198242188,121.6865005493164,155.35459899902344,-162.66119384765625,-106.89798736572266,985.4240112304688,-138.75013732910156,4.442878246307373,502.1051330566406,-178.63270568847656,-302.9589233398437,890.7130737304688
130.5742645263672,-378.8995361328125,146.99237060546875,137.56443786621094,-148.3883514404297,972.1886596679688,120.40306854248048,-272.873046875,504.9712829589844,232.55812072753903,-32.81502914428711,818.9177856445312,-113.55634307861328,129.5863494873047,156.74095153808594,-161.89181518554688,-108.09669494628906,984.1384887695312,-137.90093994140625,6.7017998695373535,501.8429565429688,-176.80154418945312,-302.9720764160156,888.6561889648438
130.41452026367188,-380.4251403808594,146.42628479003906,138.3478546142578,-150.6725311279297,971.0487670898438,120.6976318359375,-273.4662475585937,503.5028991699219,232.7732696533203,-33.88078689575195,817.2885131835938,-113.64122772216795,137.29464721679688,158.30294799804688,-161.0927734375,-109.460205078125,982.8858032226562,-136.8599395751953,8.400766372680664,501.5629577636719,-175.0791778564453,-302.7181396484375,886.5199584960938
130.2271270751953,-380.3388671875,145.68460083007812,139.15988159179688,-153.14254760742188,970.0797729492188,120.9859848022461,-274.227783203125,502.1734313964844,233.10079956054688,-35.299461364746094,815.7402954101562,-113.72454071044922,144.785888671875,160.05398559570312,-160.26022338867188,-110.99249267578124,981.6712036132812,-135.63055419921875,9.494636535644531,501.25787353515625,-173.47239685058594,-302.1962585449219,884.3304443359375
130.03504943847656,-378.8258361816406,144.79800415039062,140.0062255859375,-155.76890563964844,969.3004150390624,121.28783416748048,-275.14190673828125,500.9993896484375,233.5479736328125,-37.07501602172852,814.2910766601562,-113.80027770996094,152.02505493164062,162.00875854492188,-159.39064025878906,-112.69390106201172,980.4993896484376,-134.22935485839844,9.938997268676758,500.9175415039063,-171.98707580566406,-301.4061279296875,882.1136474609375
129.85951232910156,-376.0908203125,143.80772399902344,140.8922119140625,-158.51785278320312,968.7266235351562,121.62816619873048,-276.1919250488281,499.9979248046875,234.12049865722656,-39.21099853515625,812.9573974609375,-113.86380767822266,158.96591186523438,164.18385314941406,-158.48098754882812,-114.55998229980467,979.3744506835938,-132.68650817871094,9.68995189666748,500.5287170410156,-170.62808227539062,-300.3482971191406,879.8952026367188
129.7184600830078,-372.3421020507813,142.7576141357422,141.82240295410156,-161.35227966308594,968.3712158203124,122.0358657836914,-277.3603820800781,499.18646240234375,234.82260131835935,-41.71051788330078,811.7540893554688,-113.91232299804688,165.54974365234375,166.5979461669922,-157.52903747558594,-116.5805206298828,978.300048828125,-131.04495239257812,8.70454216003418,500.07513427734375,-169.39923095703125,-299.0240478515625,877.6998901367188
129.6251983642578,-367.7754211425781,141.6885528564453,142.800048828125,-164.23301696777344,968.2431640625,122.54185485839844,-278.6278076171875,498.5811462402344,235.6568603515625,-44.57618713378906,810.694580078125,-113.94464111328124,171.70445251464844,169.27114868164062,-156.53370666503906,-118.73876190185548,977.2796630859376,-129.35845947265625,6.942074298858643,499.537841796875,-168.30319213867188,-297.43572998046875,875.5512084960938
129.5874786376953,-362.5602111816406,140.6356201171875,143.82681274414062,-167.1200714111328,968.3475952148438,123.1765365600586,-279.9700927734375,498.1943054199219,236.6242218017578,-47.80998229980469,809.7906494140625,-113.96038055419922,177.34466552734375,172.2240753173828,-155.49526977539062,-121.010986328125,976.3162231445312,-127.68840789794922,4.366439342498779,498.8963623046875,-167.34153747558594,-295.58673095703125,873.4710693359375
129.60696411132812,-356.8306579589844,139.62718200683594,144.90235900878906,-169.97409057617188,968.6852416992188,123.96670532226562,-281.3545837402344,498.03076171875,237.72398376464844,-51.41304397583008,809.0526123046875,-113.9590835571289,182.37327575683597,175.47682189941406,-154.41567993164062,-123.36653137207033,975.4126586914062,-126.09962463378906,0.949287474155426,498.1300048828125,-166.51475524902344,-293.4816589355469,871.479248046875
129.67938232421875,-350.6832275390625,138.68511962890625,146.02420043945312,-172.75762939453125,969.2518920898438,124.9319839477539,-282.7362060546875,498.0846252441406,238.95382690429688,-55.38542938232422,808.4893188476562,-113.93966674804688,186.6842498779297,179.04791259765625,-153.2987060546875,-125.76823425292967,974.5718383789062,-124.65534973144533,-3.3263096809387207,497.2201232910156,-165.8222198486328,-291.1263122558594,869.5933837890625
129.7953338623047,-344.1792907714844,137.82496643066406,147.1876220703125,-175.43637084960938,970.0386352539062,126.0812759399414,-284.05389404296875,498.3368225097656,240.30975341796875,-59.72584915161133,808.1080322265625,-113.9000015258789,190.16653442382807,182.95301818847656,-152.15003967285156,-128.1733856201172,973.7967529296876,-123.4119873046875,-8.462281227111816,496.1526489257813,-165.26235961914062,-288.52789306640625,867.8284301757812
129.9417724609375,-337.3516540527344,137.05612182617188,148.38575744628906,-177.97991943359375,971.0315551757812,127.4098663330078,-285.2294311523437,498.75439453125,241.7860870361328,-64.43140411376953,807.9149780273438,-113.8366928100586,192.709228515625,187.20297241210935,-150.97708129882812,-130.53518676757812,973.0906372070312,-122.41407012939452,-14.442693710327148,494.9208679199219,-164.832763671875,-285.695068359375,866.1968383789062
130.10382080078125,-330.21295166015625,136.38218688964844,149.60980224609375,-180.36251831054688,972.2123413085938,128.89785766601562,-286.16851806640625,499.2921447753906,243.37554931640625,-69.49732208251953,807.9149169921875,-113.7450180053711,194.2083740234375,191.8013610839844,-149.78868103027344,-132.80482482910156,972.4573974609376,-121.69024658203124,-21.232177734375,493.5284118652344,-164.5303192138672,-282.63775634765625,864.708251953125
130.26651000976562,-322.76483154296875,135.80172729492188,150.849365234375,-182.56320190429688,973.5587768554688,130.51051330566406,-286.76495361328125,499.89593505859375,245.06918334960935,-74.91671752929688,808.1116943359375,-113.6189422607422,194.5741424560547,196.7416534423828,-148.59454345703125,-134.9338836669922,971.9016723632812,-121.25056457519533,-28.776010513305664,491.99163818359375,-164.3514404296875,-279.36737060546875,863.36962890625
130.41619873046875,-315.0057373046875,135.30926513671875,152.09298706054688,-184.56578063964844,975.0455322265624,132.20046997070312,-286.9079284667969,500.5078125,246.85638427734372,-80.68043518066406,808.508056640625,-113.45136260986328,193.73825073242188,202.00462341308597,-147.40464782714844,-136.87698364257812,971.4287719726562,-121.0855712890625,-37.00188446044922,490.342041015625,-164.292236328125,-275.89654541015625,862.185302734375
130.54151916503906,-306.93707275390625,134.8964385986328,153.3287811279297,-186.3583831787109,976.6453857421876,133.91188049316406,-286.4908142089844,501.0716247558594,248.72499084472656,-86.77696990966797,809.1058959960938,-113.2342300415039,191.66012573242188,207.55630493164065,-146.22836303710938,-138.59437561035156,971.045166015625,-121.16751861572266,-45.823238372802734,488.6271667480469,-164.34878540039062,-272.2389221191406,861.1572875976562
130.6339569091797,-298.56695556640625,134.5531463623047,154.54502868652344,-187.932861328125,978.3301391601562,135.58602905273438,-285.4211120605469,501.5383911132813,250.6612243652344,-93.19248962402344,809.9063720703125,-112.95872497558594,188.33135986328125,213.3474578857422,-145.07403564453125,-140.053955078125,970.7582397460938,-121.45352935791016,-55.14379119873047,486.9103698730469,-164.51722717285156,-268.4091796875,860.2852783203125
130.6883544921875,-289.91217041015625,134.2685089111328,155.73101806640625,-189.2840576171875,980.0717163085938,137.16773986816406,-283.6291198730469,501.8709411621094,252.6499786376953,-99.91089630126952,810.9100341796875,-112.61565399169922,183.77783203125,219.3141632080078,-143.94871520996094,-141.23272705078125,970.5763549804688,-121.8903350830078,-64.86276245117188,485.2685241699219,-164.79408264160156,-264.4226989746094,859.567138671875
130.70298767089844,-280.9987487792969,134.0314483642578,156.87754821777344,-190.4090576171875,981.8430786132812,138.61170959472656,-281.07489013671875,502.0466918945313,254.67481994628903,-106.91400146484376,812.116943359375,-112.19590759277344,178.0588836669922,225.37966918945312,-142.8579864501953,-142.11764526367188,970.5089111328124,-122.41997528076172,-74.8801498413086,483.7878723144531,-165.17617797851562,-260.2954406738281,858.9991455078125
130.67929077148438,-271.8601379394531,133.83145141601562,157.97755432128906,-191.306640625,983.6189575195312,139.88760375976562,-277.7519226074219,502.0588073730469,256.71832275390625,-114.18165588378906,813.5266723632812,-111.69121551513672,171.2631072998047,231.45681762695312,-141.80609130859375,-142.7058868408203,970.565673828125,-122.98567199707033,-85.10160827636719,482.55853271484375,-165.66082763671875,-256.043701171875,858.5761108398438
130.6215057373047,-262.5346374511719,133.6590576171875,159.02635192871094,-191.97689819335935,985.376220703125,140.98268127441406,-273.6875915527344,501.9153747558594,258.76226806640625,-121.69204711914062,815.138427734375,-111.09508514404295,163.5009002685547,237.4500732421875,-140.7958526611328,-143.00448608398438,970.7567749023438,-123.53710174560548,-95.4422836303711,481.6682434082031,-166.24575805664062,-251.68389892578125,858.2916870117188
130.53598022460938,-253.06198120117188,133.50625610351562,160.02182006835938,-192.4209899902344,987.0942993164062,141.90196228027344,-268.9395446777344,501.6363830566406,260.787841796875,-129.42184448242188,816.9508666992188,-110.40396881103516,154.8941650390625,243.2566375732422,-139.82896423339844,-143.02931213378906,971.0918579101562,-124.03453826904295,-105.82919311523438,481.1958618164063,-166.92904663085938,-247.23236083984372,858.1386108398438
130.43063354492188,-243.480224609375,133.3667449951172,160.96432495117188,-192.64114379882807,988.7547607421876,142.66555786132812,-263.5890808105469,501.2500305175781,262.776123046875,-137.346435546875,818.9620971679688,-109.61837768554688,145.56466674804688,248.76632690429688,-138.90597534179688,-142.80372619628906,971.5791015625,-124.4510498046875,-116.2016372680664,481.2054138183594,-167.70889282226562,-242.70513916015625,858.1085815429688
130.31407165527344,-233.8234405517578,133.23626708984375,161.8563995361328,-192.6407928466797,990.3416137695312,143.30392456054688,-257.7325134277344,500.7883605957031,264.7082214355469,-145.44012451171875,821.1695556640625,-108.74365234375,135.62326049804688,253.8614044189453,-138.026611328125,-142.35702514648438,972.2249145507812,-124.7728042602539,-126.50988006591795,481.7408752441406,-168.5834503173828,-238.1179351806641,858.1921997070312
130.1947479248047,-224.12017822265625,133.11276245117188,162.702392578125,-192.42459106445312,991.8409423828124,143.85154724121094,-251.4709625244141,500.2832946777344,266.5656433105469,-153.67640686035156,823.5697631835938,-107.79035949707033,125.16242980957033,258.4185485839844,-137.18988037109375,-141.72268676757812,973.0324096679688,-124.99803161621094,-136.71266174316406,482.822265625,-169.55047607421875,-233.48594665527344,858.3792114257812
130.07989501953125,-214.3926696777344,132.99620056152344,163.50784301757812,-191.9986724853516,993.24072265625,144.34043884277344,-244.9009246826172,499.7633361816406,268.3306579589844,-162.02816772460938,826.1582641601562,-106.77452087402344,114.25279998779295,262.31365966796875,-136.3943634033203,-140.9364776611328,974.0008544921876,-125.13491821289062,-146.7743682861328,484.4438781738281,-170.60707092285156,-228.82379150390625,858.658203125
129.974609375,-204.65679931640625,132.88809204101562,164.27899169921875,-191.3706512451172,994.5305786132812,144.79466247558594,-238.10597229003903,499.2513732910156,269.9864196777344,-170.46795654296875,828.9290771484375,-105.71775817871094,102.94322204589844,265.4294738769531,-135.63844299316406,-140.0347442626953,975.124755859375,-125.19847106933594,-156.6619415283203,486.5747375488281,-171.74940490722656,-224.14544677734372,859.0165405273438
129.8813934326172,-194.92288208007807,132.7910614013672,165.02206420898438,-190.5497589111328,995.7012939453124,145.22720336914062,-231.15109252929688,498.7633972167969,271.51727294921875,-178.96827697753906,831.8749389648438,-104.64686584472656,91.26306915283205,267.6636657714844,-134.92059326171875,-139.05264282226562,976.3935546875,-125.2068099975586,-166.34210205078125,489.1612243652344,-172.9725341796875,-219.46414184570312,859.4402465820312
129.79994201660156,-185.19659423828125,132.70828247070312,165.74278259277344,-189.5468292236328,996.7448120117188,145.64007568359375,-224.07981872558597,498.308349609375,272.9089660644531,-187.50169372558597,834.9867553710938,-103.59285736083984,79.22541046142578,268.9361572265625,-134.2395782470703,-138.02288818359375,977.7911987304688,-125.17723083496094,-175.77963256835938,492.1319885253906,-174.27017211914062,-214.7922821044922,859.9139404296875
129.72760009765625,-175.4800262451172,132.6428985595703,166.44586181640625,-188.3742828369141,997.6538696289062,146.0270538330078,-216.9144287109375,497.8887939453125,274.14874267578125,-196.04116821289065,838.2533569335938,-102.58959197998048,66.82994842529297,269.1939392089844,-133.5946502685547,-136.974609375,979.2964477539062,-125.12288665771484,-184.93685913085935,495.4041137695313,-175.63470458984375,-210.14141845703125,860.4210205078125
129.6600799560547,-165.77268981933594,132.59759521484375,167.13462829589844,-187.0460357666016,998.421875,146.37852478027344,-209.65911865234372,497.5023193359375,275.2254943847656,-204.5601348876953,841.6618041992188,-101.67206573486328,54.06572723388672,268.4136047363281,-132.985595703125,-135.93270874023438,980.8836059570312,-125.0501937866211,-193.7744140625,498.8894653320313,-177.0571746826172,-205.5221710205078,860.943603515625
129.5923309326172,-156.072265625,132.5740509033203,167.8108367919922,-185.5774688720703,999.0430297851562,146.68592834472656,-202.3057098388672,497.1430358886719,276.1299133300781,-213.03274536132807,845.1968994140625,-100.87415313720705,40.91415023803711,266.60125732421875,-132.412841796875,-134.9175262451172,982.52294921875,-124.9574737548828,-202.25238037109372,502.5008850097656,-178.5274200439453,-200.94435119628903,861.4627685546875
129.51943969726562,-146.37539672851562,132.5727081298828,168.47434997558594,-183.9851837158203,999.5125122070312,146.94479370117188,-194.8407440185547,496.8030395507813,276.8544006347656,-221.4339599609375,848.8413696289062,-100.22584533691406,27.35268211364746,263.7911071777344,-131.8773193359375,-133.94467163085938,984.1822509765624,-124.83473205566406,-210.33184814453125,506.15673828125,-180.03421020507812,-196.4168243408203,861.9589233398438
129.43743896484375,-136.67864990234375,132.5925750732422,169.12319946289062,-182.28668212890625,999.82666015625,147.15545654296875,-187.25267028808597,496.4736022949219,277.3932189941406,-229.73960876464844,852.576171875,-99.75122833251952,13.35802936553955,260.04278564453125,-131.3804168701172,-133.02537536621094,985.8279418945312,-124.6649932861328,-217.9756622314453,509.7837219238281,-181.5656280517578,-191.9476776123047,862.4122314453125
129.3435821533203,-126.97920989990234,132.63136291503906,169.75363159179688,-180.49996948242188,999.9830932617188,147.32186889648438,-179.5376739501953,496.14599609375,277.74249267578125,-237.92657470703125,856.3802490234375,-99.46749877929688,-1.0918771028518677,255.4378204345703,-130.9239044189453,-132.166748046875,987.4261474609376,-124.42703247070312,-225.1486968994141,513.3175048828125,-183.1092834472656,-187.5442047119141,862.8029174804688
129.23641967773438,-117.27549743652344,132.68557739257812,170.36033630371094,-178.6432342529297,999.9810791015624,147.44970703125,-171.7035369873047,495.8118591308594,277.9001770019531,-245.97271728515625,860.2311401367188,-99.38475036621094,-16.016672134399414,250.07557678222656,-130.50970458984375,-131.37234497070312,988.9439086914062,-124.09903717041016,-231.81809997558597,516.7020263671875,-184.6527099609375,-183.21299743652344,863.1117553710938
129.11557006835938,-107.5672378540039,132.7508087158203,170.9368438720703,-176.73451232910156,999.8215942382812,147.5443115234375,-163.77163696289062,495.4637145996094,277.8659362792969,-253.8569793701172,864.1050415039062,-99.5062484741211,-31.43239974975586,244.0694732666016,-130.13983154296875,-130.64280700683594,990.3502807617188,-123.66262817382812,-237.95396423339844,519.8873291015625,-186.1836853027344,-178.9600372314453,863.3206787109375
128.98121643066406,-97.85541534423828,132.82196044921875,171.4759063720703,-174.79151916503906,999.5072631835938,147.60923767089844,-155.77670288085938,495.0949096679688,277.64117431640625,-261.55938720703125,867.9771118164062,-99.82894897460938,-47.35004425048828,237.54367065429688,-129.81625366210938,-129.97645568847656,991.6170654296876,-123.1064224243164,-243.53057861328125,522.8274536132812,-187.6905670166016,-174.790771484375,863.4130249023438
128.83364868164062,-88.14207458496094,132.89352416992188,171.97000122070312,-172.83148193359375,999.0423583984376,147.6454620361328,-147.76449584960938,494.6999206542969,277.2288513183594,-269.06109619140625,871.8219604492188,-100.34408569335938,-63.77363967895508,230.63003540039065,-129.5407257080078,-129.3699951171875,992.7194213867188,-122.4281997680664,-248.52764892578125,525.4791870117188,-189.1625518798828,-170.71022033691406,863.374267578125
128.6729736328125,-78.43010711669922,132.95980834960938,172.41172790527344,-170.87095642089844,998.4328002929688,147.65150451660156,-139.78768920898438,494.2745971679688,276.6334533691406,-276.34423828125,875.6138305664062,-101.0378875732422,-80.69806671142578,223.46554565429688,-129.3147430419922,-128.81918334960938,993.6365356445312,-121.63542938232422,-252.93101501464844,527.8021240234375,-190.5900115966797,-166.7230987548828,863.192138671875
128.49880981445312,-68.72301483154297,133.01516723632812,172.79425048828125,-168.92584228515625,997.6859741210938,147.6241455078125,-131.90103149414062,493.8162841796875,275.8607177734375,-283.39208984375,879.3270263671875,-101.89237213134766,-98.1068344116211,216.18951416015625,-129.13941955566406,-128.3194122314453,994.3517456054688,-120.74446868896484,-256.73309326171875,529.7596435546875,-191.9646453857422,-162.83392333984375,862.85693359375
128.31036376953125,-59.024688720703125,133.0542449951172,173.11167907714844,-167.01123046875,996.8106079101562,147.5596923828125,-124.15648651123048,493.3241271972656,274.9176940917969,-290.18896484375,882.9360961914062,-102.88619232177734,-115.97012329101562,208.94064331054688,-129.01539611816406,-127.8664093017578,994.8530883789062,-119.77902221679688,-259.933349609375,531.320556640625,-193.27964782714844,-159.047119140625,862.36181640625
128.10658264160156,-49.33928298950195,133.0723419189453,173.35935974121094,-165.14151000976562,995.81640625,147.45547485351562,-116.5992202758789,492.7988586425781,273.8124084472656,-296.72021484375,886.4163208007812,-103.99539184570312,-134.243408203125,201.85374450683597,-128.9429168701172,-127.45662689208984,995.13330078125,-118.76817321777344,-262.5385437011719,532.460693359375,-194.5298767089844,-155.36715698242188,861.7029418945312
127.88648223876952,-39.67116165161133,133.06594848632812,173.53414916992188,-163.3302459716797,994.7139892578124,147.31118774414062,-109.26467895507812,492.2428894042969,272.5539245605469,-302.9722595214844,889.7437744140625,-105.19412994384766,-152.8663787841797,195.05638122558597,-128.92173767089844,-127.08776092529295,995.1898193359376,-117.744140625,-264.5633850097656,533.1649780273438,-195.71185302734372,-151.79861450195312,860.87939453125
127.64946746826172,-30.024911880493164,133.03321838378906,173.63458251953125,-161.5902557373047,993.5145874023438,147.12986755371094,-102.17717742919922,491.659912109375,271.152099609375,-308.9325256347656,892.895751953125,-106.4551773071289,-171.76235961914062,188.6653289794922,-128.9512481689453,-126.75912475585938,995.0250244140624,-116.74006652832033,-266.0307922363281,533.4292602539062,-196.8237762451172,-148.34625244140625,859.893310546875
127.39576721191406,-20.40545654296875,132.97462463378906,173.6609649658203,-159.93362426757812,992.22998046875,146.9184112548828,-95.3501434326172,491.0544738769531,269.6174621582031,-314.5895690917969,895.8509521484375,-107.75050354003906,-190.8377685546875,182.78309631347656,-129.0305633544922,-126.47196197509766,994.6458740234376,-115.78795623779295,-266.97216796875,533.2615966796875,-197.865478515625,-145.01516723632812,858.7495727539062
127.1267547607422,-10.81829833984375,132.89358520507812,173.6154022216797,-158.37164306640625,990.8723754882812,146.68704223632812,-88.78801727294922,490.4313049316406,267.9612731933594,-319.9328308105469,898.5895385742188,-109.05158233642578,-209.98190307617188,177.49461364746094,-129.15863037109375,-126.22966003417967,994.06396484375,-114.9168701171875,-267.42724609375,532.682861328125,-198.83834838867188,-141.81077575683594,857.4556884765625
126.8452606201172,-1.2698692083358765,132.79689025878906,173.5016632080078,-156.91490173339844,989.4540405273438,146.44808959960938,-82.489013671875,489.7950744628906,266.1953125,-324.9527893066406,901.0935668945312,-110.32945251464844,-229.0670623779297,172.8642578125,-129.3344268798828,-126.03783416748048,993.2948608398438,-114.1514129638672,-267.4439697265625,531.7262573242188,-199.74522399902344,-138.73892211914062,856.0216064453125
126.55572509765624,8.232057571411133,132.69525146484375,173.3248748779297,-155.57321166992188,987.9874877929688,146.214111328125,-76.4480209350586,489.1499633789063,264.3318176269531,-329.6408386230469,903.3468017578124,-111.55460357666016,-247.9486083984375,168.93328857421875,-129.5569610595703,-125.90435028076172,992.3582153320312,-113.51046752929688,-267.0778503417969,530.4356079101562,-200.59030151367188,-135.80584716796875,854.4595336914062
126.26433563232422,17.67813491821289,132.60342407226562,173.0911102294922,-154.3556671142578,986.4849243164062,145.99591064453125,-70.6593017578125,488.499755859375,262.38360595703125,-333.9891662597656,905.3351440429688,-112.69673919677734,-266.4654846191406,165.71762084960938,-129.8255615234375,-125.83919525146484,991.276611328125,-113.0062026977539,-266.3919982910156,528.86279296875,-201.3789520263672,-133.018310546875,852.7833862304688
125.97876739501952,27.05744743347168,132.53988647460938,172.8069610595703,-153.27064514160156,984.9585571289062,145.80087280273438,-65.11874389648438,487.84771728515625,260.36383056640625,-337.99072265625,907.0465698242188,-113.72445678710938,-284.441650390625,163.20669555664062,-130.1398468017578,-125.8543701171875,990.0755615234376,-112.64337158203124,-265.45654296875,527.0645751953125,-202.1176605224609,-130.38351440429688,851.0087280273438
125.70755767822266,36.3577880859375,132.5260467529297,172.47898864746094,-152.3259735107422,983.420166015625,145.6317138671875,-59.82561111450195,487.19671630859375,258.2861022949219,-341.63916015625,908.4713134765624,-114.6052703857422,-301.689697265625,161.3634490966797,-130.4998779296875,-125.96368408203124,988.7823486328124,-112.41901397705078,-264.3482971191406,525.0995483398438,-202.81378173828125,-127.90912628173828,849.1524047851562
125.4589614868164,45.56622314453125,132.584716796875,172.1132049560547,-151.5290069580078,981.8809204101562,145.4857940673828,-54.78359603881836,486.5494384765625,256.1643981933594,-344.9286193847656,909.6018676757812,-115.30607604980467,-318.0155334472656,160.12599182128906,-130.906005859375,-126.18244171142578,987.4256591796876,-112.32232666015624,-263.1495666503906,523.0260009765625,-203.47552490234372,-125.60330963134766,847.2322998046875
125.2396011352539,54.66979598999024,132.7386932373047,171.71470642089844,-150.88682556152344,980.351806640625,145.35507202148438,-50.00121688842773,485.9084167480469,254.01303100585935,-347.85382080078125,910.4329223632812,-115.79442596435548,-333.2251281738281,159.41094970703125,-131.35894775390625,-126.52703094482422,986.03466796875,-112.3349609375,-261.94598388671875,520.900390625,-204.1117248535156,-123.47462463378906,845.266845703125
125.05332946777344,63.65616226196289,133.00946044921875,171.28749084472656,-150.4062042236328,978.843017578125,145.22630310058594,-45.49164962768555,485.2762756347656,251.8466033935547,-350.4097900390625,910.9618530273438,-116.0405044555664,-347.132568359375,159.11834716796875,-131.8594970703125,-127.01435089111328,984.6382446289062,-112.43174743652344,-260.8231506347656,518.776611328125,-204.73167419433597,-121.53205108642578,843.2752075195312
124.9009780883789,72.51386260986328,133.4167938232422,170.83425903320312,-150.09373474121094,977.3643188476562,145.08187866210938,-41.27219009399414,484.6559753417969,249.67996215820312,-352.5919189453125,911.1880493164062,-116.019775390625,-359.5697326660156,159.13803100585938,-132.40841674804688,-127.66111755371094,983.264404296875,-112.58189392089844,-259.86199951171875,516.7048950195312,-205.34506225585935,-119.78485870361328,841.2765502929688
124.78046417236328,81.23238372802734,133.9787139892578,170.35629272460938,-149.95582580566406,975.9247436523438,144.90081787109375,-37.36358642578125,484.05084228515625,247.5281219482422,-354.3959350585937,911.1134643554688,-115.71583557128906,-370.3961181640625,159.35702514648438,-133.00624084472656,-128.48297119140625,981.9397583007812,-112.7508773803711,-259.1337585449219,514.730224609375,-205.961669921875,-118.24261474609376,839.2901611328125
124.68707275390624,89.80218505859375,134.71160888671875,169.8533172607422,-149.9986572265625,974.5325317382812,144.66009521484375,-33.789424896240234,483.464599609375,245.4061584472656,-355.8177490234375,910.7423095703124,-115.12308502197266,-379.5082702636719,159.66726684570312,-133.65306091308594,-129.49362182617188,980.688720703125,-112.90277862548828,-258.6953125,512.8911743164062,-206.5912933349609,-116.91503143310548,837.3350830078125
124.61397552490234,98.21452331542967,135.630126953125,169.3236846923828,-150.22796630859375,973.1951904296876,144.33633422851562,-30.575571060180664,482.9009094238281,243.3290557861328,-356.8536071777344,910.0809326171876,-114.24889373779295,-386.8474426269531,159.972900390625,-134.34837341308594,-130.7037811279297,979.5335693359376,-113.00333404541016,-258.58563232421875,511.21868896484375,-207.24343872070312,-115.8119125366211,835.4298706054688
124.5529327392578,106.4610595703125,136.74737548828125,168.7644805908203,-150.64874267578125,971.9191284179688,143.90773010253906,-27.74983787536621,482.3628234863281,241.3115692138672,-357.4999694824219,909.1378784179688,-113.1147918701172,-392.4045715332031,160.1962127685547,-135.09107971191406,-132.120361328125,978.4937744140624,-113.02337646484376,-258.8241577148437,509.7357177734375,-207.9272003173828,-114.9430160522461,833.5924682617188
124.4952163696289,114.53298950195312,138.0750274658203,168.17185974121094,-151.26478576660156,970.7100219726562,143.35635375976562,-25.341846466064453,481.85198974609375,239.36802673339844,-357.7536926269531,907.9237060546876,-111.75662994384766,-396.221435546875,160.28160095214844,-135.8794403076172,-133.74554443359375,977.5862426757812,-112.94214630126952,-259.4109802246094,508.4580078125,-208.65093994140625,-114.3179168701172,831.8399658203125
124.43260955810548,122.41983032226562,139.6235809326172,167.54132080078125,-152.07814025878906,969.5726318359376,142.67066955566406,-23.383119583129883,481.3677673339844,237.51210021972656,-357.61199951171875,906.4508056640624,-110.22370910644533,-398.3880615234375,160.1967010498047,-136.71124267578125,-135.5762176513672,976.824951171875,-112.7501983642578,-260.3288879394531,507.3946228027344,-209.4220733642578,-113.94585418701172,830.1884765625
124.35836791992188,130.10784912109375,141.40261840820312,166.86788940429688,-153.08872985839844,968.5106811523438,141.8483123779297,-21.907337188720703,480.9066162109375,235.75653076171875,-357.0725402832031,904.7332763671876,-108.5769271850586,-399.0364074707031,159.9307098388672,-137.58392333984375,-137.60354614257812,976.2211303710938,-112.45140075683594,-261.547119140625,506.5495300292969,-210.2468414306641,-113.83563232421876,828.6529541015625
124.2680892944336,137.57823181152344,143.42117309570312,166.14637756347656,-154.29380798339844,967.5272827148438,140.89825439453125,-20.95056533813477,480.461669921875,234.1128692626953,-356.1334533691406,902.7869262695312,-106.88582611083984,-398.3308715820313,159.4901580810547,-138.49472045898438,-139.81288146972656,975.7833862304688,-112.06399536132812,-263.0261535644531,505.9227600097656,-211.13006591796875,-113.99542236328124,827.2470703125
124.16048431396484,144.80538940429688,145.68800354003906,165.3717041015625,-155.68756103515625,966.6245727539062,139.842529296875,-20.551137924194336,480.0229187011719,232.59127807617188,-354.7933654785156,900.6290283203125,-105.22457885742188,-396.4554748535156,158.893310546875,-139.4408416748047,-142.18397521972656,975.5176391601562,-111.62019348144533,-264.722900390625,505.5114440917969,-212.07493591308597,-114.43268585205078,825.9832153320312
124.03783416748048,151.75535583496094,148.21202087402344,164.53924560546875,-157.26060485839844,965.8043212890624,138.7166290283203,-20.74906349182129,479.5771789550781,231.2001953125,-353.0515441894531,898.2781982421875,-103.66698455810548,-393.599609375,158.16529846191406,-140.4195098876953,-144.691650390625,975.4269409179688,-111.16436004638672,-266.59521484375,505.3100891113281,-213.08282470703125,-115.15396881103516,824.8723754882812
123.90619659423828,158.3846893310547,151.00282287597656,163.64529418945312,-158.9995574951172,965.0678100585938,137.56869506835938,-21.584836959838867,479.1089477539063,229.9461669921875,-350.9078369140625,895.7542724609375,-102.28059387207033,-389.943603515625,157.33457946777344,-141.4281463623047,-147.30662536621094,975.51171875,-110.7496337890625,-268.60498046875,505.3100280761719,-214.1532745361328,-116.16477966308594,823.9241943359375
123.7752685546875,164.63963317871094,154.07110595703125,162.68772888183594,-160.8866729736328,964.4161987304688,136.4571990966797,-23.0976619720459,478.6008605957031,228.83370971679688,-348.36285400390625,893.0783081054688,-101.12044525146484,-385.6463317871094,156.43043518066406,-142.4642333984375,-149.9963836669922,975.7697143554688,-110.43350982666016,-270.71875,505.4977722167969,-215.28384399414065,-117.46940612792967,823.1470336914062
123.65787506103516,170.45590209960938,157.42901611328125,161.66656494140625,-162.89942932128906,963.8509521484376,135.44720458984375,-25.323286056518555,478.0345764160156,227.86509704589844,-345.4181213378906,890.2723388671875,-100.2235336303711,-380.8367614746094,155.4812469482422,-143.5253143310547,-152.726318359375,976.1957397460938,-110.27265167236328,-272.9058532714844,505.8527526855469,-216.47023010253903,-119.07076263427734,822.5479125976562
123.56918334960938,175.75860595703125,161.08975219726562,160.58441162109375,-165.0104217529297,963.3739624023438,134.6054229736328,-28.29173469543457,477.391845703125,227.04037475585935,-342.0761413574219,887.3593139648438,-99.60529327392578,-375.60986328125,154.51356506347656,-144.60882568359375,-155.4607696533203,976.7821044921876,-110.31729125976562,-275.1341247558594,506.3453979492188,-217.7063140869141,-120.97020721435548,822.132568359375
123.52544403076172,180.4624481201172,165.06649780273438,159.44667053222656,-167.18765258789062,962.987060546875,133.9941864013672,-32.0251579284668,476.6558227539063,226.3573455810547,-338.34051513671875,884.3629150390625,-99.25894927978516,-370.02734375,153.55174255371094,-145.71192932128906,-158.1641845703125,977.5185546875,-110.6058349609375,-277.3638916015625,506.9361877441406,-218.9842834472656,-123.16747283935548,821.9054565429688
123.5423583984375,184.4728546142578,169.37034606933594,158.26121520996094,-169.39517211914062,962.6925659179688,133.665283203125,-36.53602981567383,475.8128967285156,225.8116607666016,-334.2163391113281,881.3074340820312,-99.15772247314452,-364.1213989257813,152.61758422851562,-146.8314666748047,-160.80210876464844,978.3927612304688,-111.16015625,-279.5414428710937,507.57708740234375,-220.2948303222656,-125.6604995727539,821.8700561523438
123.63319396972656,187.68875122070312,174.0078125,157.03794860839844,-171.5943603515625,962.4924926757812,133.65420532226562,-41.82577896118164,474.8548889160156,225.3969573974609,-329.7100830078125,878.2175903320312,-99.25946044921876,-357.9008178710937,151.73007202148438,-147.96377563476562,-163.34201049804688,979.3909301757812,-111.98239135742188,-281.59423828125,508.2153015136719,-221.6274261474609,-128.4453887939453,822.0284423828125
123.80690002441406,190.00717163085935,178.97793579101562,155.7880401611328,-173.74575805664062,962.3890991210938,133.9757080078125,-47.883975982666016,473.7815551757813,225.10504150390625,-324.8299560546875,875.1182861328125,-99.51274871826172,-351.3582458496094,150.90496826171875,-149.10464477539062,-165.7540283203125,980.4984741210938,-113.05392456054688,-283.42877197265625,508.7985534667969,-222.97044372558597,-131.516357421875,822.3817749023438
124.06672668457033,191.3292236328125,184.2693328857422,154.52328491210938,-175.8108673095703,962.3848266601562,134.62158203125,-54.688133239746094,472.6027526855469,224.9261779785156,-319.5858154296875,872.0344848632812,-99.86360168457033,-344.4779357910156,150.15451049804688,-150.2493438720703,-168.01121520996094,981.7001953125,-114.33684539794922,-284.9320983886719,509.2809753417969,-224.3114776611328,-134.86570739746094,822.9302368164062
124.40953063964844,191.56640625,189.8572998046875,153.2554473876953,-177.7540740966797,962.4822998046876,135.56106567382812,-62.20408248901367,471.3404846191406,224.8493804931641,-313.98944091796875,868.9907836914062,-100.26151275634766,-337.2433776855469,149.4868927001953,-151.39271545410156,-170.08990478515625,982.9813842773438,-115.77771759033205,-285.9776306152344,509.6284790039063,-225.6375274658203,-138.48388671875,823.673095703125
124.82549285888672,190.64715576171875,195.7017822265625,151.99574279785156,-179.54428100585938,962.6845703125,136.74380493164062,-70.38687896728516,470.0298156738281,224.86273193359372,-308.05450439453125,866.0115356445312,-100.66392517089844,-329.6435546875,148.90621948242188,-152.52943420410156,-171.96957397460938,984.327880859375,-117.31301879882812,-286.4334716796875,509.8225708007813,-226.9352569580078,-142.3595428466797,824.6087646484375
125.29812622070312,188.5228271484375,201.74685668945312,150.75425720214844,-181.1561279296875,962.9950561523438,138.1049041748047,-79.18205261230469,468.7189636230469,224.9537048339844,-301.7964782714844,863.1202392578125,-101.0388641357422,-321.6778259277344,148.41249084472656,-153.65415954589844,-173.6327667236328,985.7263793945312,-118.87560272216795,-286.1731262207031,509.86224365234375,-228.1912078857422,-146.47958374023438,825.7347412109375
125.80445098876952,185.1725006103516,207.92218017578125,149.5396270751953,-182.57098388671875,963.4175415039062,139.57093811035156,-88.52716064453125,467.4679260253906,225.1095428466797,-295.2327880859375,860.3394165039062,-101.36583709716795,-313.3581237792969,148.00189208984375,-154.7620086669922,-175.06497192382812,987.1647338867188,-120.40160369873048,-285.0863647460937,509.7633056640625,-229.39198303222656,-150.82945251464844,827.0480346679688
126.31609344482422,180.60592651367188,214.14620971679688,148.3587188720703,-183.7775115966797,963.9561157226562,141.06626892089844,-98.3533172607422,466.3459777832031,225.3175048828125,-288.3826904296875,857.6903686523438,-101.63533782958984,-304.7088623046875,147.6674346923828,-155.84877014160156,-176.25439453125,988.6314086914062,-121.83702850341795,-283.08905029296875,509.5553283691406,-230.5245056152344,-155.39320373535156,828.544677734375
126.80138397216795,174.86459350585938,220.3304748535156,147.21653747558594,-184.7718048095703,964.6151123046876,142.5185546875,-108.58675384521484,465.4281005859375,225.5652618408203,-281.26715087890625,855.1925048828125,-101.84740447998048,-295.7646179199219,147.39974975585938,-156.91119384765625,-177.1917724609375,990.11572265625,-123.14344787597656,-280.1314392089844,509.2766418457031,-231.576171875,-160.15371704101562,830.2201538085938
127.2284927368164,168.02012634277344,226.38385009765625,146.11624145507812,-185.55706787109372,965.3984375,143.8633575439453,-119.15036010742188,464.7904357910156,225.84103393554688,-273.9087219238281,852.8633422851562,-102.00951385498048,-286.5662536621094,147.18824768066406,-157.94712829589844,-177.87017822265625,991.6073608398438,-124.30170440673828,-276.2041931152344,508.9678039550781,-232.5349578857422,-165.0929718017578,832.069091796875
127.56883239746094,160.16934204101562,232.2158966064453,145.0592498779297,-186.1427764892578,966.3096923828124,145.0473175048828,-129.9652099609375,464.50537109375,226.1338806152344,-266.3315124511719,850.7177124023438,-102.13411712646484,-277.1576232910156,147.02210998535156,-158.95550537109375,-178.28482055664062,993.095703125,-125.31317901611328,-271.3405456542969,508.6652526855469,-233.38967895507807,-170.19223022460938,834.0852661132812
127.80017852783205,151.42608642578125,237.7382659912109,144.04527282714844,-186.5435943603516,967.3510131835938,146.03036499023438,-140.95204162597656,464.636962890625,226.43370056152344,-258.5609436035156,848.7677001953125,-102.23617553710938,-267.5826110839844,146.89114379882812,-159.9362030029297,-178.43292236328125,994.5701904296876,-126.1980438232422,-265.61444091796875,508.3958740234375,-234.1299591064453,-175.4322967529297,836.2615356445312
127.90879821777344,141.9110107421875,242.8641662597656,143.0725555419922,-186.77793884277344,968.5230102539062,146.7865447998047,-152.03269958496094,465.23626708984375,226.7314910888672,-250.6236267089844,847.02197265625,-102.33069610595705,-257.88299560546875,146.78656005859375,-160.88986206054688,-178.3138427734375,996.01953125,-126.99077606201172,-259.1340637207031,508.1739196777344,-234.74639892578125,-180.79368591308597,838.589599609375
127.89029693603516,131.74075317382812,247.50689697265625,142.13796997070312,-186.866455078125,969.8237915039062,147.30389404296875,-163.13121032714844,466.33795166015625,227.0191802978516,-242.547119140625,845.4855346679688,-102.43070220947266,-248.0971221923828,146.701416015625,-161.81744384765625,-177.9291534423828,997.4320068359376,-127.73342895507812,-252.0315704345703,508.0008239746094,-235.23065185546875,-186.2568206787109,841.0602416992188
127.74899291992188,121.0184326171875,251.57907104492188,141.2373046875,-186.8303985595703,971.2485961914062,147.5830535888672,-174.17454528808594,467.9575805664063,227.28976440429688,-234.3597717285156,844.1597900390625,-102.54576873779295,-238.2587127685547,146.63104248046875,-162.7198944091797,-177.28285217285156,998.7953491210938,-128.4679718017578,-244.45071411132807,507.86712646484375,-235.5753936767578,-191.80218505859372,843.6627197265625
127.4964828491211,109.82697296142578,254.99359130859372,140.36570739746094,-186.690185546875,972.7887573242188,147.634765625,-185.0931396484375,470.0903015136719,227.5371856689453,-226.0904083251953,843.0418701171875,-102.68126678466795,-228.3955993652344,146.572998046875,-163.5977020263672,-176.38162231445312,1000.0969848632812,-129.2288360595703,-236.53411865234372,507.756591796875,-235.7744140625,-197.4105224609375,846.3851928710938
127.1498565673828,98.22602081298828,257.6663513183594,139.51805114746094,-186.4642791748047,974.4317016601562,147.47686767578125,-195.8212432861328,472.7107543945313,227.75631713867188,-217.76817321777344,842.1251831054688,-102.83820343017578,-218.5290679931641,146.5266876220703,-164.45057678222656,-175.23495483398438,1001.324462890625,-130.03704833984375,-228.41192626953125,507.6510620117188,-235.82260131835935,-203.0628662109375,849.2142944335938
126.72990417480467,86.25226593017578,259.5198974609375,138.6896514892578,-186.1682586669922,976.1605834960938,147.1309051513672,-206.297119140625,475.7740478515625,227.9428558349609,-209.42222595214844,841.3991088867188,-103.0137176513672,-208.6742401123047,146.4927520751953,-165.27725219726562,-173.855224609375,1002.4655151367188,-130.89718627929688,-220.1931915283203,507.53515625,-235.71597290039065,-208.7407073974609,852.1353759765625
126.2594757080078,73.92219543457031,260.487548828125,137.8767852783203,-185.8143768310547,977.9542846679688,146.6191864013672,-216.46348571777344,479.2181396484375,228.0932464599609,-201.08151245117188,840.8495483398438,-103.20214080810548,-198.8408050537109,146.47219848632812,-166.07525634765625,-172.2576904296875,1003.508544921875,-131.79783630371094,-211.9610290527344,507.3997497558594,-235.45162963867188,-214.42608642578125,855.1322021484375
125.76211547851562,61.23590850830078,260.5172424316406,137.07725524902344,-185.41134643554688,979.7882080078124,145.9623260498047,-226.26785278320312,482.9674682617188,228.20465087890625,-192.77444458007807,840.458984375,-103.3963623046875,-189.0340576171875,146.4657745361328,-166.841064453125,-170.46023559570312,1004.4430541992188,-132.715087890625,-203.7715606689453,507.24310302734375,-235.02780151367188,-220.10159301757807,858.1874389648438
125.2611846923828,48.18093490600586,259.5751037597656,136.29086303710938,-184.96466064453125,981.6347045898438,145.17764282226562,-235.6625061035156,486.9373474121094,228.27487182617188,-184.5287170410156,840.2073364257812,-103.58930206298828,-179.25587463378906,146.4733428955078,-167.570068359375,-168.48318481445312,1005.260009765625,-133.6182098388672,-195.65652465820312,507.0704345703125,-234.4437561035156,-225.7504425048828,861.2822875976562
124.77932739257812,34.73573303222656,257.6482849121094,135.51950073242188,-184.4771423339844,983.4640502929688,144.2782745361328,-244.60401916503903,491.03900146484375,228.3023223876953,-176.37109375,840.0719604492188,-103.77496337890624,-169.50576782226562,146.49366760253906,-168.2568817138672,-166.34878540039062,1005.951904296875,-134.47573852539062,-187.6287078857422,506.8916320800781,-233.6997985839844,-231.3565368652344,864.39697265625
124.33785247802734,20.87295913696289,254.7470550537109,134.76707458496094,-183.94952392578125,985.2459716796876,143.27320861816406,-253.052734375,495.1842346191406,228.28594970703125,-168.32716369628906,840.0287475585938,-103.94914245605467,-159.78175354003906,146.52439880371094,-168.89552307128906,-164.08079528808594,1006.513427734375,-135.26075744628906,-179.68885803222656,506.718017578125,-232.79722595214844,-236.9044647216797,867.5107421875
123.95575714111328,6.562490463256836,250.9053649902344,134.03924560546875,-183.3811798095703,986.9501342773438,142.16781616210938,-260.97216796875,499.289306640625,228.22528076171875,-160.42127990722656,840.0523071289062,-104.1095733642578,-150.08111572265625,146.5624237060547,-169.4797821044922,-161.703857421875,1006.9412231445312,-135.9541473388672,-171.83273315429688,506.5591430664063,-231.7382659912109,-242.3795166015625,870.6019897460938
123.64864349365234,-8.22579574584961,246.1806488037109,133.34274291992188,-182.77072143554688,988.5477294921876,140.965087890625,-268.32867431640625,503.2775268554688,228.12042236328125,-152.67636108398438,840.1168823242188,-104.25564575195312,-140.4010009765625,146.60443115234375,-170.00347900390625,-159.2429962158203,1007.2342529296876,-136.54566955566406,-164.05673217773438,506.4206237792969,-230.52603149414065,-247.7676696777344,873.648681640625
123.42766571044922,-23.519479751586918,240.65310668945312,132.6848907470703,-182.11671447753903,990.0119018554688,139.66712951660156,-275.0914306640625,507.0807189941406,227.97198486328125,-145.11387634277344,840.1968383789062,-104.38778686523438,-130.73876953125,146.6473846435547,-170.46083068847656,-156.72300720214844,1007.3933715820312,-137.03298950195312,-156.36129760742188,506.3030395507813,-229.16452026367188,-253.05569458007807,876.6284790039062
123.29876708984376,-39.34138488769531,234.4242706298828,132.0729522705078,-181.4183349609375,991.318359375,138.27691650390625,-281.23272705078125,510.6394958496094,227.7811737060547,-137.75376892089844,840.2673950195312,-104.50685119628906,-121.0921859741211,146.68894958496094,-170.84678649902344,-154.16807556152344,1007.4212646484376,-137.41949462890625,-148.75210571289062,506.2026977539063,-227.6585235595703,-258.2310485839844,879.5191040039062
123.26224517822266,-55.70767593383789,227.61489868164065,131.5135498046875,-180.6758728027344,992.4458618164062,136.79998779296875,-286.7288818359375,513.9028930664062,227.5498046875,-130.614501953125,840.3048706054688,-104.6137237548828,-111.45954132080078,146.72769165039062,-171.15731811523438,-151.60165405273438,1007.3220825195312,-137.7118682861328,-141.2396697998047,506.1128540039063,-226.013671875,-263.28179931640625,882.2984619140625
123.3128433227539,-72.62603759765625,220.36196899414065,131.01242065429688,-179.89102172851562,993.3762817382812,135.24588012695312,-291.5609741210937,516.8277587890625,227.2801818847656,-123.71308135986328,840.2874755859375,-104.70906066894533,-101.83956909179688,146.7630615234375,-171.38973999023438,-149.04635620117188,1007.1007690429688,-137.91812133789062,-133.83792114257812,506.0254821777344,-224.2364959716797,-268.1967163085937,884.9451293945312
123.4404296875,-90.09384155273438,212.8148956298828,130.5742950439453,-179.06712341308594,994.094970703125,133.62901306152344,-295.7164306640625,519.37841796875,226.97525024414065,-117.0651626586914,840.1954345703125,-104.79325103759766,-92.2315444946289,146.7952117919922,-171.54290771484375,-146.52398681640625,1006.7628173828124,-138.04647827148438,-126.56255340576172,505.9327087402344,-222.3343811035156,-272.9650573730469,887.4384155273438
123.63133239746094,-108.09654235839844,205.1306915283203,130.20285034179688,-178.2090606689453,994.5908203125,131.968994140625,-299.1901550292969,521.526123046875,226.63841247558597,-110.68518829345705,840.0113525390625,-104.8664093017578,-82.63536834716797,146.82492065429688,-171.6173553466797,-144.05538940429688,1006.3135986328124,-138.1050567626953,-119.42948150634766,505.8281555175781,-220.31561279296875,-277.5766296386719,889.7588500976562
123.87004089355467,-126.60614776611328,197.46829223632807,129.90084838867188,-177.32339477539062,994.8564453125,130.29014587402344,-301.9862670898437,523.24951171875,226.2736053466797,-104.58647918701172,839.7205810546875,-104.9285125732422,-73.0516128540039,146.85316467285156,-171.6153564453125,-141.66030883789062,1005.7581176757812,-138.10223388671875,-112.4535903930664,505.70697021484375,-218.1894073486328,-282.0218505859375,891.8882446289062
124.14051818847656,-145.57887268066406,189.9828186035156,129.6701202392578,-176.41827392578125,994.8880004882812,128.62057495117188,-304.1193542480469,524.5347900390625,225.88522338867188,-98.78134155273438,839.3109741210938,-104.97950744628906,-63.481422424316406,146.88099670410156,-171.54071044921875,-139.3573760986328,1005.1010131835938,-138.04737854003906,-105.6477279663086,505.56591796875,-215.9658660888672,-286.29168701171875,893.8101806640625
124.42684936523438,-164.95175170898438,182.82017517089844,129.5116424560547,-175.50347900390625,994.6849365234376,126.9905776977539,-305.61627197265625,525.3764038085938,225.4781036376953,-93.2811508178711,838.7734375,-105.0193862915039,-53.92623901367188,146.90924072265625,-171.3986053466797,-137.1639404296875,1004.346435546875,-137.95140075683594,-99.0218276977539,505.4026489257813,-213.6559295654297,-290.3775634765625,895.5098876953125
124.71340942382812,-184.63934326171875,176.1122589111328,129.42559814453125,-174.59027099609375,994.25,125.4308090209961,-306.5170288085937,525.7777099609375,225.05758666992188,-88.09638977050781,838.101806640625,-105.04821014404295,-44.38753509521485,146.93844604492188,-171.19528198242188,-135.0961151123047,1003.4978637695312,-137.82681274414062,-92.58214569091795,505.2151489257813,-211.27134704589844,-294.27154541015625,896.974609375
124.98468017578124,-204.53158569335935,169.9725799560547,129.4114532470703,-173.69129943847656,993.58935546875,123.97029876708984,-306.8752746582031,525.7517700195312,224.6295318603516,-83.2367172241211,837.2928466796875,-105.06608581542967,-34.86664962768555,146.9688262939453,-170.9376983642578,-133.16854858398438,1002.55859375,-137.68740844726562,-86.33068084716797,505.0011596679688,-208.82452392578125,-297.96612548828125,898.1937255859375
125.2250518798828,-224.49322509765625,164.4923858642578,129.46792602539062,-172.82041931152344,992.7122802734376,122.63449096679688,-306.7578125,525.3218994140625,224.2003173828125,-78.71092987060547,836.3463134765625,-105.0731430053711,-25.36493682861328,147.00054931640625,-170.63316345214844,-131.3942413330078,1001.5316772460938,-137.5471649169922,-80.26531219482422,504.7582092285156,-206.3284912109375,-301.4542236328125,899.158935546875
125.4188995361328,-244.36453247070312,159.73724365234375,129.5930938720703,-171.9925537109375,991.6312866210938,121.4434051513672,-306.24285888671875,524.5213623046875,223.77688598632807,-74.52701568603516,835.2648315429688,-105.06951904296876,-15.884249687194824,147.0339813232422,-170.28895568847656,-129.78439331054688,1000.4202880859376,-137.4189453125,-74.38081359863281,504.4833679199219,-203.7966766357422,-304.72906494140625,899.8641357421875
125.55104064941406,-263.9635009765625,155.74417114257812,129.78440856933594,-171.22372436523438,990.3622436523438,120.41014099121094,-305.4178466796875,523.3933715820312,223.36680603027344,-70.69214630126953,834.0537719726562,-105.05549621582033,-6.427714824676514,147.0702362060547,-169.9118194580078,-128.3485870361328,999.2278442382812,-137.31332397460938,-68.67060089111328,504.1734619140625,-201.24285888671875,-307.7842102050781,900.3056030273438
125.60733795166016,-283.0899963378906,152.51968383789062,130.038818359375,-170.5308380126953,988.9240112304688,119.53976440429688,-304.3762512207031,521.9893798828125,222.9781951904297,-67.21269989013672,832.7213745117188,-105.0318374633789,2.9992733001708984,147.1117706298828,-169.50758361816406,-127.0948715209961,997.9583740234376,-137.2372589111328,-63.12837219238281,503.8252868652344,-198.6810760498047,-310.6133728027344,900.4823608398438
125.57560729980467,-301.5320739746094,150.03921508789062,130.35276794433594,-169.93173217773438,987.3386840820312,118.82877349853516,-303.2138977050781,520.3673706054688,222.6197204589844,-64.09427642822266,831.2783203125,-105.00000762939452,12.388340950012209,147.16323852539062,-169.08078002929688,-126.02995300292967,996.6166381835938,-137.19338989257812,-57.749732971191406,503.4362182617188,-196.12542724609372,-313.2104187011719,900.395751953125
125.44673919677734,-319.0728759765625,148.2483673095703,130.72230529785156,-169.4449920654297,985.63134765625,118.26531219482422,-302.025146484375,518.589111328125,222.300537109375,-61.341739654541016,829.7376708984375,-104.96186065673828,21.728273391723636,147.23226928710938,-168.63458251953125,-125.1591796875,995.208740234375,-137.17926025390625,-52.53341674804688,503.0047607421875,-193.590087890625,-315.5692749023437,900.0498657226562
125.21558380126952,-335.4986267089844,147.06617736816406,131.14308166503906,-169.08984375,983.82958984375,117.83023071289062,-300.8984375,516.7169799804688,222.03016662597656,-58.95928955078125,828.1148071289062,-104.91928100585938,31.00568389892578,147.33001708984375,-168.17105102539062,-124.48641204833984,993.7422485351562,-137.18716430664062,-47.48220443725586,502.5315246582031,-191.08909606933597,-317.683837890625,899.4514770507812
124.8813247680664,-350.60626220703125,146.39039611816406,131.61038208007812,-168.88584899902344,981.9635009765624,117.49887084960938,-299.91259765625,514.8111572265625,221.81842041015625,-56.950469970703125,826.4270629882812,-104.87419891357422,40.20578002929688,147.47100830078125,-167.6913299560547,-124.01407623291016,992.2269287109376,-137.2039794921875,-42.6035270690918,502.0202941894531,-188.63638305664065,-319.5480041503906,898.6100463867188
124.44688415527344,-364.21099853515625,146.10423278808594,132.11924743652344,-168.85260009765625,980.0648193359376,117.24346923828124,-299.1329650878906,512.9264526367188,221.6752014160156,-55.31825637817383,824.6935424804688,-104.8288803100586,49.31325149536133,147.67282104492188,-167.19590759277344,-123.74327087402344,990.6742553710938,-137.2116241455078,-37.90984725952149,501.4787292480469,-186.2455902099609,-321.1557006835937,897.53759765625
123.91761016845705,-376.1530456542969,146.083984375,132.6644744873047,-169.00926208496094,978.1666870117188,117.03582763671876,-298.608642578125,511.1100769042969,221.61032104492188,-54.06507873535156,822.9346313476562,-104.78622436523438,58.313209533691406,147.9553985595703,-166.68460083007812,-123.6741180419922,989.097900390625,-137.1876220703125,-33.4188232421875,500.9188537597656,-183.93003845214844,-322.50079345703125,896.2489624023438
123.30030059814452,-386.3049011230469,146.20751953125,133.2407684326172,-169.3738250732422,976.3029174804688,116.84989166259766,-298.3702392578125,509.4002380371094,221.63331604003903,-53.19287872314453,821.1719970703125,-104.74983978271484,67.19200134277344,148.34017944335938,-166.1566619873047,-123.8061065673828,987.5131225585938,-137.10614013671875,-29.153465270996094,500.3567810058594,-181.7026824951172,-323.5773620605469,894.7613525390625
122.60293579101562,-394.5783996582031,146.36314392089844,133.8428955078125,-169.96237182617188,974.5072021484376,116.6639404296875,-298.42889404296875,507.824951171875,221.75320434570312,-52.70317840576172,819.4278564453125,-104.72394561767578,75.93756103515625,148.84925842285156,-165.6107940673828,-124.13831329345705,985.9363403320312,-136.9392852783203,-25.14223289489746,499.8114013671875,-179.57595825195312,-324.379638671875,893.0944213867188
121.83517456054688,-400.9311828613281,146.45755004882812,134.4658660888672,-170.7881622314453,972.8126220703124,116.46209716796876,-298.7767028808594,506.4018249511719,221.97825622558597,-52.59714889526367,817.7247924804688,-104.71305084228516,84.53917694091797,149.5044708251953,-165.0452117919922,-124.66954803466795,984.3847045898438,-136.65892028808594,-21.419124603271484,499.30267333984375,-177.56170654296875,-324.90216064453125,891.2702026367188
121.00921630859376,-405.3712158203125,146.4219207763672,135.10520935058594,-171.86053466796875,971.2506713867188,116.23538970947266,-299.3885498046875,505.1387939453125,222.3157958984375,-52.875633239746094,816.0850219726562,-104.72162628173828,92.98658752441406,150.32659912109375,-164.4578399658203,-125.39828491210938,982.8754272460938,-136.23866271972656,-18.0236759185791,498.8492431640625,-175.67111206054688,-325.1400756835937,889.3126831054688
120.14066314697266,-407.9586486816406,146.21510314941406,135.7572479248047,-173.1840057373047,969.850830078125,115.98236083984376,-300.225341796875,504.0354309082031,222.7719573974609,-53.53919982910156,814.5300903320312,-104.7538833618164,101.26847076416016,151.33456420898438,-163.846435546875,-126.32237243652344,981.4249267578124,-135.6561737060547,-15.000887870788574,498.4661254882813,-173.91461181640625,-325.089111328125,887.2476196289062
119.24917602539062,-408.8040161132813,145.8233642578125,136.41929626464844,-174.75723266601562,968.6397705078124,115.70928192138672,-301.2381591796875,503.0851745605469,223.35150146484372,-54.588138580322266,813.0806274414062,-104.81358337402344,109.37035369873048,152.54498291015625,-163.20870971679688,-127.4386215209961,980.0485229492188,-134.89561462402344,-12.400982856750488,498.1626586914063,-172.30174255371094,-324.7458801269531,885.1021118164062
118.35847473144533,-408.0625,145.25685119628906,137.0898895263672,-176.572265625,967.6409301757812,115.43000030517578,-302.37310791015625,502.278076171875,224.0576629638672,-56.02243423461914,811.7554321289062,-104.90402221679688,117.27230072021484,153.97213745117188,-162.54257202148438,-128.7421112060547,978.7595825195312,-133.9501190185547,-10.27902889251709,497.9411315917969,-170.8411865234375,-324.1080322265625,882.9044189453125
117.49559783935548,-405.92388916015625,144.54286193847656,137.76881408691406,-178.6140594482422,966.8738403320312,115.16539001464844,-303.5758056640625,501.603271484375,224.89202880859372,-57.84177780151367,810.571533203125,-105.02809143066406,124.94661712646484,155.6282501220703,-161.84625244140625,-130.22547912597656,977.5694580078124,-132.82421875,-8.694361686706543,497.7961730957031,-169.54061889648438,-323.1744079589844,880.6832885742188
116.68932342529295,-402.5991821289063,143.71775817871094,138.4570770263672,-180.86038208007807,966.3539428710938,114.94239044189452,-304.7947692871094,501.0513916015625,225.8544464111328,-60.04550552368164,809.5437622070312,-105.18856048583984,132.35601806640625,157.524169921875,-161.1185302734375,-131.8781280517578,976.4868774414062,-131.53598022460938,-7.709663391113281,497.7147216796875,-168.4066162109375,-321.9450988769531,878.4674682617188
115.96790313720705,-398.3045654296875,142.81910705566406,139.15676879882812,-183.28211975097656,966.0919189453124,114.79265594482422,-305.9839172363281,500.6157531738281,226.94309997558597,-62.63258361816406,808.6845703125,-105.38836669921876,139.45225524902344,159.67031860351562,-160.35879516601562,-133.6855010986328,975.5182495117188,-130.1181182861328,-7.389346122741699,497.6766357421875,-167.44468688964844,-320.4217529296875,876.28515625
115.35652160644533,-393.2447814941406,141.8810272216797,139.87071228027344,-185.84408569335935,966.093505859375,114.75077056884766,-307.1029052734375,500.292724609375,228.1544952392578,-65.6015396118164,808.003662109375,-105.63074493408205,146.1754150390625,162.07763671875,-159.5673370361328,-135.62857055664062,974.667236328125,-128.6174774169922,-7.796875953674316,497.6556701660156,-166.65908813476562,-318.6073608398437,874.16357421875
114.87464141845705,-387.598876953125,140.93280029296875,140.60206604003906,-188.50624084472656,966.359375,114.85189056396484,-308.1160888671875,500.0806884765625,229.48362731933597,-68.95040893554688,807.50830078125,-105.9191436767578,152.45394897460938,164.758544921875,-158.74525451660156,-137.6833953857422,973.9351806640624,-127.09247589111328,-8.990936279296875,497.6204528808594,-166.05288696289062,-316.5066223144531,872.1281127929688
114.53363800048828,-381.5102233886719,139.99893188476562,141.35391235351562,-191.22528076171875,966.884521484375,115.12883758544922,-308.9899597167969,499.97802734375,230.92416381835935,-72.67664337158203,807.2031860351562,-106.2567367553711,158.2056121826172,167.72756958007812,-157.8947296142578,-139.8210906982422,973.3213500976562,-125.6094207763672,-11.0211181640625,497.5359802246094,-165.6278076171875,-314.12579345703125,870.2018432617188
114.33502960205078,-375.0826110839844,139.0994873046875,142.12879943847656,-193.9562225341797,967.6586303710938,115.6084976196289,-309.6895446777344,499.9805603027344,232.4685516357422,-76.77700805664062,807.0906372070312,-106.64563751220705,163.33917236328125,171.0016326904297,-157.01895141601562,-142.00796508789062,972.8230590820312,-124.23777770996094,-13.923757553100586,497.3650817871094,-165.38430786132812,-311.4726867675781,868.4050903320312
114.27015686035156,-368.3814697265625,138.25027465820312,142.92835998535156,-196.65415954589844,968.6658325195312,116.30805206298828,-310.1750183105469,500.07952880859375,234.1083221435547,-81.24742889404297,807.1707153320312,-107.0859603881836,167.75701904296875,174.59967041015625,-156.1221466064453,-144.2062225341797,972.4360961914062,-123.04470825195312,-17.718372344970703,497.0707702636719,-165.3214874267578,-308.5567321777344,866.7550659179688
114.32140350341795,-361.4395446777344,137.4632110595703,143.75302124023438,-199.27574157714844,969.885498046875,117.23147583007812,-310.3989562988281,500.2601318359375,235.834228515625,-86.08282470703125,807.441650390625,-107.57492065429688,171.3587188720703,178.5415802001953,-155.2095184326172,-146.3748321533203,972.1552124023438,-122.0890655517578,-22.40516662597656,496.6191101074219,-165.4371337890625,-305.3888854980469,865.265380859375
114.4646987915039,-354.26513671875,136.74630737304688,144.601806640625,-201.78057861328125,971.2922973632812,118.36726379394533,-310.3053283691406,500.501708984375,237.6365203857422,-91.27696228027344,807.8998413085938,-108.10604095458984,174.04522705078125,182.8458709716797,-154.287109375,-148.4707794189453,971.9746704101562,-121.41566467285156,-27.964170455932617,495.9832763671875,-165.72781372070312,-301.9814453125,863.9458618164062
114.67257690429688,-346.8516540527344,136.10386657714844,145.47230529785156,-204.1324005126953,972.8574829101562,119.6879425048828,-309.8308410644531,500.77880859375,239.5049743652344,-96.8222427368164,808.5407104492188,-108.6685791015625,175.72409057617188,187.5262451171875,-153.36155700683594,-150.45079040527344,971.8886108398438,-121.0509262084961,-34.35624694824219,495.1478271484375,-166.1888427734375,-298.3479919433594,862.8025512695312
114.91707611083984,-339.1863708496094,135.53668212890625,146.36073303222656,-206.29974365234372,974.549560546875,121.15182495117188,-308.9083557128906,501.063232421875,241.42909240722656,-102.70960998535156,809.358642578125,-109.24758911132812,176.3151397705078,192.58709716796875,-152.43978881835938,-152.27322387695312,971.8916625976562,-121.00065612792967,-41.52571868896485,494.1129455566406,-166.8144989013672,-294.50311279296875,861.8375244140625
115.17194366455078,-331.25732421875,135.0425567626953,147.2621612548828,-208.25650024414065,976.335693359375,122.70684051513672,-307.4726257324219,501.3262939453125,243.39810180664065,-108.9284896850586,810.3474731445312,-109.82469940185548,175.75628662109375,198.0188751220703,-151.5284423828125,-153.90003967285156,971.9793701171876,-121.25017547607422,-49.4036979675293,492.8979797363281,-167.5980987548828,-290.4621887207031,861.04931640625
115.4142837524414,-323.0578918457031,134.61695861816406,148.17086791992188,-209.9820098876953,978.182861328125,124.29592895507812,-305.4665222167969,501.541259765625,245.40098571777344,-115.46670532226562,811.5009765625,-110.3796615600586,174.0089111328125,203.79397583007807,-150.63339233398438,-155.29869079589844,972.1484375,-121.76667785644533,-57.911808013916016,491.5436401367188,-168.53207397460938,-286.2411193847656,860.4330444335938
115.62591552734376,-314.58905029296875,134.2537384033203,149.0806427001953,-211.4610290527344,980.058837890625,125.86331176757812,-302.8474426269531,501.685546875,247.42649841308597,-122.3105010986328,812.81298828125,-110.89203643798828,171.06192016601562,209.8641662597656,-149.7592315673828,-156.44393920898438,972.3972778320312,-122.5038604736328,-66.96600341796875,490.11224365234375,-169.60816955566406,-281.8561706542969,859.980712890625
115.79427337646484,-305.860595703125,133.94566345214844,149.9852752685547,-212.6835479736328,981.9334716796876,127.360595703125,-299.5921630859375,501.7424621582031,249.4631500244141,-129.444580078125,814.2778930664062,-111.34292602539062,166.93385314941406,216.1601409912109,-148.90899658203125,-157.31924438476562,972.7260131835938,-123.40776824951172,-76.48004150390625,488.6853942871094,-170.81748962402344,-277.3236999511719,859.6817016601562
115.91287231445312,-296.8910522460937,133.68487548828125,150.8788604736328,-213.6443328857422,983.7794189453124,128.7517547607422,-295.7001342773437,501.70257568359375,251.4991607666016,-136.85211181640625,815.8907470703125,-111.71654510498048,161.6719207763672,222.5933380126953,-148.08433532714844,-157.9173583984375,973.1365356445312,-124.42281341552734,-86.36831665039062,487.3590698242188,-172.1505126953125,-272.659912109375,859.5233764648438
115.98108673095705,-287.70672607421875,133.46311950683594,151.75619506835938,-214.342529296875,985.5725708007812,130.0160369873047,-291.1940612792969,501.56439208984375,253.5223693847656,-144.5148162841797,817.6476440429688,-112.00183868408205,155.3482208251953,229.0593719482422,-147.28575134277344,-158.2403564453125,973.632568359375,-125.4970932006836,-96.5478286743164,486.236572265625,-173.59713745117188,-267.8807678222656,859.4912719726562
116.0032730102539,-278.3397827148437,133.27224731445312,152.61306762695312,-214.7810821533203,987.2926635742188,131.1483154296875,-286.11798095703125,501.33404541015625,255.52029418945312,-152.4128875732422,819.5454711914062,-112.19366455078124,148.05311584472656,235.44204711914065,-146.51296997070312,-158.2991180419922,974.2191162109376,-126.58619689941406,-106.93923950195312,485.4199523925781,-175.1466827392578,-263.0018310546875,859.5698852539062
115.98747253417967,-268.8261108398437,133.1046142578125,153.4463653564453,-214.9662628173828,988.923095703125,132.1568145751953,-280.53350830078125,501.0239868164063,257.4800109863281,-160.5250244140625,821.5823364257812,-112.29346466064452,139.88668823242188,241.6170959472656,-145.76527404785156,-158.11227416992188,974.9019165039062,-127.65508270263672,-117.46694946289062,485.0010681152344,-176.7877655029297,-258.0381164550781,859.742919921875
115.94385528564452,-259.2025451660156,132.95350646972656,154.25418090820312,-214.9070281982422,990.4508666992188,133.0587158203125,-274.51422119140625,500.6510925292969,259.38824462890625,-168.82847595214844,823.7572631835938,-112.3090591430664,130.9497833251953,247.4552154541016,-145.0417938232422,-157.7047576904297,975.6865844726562,-128.6782989501953,-128.0587615966797,485.0534973144531,-178.50819396972656,-253.00411987304688,859.9934692382812
115.88308715820312,-249.5041961669922,132.8135986328125,155.03567504882812,-214.61453247070312,991.8663940429688,133.87460327148438,-268.1396789550781,500.2347106933594,261.2313232421875,-177.2991180419922,826.070068359375,-112.25347900390624,121.33655548095705,252.82513427734372,-144.34170532226562,-157.10598754882812,976.5777587890624,-129.63941955566406,-138.64553833007812,485.62603759765625,-180.29498291015625,-247.91372680664065,860.3046264648438
115.81488800048828,-239.76235961914065,132.68116760253906,155.79090881347656,-214.1016387939453,993.1627197265624,134.62278747558594,-261.4889221191406,499.7942199707031,262.9953308105469,-185.9116058349609,828.5210571289062,-112.14332580566406,111.1297607421875,257.597900390625,-143.66453552246094,-156.34808349609375,977.577880859375,-130.53025817871094,-149.16116333007812,486.7394714355469,-182.1342010498047,-242.78016662597656,860.6593627929688
115.74688720703124,-230.0028533935547,132.55426025390625,156.5205535888672,-213.3824920654297,994.3353271484376,135.31446838378906,-254.6349639892578,499.3472595214844,264.6660461425781,-194.6395263671875,831.11083984375,-111.99693298339844,100.3987274169922,261.6526794433594,-143.0102996826172,-155.4640350341797,978.6865844726562,-131.34954833984375,-159.5422821044922,488.3855590820313,-184.0111389160156,-237.61607360839844,861.041015625
115.68401336669922,-220.24542236328125,132.43263244628906,157.2256317138672,-212.47210693359372,995.381103515625,135.95108032226562,-247.6402587890625,498.9079284667969,266.2292175292969,-203.4556579589844,833.8397827148438,-111.83309936523438,89.19934844970703,264.8829650878906,-142.3796844482422,-154.4860076904297,979.8995361328124,-132.10118103027344,-169.72805786132812,490.5291442871094,-185.9102020263672,-232.43344116210935,861.4332275390625
115.62826538085938,-210.5036163330078,132.31759643554688,157.90713500976562,-211.3862762451172,996.2982177734376,136.5242919921875,-240.5535888671875,498.4859619140625,267.6705017089844,-212.33203125,836.7077026367188,-111.67063903808594,77.57460021972656,267.20245361328125,-141.7740020751953,-153.44386291503906,981.2084350585938,-132.79188537597656,-179.66043090820312,493.1121826171875,-187.81524658203125,-227.24368286132807,861.8200073242188
115.57908630371094,-200.78543090820312,132.2114715576172,158.56576538085938,-210.14141845703125,997.0855102539062,137.01898193359375,-233.40858459472656,498.086669921875,268.9757995605469,-221.2402191162109,839.71337890625,-111.52890014648438,65.55482482910156,268.5487976074219,-141.19532775878906,-152.36410522460938,982.6006469726562,-133.42877197265625,-189.2853546142578,496.0594787597656,-189.70965576171875,-222.0577392578125,862.1860961914062
115.53395080566406,-191.0941925048828,132.11727905273438,159.20155334472656,-208.75436401367188,997.7422485351562,137.4186248779297,-226.22366333007807,497.7115478515625,270.13134765625,-230.1515045166016,842.8541259765625,-111.42816162109376,53.15807342529297,268.8857727050781,-140.6463623046875,-151.26922607421875,984.0592651367188,-134.0166778564453,-198.5544586181641,499.2853698730469,-191.57662963867188,-216.88616943359372,862.5169677734375
115.48916625976562,-181.42987060546875,132.03799438476562,159.8136444091797,-207.24220275878903,998.2682495117188,137.71096801757812,-219.00408935546875,497.3591003417969,271.1239624023437,-239.0370635986328,846.1256713867188,-111.3896942138672,40.39088439941406,268.20318603515625,-140.13040161132812,-150.1775665283203,985.5641479492188,-134.5557098388672,-207.4264678955078,502.7005004882813,-193.3995056152344,-211.7392120361328,862.7987670898438
115.4406509399414,-171.79010009765625,131.9762725830078,160.4000244140625,-205.6219787597656,998.6634521484376,137.8924102783203,-211.74575805664065,497.0261840820313,271.9413146972656,-247.8681182861328,849.5217895507812,-111.43502807617188,27.249792098999023,266.5156555175781,-139.65126037597656,-149.10345458984375,987.092041015625,-135.03961181640625,-215.86715698242188,506.2179870605469,-195.16204833984372,-206.62696838378903,863.0186767578125
115.38459014892578,-162.1710968017578,131.9338836669922,160.9575958251953,-203.9104461669922,998.9283447265624,137.96926879882812,-204.44049072265625,496.7085876464844,272.572021484375,-256.6161804199219,853.0338134765625,-111.58454132080078,13.723586082458496,263.8604431152344,-139.21299743652344,-148.0576629638672,988.6180419921876,-135.4554901123047,-223.84849548339844,509.7584228515625,-196.8488311767578,-201.5594024658203,863.164794921875
115.3178253173828,-152.56814575195312,131.9116668701172,161.4822540283203,-202.12396240234372,999.0634765625,137.95602416992188,-197.081298828125,496.4017333984375,273.0060119628906,-265.25323486328125,856.6510620117188,-111.85539245605467,-0.2039222568273544,260.295166015625,-138.81980895996094,-147.04791259765625,990.1161499023438,-135.78475952148438,-231.3469390869141,513.2525634765625,-198.4455718994141,-196.5464782714844,863.2264404296875
115.23810577392578,-142.97647094726562,131.90931701660156,161.96917724609375,-200.27842712402344,999.06982421875,137.87173461914062,-189.6665496826172,496.10064697265625,273.2346496582031,-273.7518615722656,860.3604125976562,-112.25990295410156,-14.551416397094728,255.894775390625,-138.47569274902344,-146.07949829101562,991.5602416992188,-136.00543212890625,-238.34133911132807,516.6417236328125,-199.9395294189453,-191.59820556640625,863.194091796875
115.14407348632812,-133.39186096191406,131.92562866210938,162.4130096435547,-198.38905334472656,998.94873046875,137.73587036132812,-182.2021331787109,495.8001098632813,273.2509765625,-282.0853881835937,864.1464233398438,-112.8047866821289,-29.338098526000977,250.7487030029297,-138.18435668945312,-145.15602111816406,992.9249877929688,-136.09556579589844,-244.8111572265625,519.87646484375,-201.3197479248047,-186.7247009277344,863.0595703125
115.03510284423828,-123.81109619140624,131.95846557617188,162.808349609375,-196.47048950195312,998.7020874023438,137.56483459472656,-174.70191955566406,495.4948120117188,273.0498352050781,-290.22808837890625,867.9915161132812,-113.49112701416016,-44.581825256347656,244.958251953125,-137.94891357421875,-144.27992248535156,994.1863403320312,-136.03692626953125,-250.73565673828125,522.9135131835938,-202.57742309570312,-181.9361572265625,862.816162109375
114.91106414794922,-114.23193359375,132.0049591064453,163.1499481201172,-194.53662109375,998.3323364257812,137.36984252929688,-167.18724060058594,495.1795043945313,272.6280822753906,-298.1553955078125,871.8760375976562,-114.31501770019533,-60.29696273803711,238.6344146728516,-137.77191162109375,-143.45310974121094,995.3221435546876,-135.81857299804688,-256.09429931640625,525.7127075195312,-203.70608520507807,-177.24290466308594,862.4586181640625
114.7721176147461,-104.65303802490234,132.0615692138672,163.4331512451172,-192.60060119628903,997.8424682617188,137.1564178466797,-159.68533325195312,494.8493347167969,271.98455810546875,-305.84381103515625,875.778564453125,-115.26846313476562,-76.49189758300781,231.89614868164065,-137.65505981445312,-142.6773681640625,996.3125,-135.43894958496094,-260.8677673339844,528.2351684570312,-204.7018280029297,-172.6553497314453,861.9832763671875
114.61846160888672,-95.07384490966795,132.12432861328125,163.65415954589844,-190.6747894287109,997.2362060546876,136.92532348632812,-152.2268829345703,494.500244140625,271.12042236328125,-313.2712097167969,879.6761474609375,-116.34037017822266,-93.16642761230467,224.86862182617188,-137.59934997558594,-141.95480346679688,997.1402587890624,-134.90652465820312,-265.0387878417969,530.4428100585938,-205.56332397460935,-168.18397521972656,861.3878173828125
114.4501953125,-85.49456787109375,132.18899536132812,163.81031799316406,-188.77072143554688,996.5181274414062,136.6744384765625,-144.8434600830078,494.1293640136719,270.0389099121094,-320.4169311523437,883.5446166992188,-117.51724243164062,-110.30924224853516,217.68142700195312,-137.60487365722656,-141.28814697265625,997.7908935546876,-134.2390899658203,-268.59344482421875,532.299072265625,-206.29188537597656,-163.83929443359375,860.6715087890625
114.26725006103516,-75.91619873046875,132.25131225585938,163.90029907226562,-186.8991851806641,995.6934204101562,136.4009552001953,-137.56512451171875,493.7352600097656,268.74560546875,-327.26190185546875,887.3587036132812,-118.78356170654295,-127.89539337158205,210.4662933349609,-137.67086791992188,-140.6809844970703,998.2529907226562,-133.4621124267578,-271.52227783203125,533.7703247070312,-206.8914031982422,-159.6317596435547,859.8350830078125
114.06941223144533,-66.34052276611328,132.30734252929688,163.92422485351562,-185.0703125,994.7684936523438,136.103271484375,-130.41885375976562,493.3177185058594,267.24810791015625,-333.788818359375,891.0925903320312,-120.12181854248048,-145.88436889648438,203.3544769287109,-137.79579162597656,-140.1378936767578,998.5182495117188,-132.60690307617188,-273.8218078613281,534.8280639648438,-207.36822509765625,-155.57176208496094,858.8804321289062
113.85647583007812,-56.77020263671875,132.3536376953125,163.8837432861328,-183.29364013671875,993.7503662109376,135.7824249267578,-123.4277572631836,492.87738037109375,265.55615234375,-339.9822082519531,894.7199096679688,-121.5123062133789,-164.21868896484375,196.4736328125,-137.97731018066406,-139.66445922851562,998.5817260742188,-131.7083282470703,-275.4964904785156,535.45068359375,-207.7309417724609,-151.6696014404297,857.8109130859375
113.6283950805664,-47.20873641967773,132.38775634765625,163.781982421875,-181.57814025878903,992.6470947265624,135.44288635253906,-116.61089324951172,492.4152221679688,263.6814270019531,-345.82843017578125,898.21435546875,-122.93296813964844,-182.82310485839844,189.9444732666016,-138.2124786376953,-139.26705932617188,998.4417724609376,-130.80267333984375,-276.5604248046875,535.62548828125,-207.99012756347656,-147.93533325195312,856.6307983398438
113.38560485839844,-37.66054153442383,132.40853881835938,163.62332153320312,-179.93235778808594,991.4674072265624,135.092529296875,-109.9836196899414,491.9320983886719,261.6373596191406,-351.31597900390625,901.549560546875,-124.35928344726562,-201.60427856445312,183.87692260742188,-138.49795532226562,-138.95254516601562,998.1004638671876,-129.9255828857422,-277.0390319824219,535.3507080078125,-208.15802001953125,-144.37889099121094,855.345703125
113.12926483154295,-28.131080627441406,132.41665649414062,163.4131317138672,-178.36456298828125,990.220458984375,134.7418212890625,-103.5583267211914,491.4285583496094,259.43896484375,-356.43511962890625,904.6998291015624,-125.76434326171876,-220.45120239257807,178.3662872314453,-138.8302459716797,-138.7279815673828,997.5634765625,-129.11036682128906,-276.9701538085937,534.63671875,-208.248291015625,-141.00991821289062,853.9619140625
112.86161041259766,-18.627065658569336,132.4150848388672,163.1573028564453,-176.8828887939453,988.9157104492188,134.40255737304688,-97.3454132080078,490.9045715332031,257.1025085449219,-361.17816162109375,907.6400756835938,-127.11908721923828,-239.2364654541016,173.48944091796875,-139.20599365234375,-138.60032653808594,996.84033203125,-128.38638305664062,-276.4047241210937,533.506591796875,-208.2755889892578,-137.83787536621094,852.4868774414062
112.58619689941406,-9.156624794006348,132.40945434570312,162.86178588867188,-175.49563598632812,987.5628051757812,134.08627319335938,-91.35430145263672,490.3597717285156,254.6454925537109,-365.53912353515625,910.3462524414062,-128.39303588867188,-257.8184509277344,169.30149841308594,-139.6221923828125,-138.57618713378906,995.9439697265624,-127.7777328491211,-275.40673828125,531.9959106445312,-208.25531005859372,-134.87196350097656,850.9287109375
112.30817413330078,0.2706604301929474,132.40847778320312,162.53195190429688,-174.21142578125,986.171142578125,133.80279541015625,-85.59443664550781,489.7935485839844,252.0862274169922,-369.5137023925781,912.7957763671876,-129.55526733398438,-276.0433349609375,165.8329620361328,-140.07635498046875,-138.66165161132812,994.8912353515624,-127.30205535888672,-274.0528259277344,530.1512451171875,-208.2032623291016,-132.12118530273438,849.2965087890625
112.0342788696289,9.643823623657228,132.4239501953125,162.17214965820312,-173.03927612304688,984.7498779296876,133.5589141845703,-80.0759506225586,489.20550537109375,249.44371032714844,-373.09906005859375,914.967529296875,-130.57568359375,-293.7471618652344,163.08761596679688,-140.56661987304688,-138.8623046875,993.701904296875,-126.96961975097656,-272.4311828613281,528.0281372070312,-208.1353759765625,-129.5943603515625,847.6002807617188
111.7725830078125,18.95069694519043,132.47073364257812,161.78518676757812,-171.98887634277344,983.30810546875,133.35726928710938,-74.81006622314453,488.5955505371094,246.7374267578125,-376.2936096191406,916.8424682617188,-131.42626953125,-310.75836181640625,161.0413360595703,-141.091796875,-139.18319702148438,992.39892578125,-126.78257751464844,-270.6395874023437,525.68896484375,-208.06741333007807,-127.3001708984375,845.8507690429688
111.5317611694336,28.178207397460938,132.56617736816406,161.3721466064453,-171.07061767578125,981.8544311523438,133.19557189941406,-69.80928802490234,487.96429443359375,243.98716735839844,-379.0967712402344,918.4036254882812,-132.08218383789062,-326.9007568359375,159.64248657226562,-141.6512908935547,-139.62899780273438,991.0076293945312,-126.73448944091795,-268.78253173828125,523.201171875,-208.0148468017578,-125.24722290039062,844.0596923828125
111.3197784423828,37.312950134277344,132.72938537597656,160.9322509765625,-170.29563903808594,980.3978881835938,133.06614685058594,-65.08740234375,487.3133239746094,241.21282958984372,-381.5088195800781,919.6365966796876,-132.5226287841797,-341.9981689453125,158.8143310546875,-142.24510192871094,-140.20401000976562,989.5552978515624,-126.81021881103516,-266.967529296875,520.6351928710938,-207.99256896972656,-123.44405364990234,842.2398071289062
111.14244079589844,46.34196472167969,132.9806671142578,160.46298217773438,-169.67562866210938,978.9474487304688,132.95587158203125,-60.659481048583984,486.6455078125,238.4343719482422,-383.5304565429688,920.5297241210938,-132.7316131591797,-355.88006591796875,158.4595947265625,-142.87362670898438,-140.9124755859375,988.0704956054688,-126.9863510131836,-265.2998352050781,518.0628662109375,-208.01470947265625,-121.89917755126952,840.404541015625
111.00221252441406,55.25333023071289,133.34115600585938,159.96058654785156,-169.22256469726562,977.512939453125,132.84634399414062,-56.54189300537109,485.96490478515625,235.67161560058597,-385.1628112792969,921.0742797851562,-132.69842529296875,-368.3889770507813,158.46690368652344,-143.5375213623047,-141.75856018066406,986.58251953125,-127.23242950439452,-263.87701416015625,515.554443359375,-208.0946044921875,-120.62110137939452,838.568603515625
110.8977508544922,64.0361099243164,133.83209228515625,159.42041015625,-168.9480743408203,976.1047973632812,132.7147674560547,-52.7524528503418,485.2768859863281,232.9441375732422,-386.4070434570313,921.2645263671876,-132.41824340820312,-379.3883972167969,158.71873474121094,-144.23757934570312,-142.7465362548828,985.12060546875,-127.512939453125,-262.7829284667969,513.1756591796875,-208.24452209472656,-119.6183090209961,836.7472534179688
110.82405090332033,72.6798324584961,134.47430419921875,158.8374786376953,-168.86309814453125,974.7342529296876,132.53515625,-49.31072616577149,484.5875854492188,230.27120971679688,-387.2642517089844,921.0982666015624,-131.8927001953125,-388.7710571289063,159.09982299804688,-144.97454833984375,-143.88076782226562,983.7134399414062,-127.79015350341795,-262.08270263671875,510.984130859375,-208.47561645507807,-118.89923095703124,834.956787109375
110.77296447753906,81.17375946044922,135.28775024414062,158.2069091796875,-168.977294921875,973.4130859375,132.28025817871094,-46.2385368347168,483.903564453125,227.6715545654297,-387.73529052734375,920.5764770507812,-131.13072204589844,-396.4659118652344,159.50540161132812,-145.74903869628906,-145.16549682617188,982.3883056640624,-128.0275421142578,-261.8191833496094,509.02685546875,-208.79779052734372,-118.47215270996094,833.2138671875
110.73411560058594,89.50613403320312,136.29148864746094,157.52427673339844,-169.29847717285156,972.1533813476562,131.92388916015625,-43.56052017211914,483.2309265136719,225.16329956054688,-387.8206787109375,919.7035522460938,-130.1493682861328,-402.4441223144531,159.84799194335938,-146.56129455566406,-146.60438537597656,981.1707153320312,-128.1935272216797,-262.0116577148437,507.3385009765625,-209.2195587158203,-118.34510040283205,831.5358276367188
110.69612884521484,97.66334533691406,137.50364685058594,156.7862091064453,-169.8319549560547,970.9671630859376,131.44393920898438,-41.30450439453125,482.5748291015625,222.76377868652344,-387.5206298828125,918.4873046875,-128.97457885742188,-406.7222595214844,160.06227111816406,-147.4111328125,-148.19989013671875,980.083984375,-128.26504516601562,-262.6562194824219,505.9407653808594,-209.74794006347656,-118.52569580078124,829.9401245117188
110.64791870117188,105.62903594970705,138.94143676757812,155.99066162109375,-170.57981872558594,969.8663940429688,130.82559204101562,-39.5015754699707,481.9388122558594,220.4893493652344,-386.8349609375,916.9389038085938,-127.6417007446289,-409.3629760742188,160.10719299316406,-148.2978057861328,-149.952392578125,979.1485595703124,-128.23052978515625,-263.72802734375,504.8429565429688,-210.3883209228516,-119.0209732055664,828.4442138671875
110.5800552368164,113.383056640625,140.6212158203125,155.13720703125,-171.54034423828125,968.8619995117188,130.06448364257812,-38.18574523925781,481.3244018554688,218.3552398681641,-385.7630920410156,915.0726928710938,-126.19558715820312,-410.4716796875,159.965087890625,-149.21995544433594,-151.85943603515625,978.3819580078124,-128.0918731689453,-265.1845703125,504.0432739257813,-211.1444091796875,-119.83721160888672,827.065185546875
110.48593139648438,120.90029907226562,142.5583953857422,154.22686767578125,-172.7076873779297,967.9636840820312,129.1695098876953,-37.39337921142578,480.73095703125,216.37533569335935,-384.3043518066406,912.9063110351562,-124.68982696533205,-410.1898193359375,159.63800048828125,-150.17568969726562,-153.9148406982422,977.7982788085938,-127.86546325683594,-266.9702453613281,503.5311279296875,-212.01809692382807,-120.97972869873048,825.8196411132812
110.3627471923828,128.1496124267578,144.7675018310547,153.26194763183594,-174.07168579101562,967.1788330078124,128.16448974609375,-37.162384033203125,480.15533447265625,214.56198120117188,-382.4578552246094,910.4600830078124,-123.18492126464844,-408.684326171875,159.14202880859375,-151.16250610351562,-156.10804748535156,977.4082641601562,-127.58184814453124,-269.0211486816406,503.2894287109375,-213.0094146728516,-122.45265197753906,824.72314453125
110.21217346191406,135.09292602539062,147.2621307373047,152.24566650390625,-175.61778259277344,966.5120239257812,127.08829498291016,-37.5311279296875,479.5920715332031,212.9258575439453,-380.2229309082031,907.7572021484376,-121.74524688720705,-406.1344604492188,158.50148010253906,-152.17747497558594,-158.4237823486328,977.21875,-127.28412628173828,-271.2699890136719,503.2966613769531,-214.1165313720703,-124.25872802734376,823.7903442382812
110.04071807861328,141.6845703125,150.05487060546875,151.18199157714844,-177.3271484375,965.964599609375,125.99320220947266,-38.537017822265625,479.03326416015625,211.4756774902344,-377.5992126464844,904.8233642578124,-120.43470001220705,-402.7176818847656,157.744384765625,-153.21725463867188,-160.8419952392578,977.2327880859376,-127.025146484375,-273.6498718261719,503.5279235839844,-215.33572387695312,-126.39911651611328,823.0343627929688
109.85961151123048,147.87110900878906,153.15736389160156,150.07528686523438,-179.177001953125,965.5339965820312,124.94144439697266,-40.21482467651367,478.468505859375,210.2181854248047,-374.5870666503906,901.6864013671876,-119.31128692626952,-398.596923828125,156.89964294433594,-154.27821350097656,-163.3380889892578,977.4492797851562,-126.86354064941406,-276.0967102050781,503.9550476074219,-216.66140747070312,-128.8732147216797,822.4666748046875
109.68424224853516,153.59153747558594,156.58029174804688,148.93020629882812,-181.1409912109375,965.2142333984376,124.00028228759766,-42.59476852416992,477.8849182128906,209.1578521728516,-371.187744140625,898.3758544921875,-118.42098999023438,-393.9105529785156,155.99513244628906,-155.35646057128906,-165.88369750976562,977.863037109375,-126.8587875366211,-278.54986572265625,504.5453796386719,-218.0861968994141,-131.67852783203125,822.0969848632812
109.53313446044922,158.77774047851562,160.33328247070312,147.7516326904297,-183.18972778320312,964.9959106445312,123.23592376708984,-45.70052719116211,477.2671508789063,208.29689025878903,-367.4037170410156,894.9230346679688,-117.79232025146484,-388.7666015625,155.0569610595703,-156.44802856445312,-168.4476318359375,978.4647827148438,-127.06537628173828,-280.95086669921875,505.2604675292969,-219.60107421875,-134.8104705810547,821.932861328125
109.42646026611328,163.35487365722656,164.4241943359375,146.544677734375,-185.29136657714844,964.8665161132812,122.70704650878906,-49.5473861694336,476.59814453125,207.6351318359375,-363.239013671875,891.3601684570312,-117.4330062866211,-383.2415466308594,154.10916137695312,-157.54879760742188,-170.99700927734375,979.2412719726562,-127.52651977539062,-283.2408447265625,506.0554809570313,-221.1954498291016,-138.26234436035156,821.9797973632812
109.38414001464844,167.2416534423828,168.8577423095703,145.31466674804688,-187.4124298095703,964.8118286132812,122.45873260498048,-54.140869140625,475.8604431152344,207.17007446289065,-358.69940185546875,887.720458984375,-117.32958984375,-377.3826904296875,153.17361450195312,-158.65464782714844,-173.49844360351562,980.1759033203124,-128.2681427001953,-285.3574523925781,506.8802185058594,-222.8573760986328,-142.02525329589844,822.2410278320312
109.42375946044922,170.35157775878906,173.6333770751953,144.06716918945312,-189.51856994628903,964.8165283203124,122.51759338378906,-59.47611999511719,475.03851318359375,206.89682006835935,-353.7925720214844,884.0374145507812,-117.44992065429688,-371.2130126953125,152.27001953125,-159.76153564453125,-175.9192657470703,981.2490844726562,-129.2941436767578,-287.2327575683594,507.6825256347656,-224.57373046875,-146.08804321289062,822.7174682617188
109.55859375,172.59568786621094,178.7429656982422,142.8079071044922,-191.57554626464844,964.8655395507812,122.8887939453125,-65.53803253173828,474.1216430664063,206.8082733154297,-348.5284118652344,880.3446044921875,-117.74795532226562,-364.7374572753906,151.41554260253906,-160.865478515625,-178.22837829589844,982.439208984375,-130.5839385986328,-288.7924194335937,508.4132385253906,-226.33038330078125,-150.4373016357422,823.4078369140625
109.79588317871094,173.88697814941406,184.1682586669922,141.5426788330078,-193.55026245117188,964.94580078125,123.55525970458984,-72.30189514160156,473.1070861816406,206.89517211914065,-342.9189758300781,876.6753540039062,-118.1697006225586,-357.9491882324219,150.62448120117188,-161.96278381347656,-180.3970489501953,983.7232666015624,-132.09326171875,-289.9566955566406,509.0313720703125,-228.1123962402344,-155.05751037597656,824.3088989257812
110.13578033447266,174.14599609375,189.8786163330078,140.27735900878906,-195.4117889404297,965.0472412109376,124.479248046875,-79.73417663574219,472.00286865234375,207.1463623046875,-336.9786071777344,873.0621948242188,-118.65945434570312,-350.8362121582031,149.90794372558594,-163.050048828125,-182.3993377685547,985.0779418945312,-133.75820922851562,-290.643310546875,509.5083923339844,-229.9042053222656,-159.9311065673828,825.4153442382812
110.57071685791016,173.3068084716797,195.8292236328125,139.01773071289062,-197.1324615478516,965.1640014648438,125.606201171875,-87.79325103759766,470.8297729492188,207.5489501953125,-330.72393798828125,869.536865234375,-119.16532135009766,-343.3868408203125,149.27365112304688,-164.1243133544922,-184.2123107910156,986.4805297851562,-135.50192260742188,-290.771484375,509.8308410644531,-231.68978881835935,-165.03872680664062,826.7203979492188
111.08536529541016,171.3228302001953,201.9607086181641,137.7694549560547,-198.6889495849609,965.2953491210938,126.8701629638672,-96.43009185791016,469.6224060058594,208.08865356445312,-324.1737670898437,866.1294555664062,-119.64358520507812,-335.59429931640625,148.72579956054688,-165.18313598632812,-185.8159942626953,987.9098510742188,-137.24278259277344,-290.2668151855469,510.0007019042969,-233.4528045654297,-170.3594512939453,828.2156372070312
111.65691375732422,168.17210388183594,208.2005157470703,136.5378875732422,-200.06301879882807,965.4462890625,128.20001220703125,-105.5887680053711,468.4284057617188,208.75003051757807,-317.3490905761719,862.8685913085938,-120.06169128417967,-327.4603576660156,148.26504516601562,-166.22451782226562,-187.19329833984372,989.3467407226562,-138.9033203125,-289.0664367675781,510.03369140625,-235.1768493652344,-175.87103271484375,829.8917236328125
112.25621795654295,163.8609619140625,214.46597290039065,135.32809448242188,-201.24221801757807,965.6275024414062,129.5254364013672,-115.20687103271484,467.3067932128906,209.516845703125,-310.27276611328125,859.7806396484375,-120.39949035644533,-318.99761962890625,147.8885498046875,-167.24693298339844,-188.3299102783203,990.7745361328124,-140.41845703125,-287.1242370605469,509.9556884765625,-236.8455810546875,-181.55018615722656,831.7384033203125
112.84984588623048,158.4256591796875,220.6681365966797,134.1446533203125,-202.22010803222656,965.8547973632812,130.7820281982422,-125.216064453125,466.3247375488281,210.37245178222656,-302.969482421875,856.8897705078125,-120.6490707397461,-310.2304992675781,147.59024047851562,-168.24932861328125,-189.2141876220703,992.179443359375,-141.74241638183594,-284.416015625,509.7978210449219,-238.44297790527344,-187.37283325195312,833.7448120117188
113.40299987792967,151.93133544921875,226.7156524658203,132.9916229248047,-202.99627685546875,966.1484375,131.91493225097656,-135.5428009033203,465.55364990234375,211.30003356933597,-295.46533203125,854.2172241210938,-120.8132781982422,-301.1938781738281,147.3611297607422,-169.23101806640625,-189.8373870849609,993.5503540039062,-142.8529052734375,-280.9436340332031,509.5912170410156,-239.9535217285156,-193.31434631347656,835.8997802734375
113.88249969482422,144.46788024902344,232.5176239013672,131.8725128173828,-203.57579040527344,966.5315551757812,132.88119506835938,-146.109619140625,465.0647583007813,212.28302001953125,-287.78778076171875,851.7810668945312,-120.90352630615234,-291.9306030273437,147.19024658203125,-170.19155883789062,-190.1938018798828,994.8785400390624,-143.75184631347656,-276.73699951171875,509.3624877929688,-241.3623962402344,-199.349853515625,838.1918334960938
114.25948333740234,136.14268493652344,237.98487854003903,130.79017639160156,-203.96844482421875,967.0280151367188,133.65086364746094,-156.83685302734375,464.9244384765625,213.3053131103516,-279.9652404785156,849.595947265625,-120.93709564208984,-282.4873962402344,147.06552124023438,-171.13067626953125,-190.28099060058597,996.1572265625,-144.46243286132812,-271.85302734375,509.1309509277344,-242.6556854248047,-205.4544982910156,840.609619140625
114.51136016845705,127.0714874267578,243.02964782714844,129.7467498779297,-204.1879425048828,967.6600952148438,134.20684814453125,-167.64437866210938,465.189697265625,214.35157775878903,-272.0267639160156,847.6726684570312,-120.93419647216795,-272.9110412597656,146.9749755859375,-172.04808044433594,-190.10009765625,997.3814697265624,-145.02345275878906,-266.3710632324219,508.9075317382813,-243.8206024169922,-211.60366821289065,843.1417236328125
114.62286376953124,117.3683624267578,247.56488037109372,128.7435760498047,-204.2506561279297,968.4461059570312,134.54371643066406,-178.45350646972656,465.9043273925781,215.4073944091797,-264.0018920898437,846.0178833007812,-120.91497039794922,-263.2444763183594,146.90769958496094,-172.943359375,-189.656005859375,998.5472412109376,-145.48175048828125,-260.3859558105469,508.6957702636719,-244.8456115722656,-217.77322387695312,845.7769165039062
114.58631896972656,107.1363525390625,251.50440979003903,127.78123474121094,-204.17462158203125,969.3980712890624,134.66578674316406,-189.1886444091797,467.0955505371094,216.45950317382807,-255.92025756835935,844.634033203125,-120.89698791503906,-253.52415466308597,146.85487365722656,-173.81578063964844,-188.95758056640625,999.6514282226562,-145.8847198486328,-253.99969482421875,508.4934692382813,-245.72056579589844,-223.93978881835935,848.5039672851562
114.40184783935548,96.45993041992188,254.76487731933597,126.85970306396484,-203.9783172607422,970.5206298828124,134.5843048095703,-199.77865600585935,468.7720031738281,217.495849609375,-247.8112335205078,843.5189819335938,-120.89339447021484,-243.7787628173828,146.8103485107422,-174.66416931152344,-188.01780700683597,1000.6913452148438,-146.27352905273438,-247.31309509277344,508.2951354980469,-246.4368438720703,-230.0808868408203,851.3116455078125
114.07770538330078,85.40033721923828,257.2689208984375,125.97859954833984,-203.67947387695312,971.8098754882812,134.3146514892578,-210.1580810546875,470.9226989746094,218.5056610107422,-239.70382690429688,842.666015625,-120.91201782226562,-234.02886962890625,146.7707977294922,-175.48670959472656,-186.8538055419922,1001.6644287109376,-146.6782684326172,-240.41807556152344,508.0945739746094,-246.9874420166016,-236.17518615722656,854.1887817382812
113.62997436523438,73.99419403076172,258.9485168457031,125.13753509521484,-203.29429626464844,973.2534790039062,133.87353515625,-220.26785278320312,473.5174560546875,219.4795379638672,-231.6262359619141,842.0640258789062,-120.95539855957033,-224.2874298095703,146.73541259765625,-176.28079223632812,-185.48648071289065,1002.5681762695312,-147.1154327392578,-233.3915100097656,507.8870239257813,-247.3669891357422,-242.2025909423828,857.1238403320312
113.0814437866211,62.25499725341797,259.74810791015625,124.33644104003906,-202.8366241455078,974.8318481445312,133.2768096923828,-230.0557403564453,476.5085754394531,220.40948486328125,-223.605712890625,841.697509765625,-121.02163696289062,-214.5608367919922,146.70526123046875,-177.04295349121094,-183.9401397705078,1003.399658203125,-147.58810424804688,-226.2911071777344,507.6709289550781,-247.5717315673828,-248.1444091796875,860.1048583984375
112.4597396850586,50.17681503295898,259.6268615722656,123.57595825195312,-202.3175506591797,976.5188598632812,132.53797912597656,-239.4762115478516,479.8339538574219,221.2888336181641,-215.66827392578125,841.5469970703125,-121.10574340820312,-204.85052490234372,146.68251037597656,-177.76878356933594,-182.2418212890625,1004.1558837890624,-148.0882568359375,-219.15380859375,507.448486328125,-247.5995941162109,-253.9833984375,863.1194458007812
111.79512786865234,37.73890686035156,258.5601501464844,122.8575668334961,-201.7453155517578,978.2838134765624,131.66734313964844,-248.48980712890625,483.4215698242188,222.11224365234372,-207.8385162353516,841.5894775390625,-121.20120239257812,-195.15460205078125,146.66964721679688,-178.45298767089844,-180.42041015625,1004.8336791992188,-148.6007080078125,-211.99703979492188,507.2255859375,-247.4500274658203,-259.7038879394531,866.1544799804688
111.11883544921876,24.910255432128903,256.5414428710937,122.18366241455078,-201.12554931640625,980.0926513671876,130.67208862304688,-257.0623779296875,487.1939697265625,222.87570190429688,-200.13949584960935,841.7985229492188,-121.30144500732422,-185.4696044921875,146.668701171875,-179.08958435058594,-178.50579833984375,1005.4295654296876,-149.10748291015625,-204.82272338867188,507.0103759765625,-247.1239471435547,-265.2917175292969,869.1956787109375
110.462158203125,11.653583526611328,253.5838928222656,121.55747985839844,-200.46180725097656,981.9094848632812,129.5570068359375,-265.1641540527344,491.0728149414063,223.5763702392578,-192.59249877929688,842.1455688476562,-121.40096282958984,-175.79180908203125,146.6807861328125,-179.67202758789062,-176.52774047851562,1005.9398803710938,-149.59165954589844,-197.62306213378903,506.81146240234375,-246.6236267089844,-270.7343444824219,872.2280883789062
109.85553741455078,-2.0710203647613525,249.72219848632807,120.98292541503906,-199.75621032714844,983.6981201171876,128.3257598876953,-272.7688903808594,494.9825134277344,224.2125701904297,-185.2169952392578,842.5997924804688,-121.49585723876952,-166.11819458007812,146.705810546875,-180.193603515625,-174.51498413085938,1006.3610229492188,-150.0399932861328,-190.3871917724609,506.6361389160156,-245.95252990722656,-276.020751953125,875.2352294921875
109.32723999023438,-16.303136825561523,245.0133056640625,120.4643096923828,-199.01022338867188,985.423095703125,126.98234558105467,-279.8530578613281,498.8527526855469,224.7836456298828,-178.0305938720703,843.12939453125,-121.58402252197266,-156.44708251953125,146.74258422851562,-180.6477508544922,-172.49435424804688,1006.6893920898438,-150.44395446777344,-183.1069183349609,506.4887390136719,-245.1151885986328,-281.14129638671875,878.1997680664062
108.90179443359376,-31.079599380493164,239.5362243652344,120.00596618652344,-198.2254180908203,987.0506591796876,125.5326690673828,-286.3954467773437,502.61956787109375,225.28990173339844,-171.04888916015625,843.7021484375,-121.6647491455078,-146.77816772460938,146.7890625,-181.02854919433597,-170.49029541015625,1006.92138671875,-150.7994384765625,-175.78073120117188,506.3703002929688,-244.1170959472656,-286.08770751953125,881.1028442382812
108.59841918945312,-46.43233871459961,233.39096069335935,119.61183166503906,-197.40386962890625,988.5496826171876,123.98596954345705,-292.3769226074219,506.2255554199219,225.7324981689453,-164.2855987548828,844.2860107421875,-121.7381591796875,-137.11227416992188,146.84278869628906,-181.3310394287109,-168.5243377685547,1007.0536499023438,-151.10552978515625,-168.4156494140625,506.2786865234375,-242.9646148681641,-290.8529052734375,883.9246215820312
108.42987060546876,-62.3861083984375,226.69647216796875,119.28499603271484,-196.54867553710935,989.8921508789062,122.35599517822266,-297.7806701660156,509.6192932128906,226.1133575439453,-157.7525177001953,844.8499145507812,-121.80455017089844,-127.45071411132812,146.9012451171875,-181.5517120361328,-166.61489868164062,1007.082763671875,-151.3631134033203,-161.02699279785156,506.2093505859375,-241.66485595703125,-295.43072509765625,886.6444702148438
108.40190887451172,-78.95599365234375,219.5875244140625,119.02742767333984,-195.6641998291016,991.0535888671876,120.66171264648438,-302.5926208496094,512.7548217773438,226.4350433349609,-151.45968627929688,845.3643188476562,-121.86400604248048,-117.7947235107422,146.96221923828125,-181.6887359619141,-164.7769012451172,1007.0054931640624,-151.5738067626953,-153.63668823242188,506.1560974121094,-240.2256622314453,-299.8159484863281,889.24072265625
108.51365661621094,-96.14483642578124,212.2106475830078,118.83968353271484,-194.7562561035156,992.0134887695312,118.9273452758789,-306.8023376464844,515.5911254882812,226.70065307617188,-145.41554260253906,845.8018188476562,-121.91629791259766,-108.14495086669922,147.02389526367188,-181.74224853515625,-163.02163696289062,1006.8187866210938,-151.73944091796875,-146.27072143554688,506.1120910644531,-238.655517578125,-304.004150390625,891.6914672851562
108.7586898803711,-113.94099426269533,204.71905517578125,118.72085571289062,-193.83218383789065,992.755615234375,117.18179321289062,-310.4042053222656,518.0919189453125,226.91368103027344,-139.62704467773438,846.1376342773438,-121.96099090576172,-98.50135803222656,147.08502197265625,-181.71441650390625,-161.35679626464844,1006.5198974609376,-151.86207580566406,-138.95660400390625,506.0704040527344,-236.9634704589844,-307.9915771484375,893.9746704101562
109.12645721435548,-132.31698608398438,197.26675415039065,118.66854858398438,-192.90084838867188,993.2678833007812,115.45743560791016,-313.3988342285156,520.2262573242188,227.07794189453125,-134.10000610351562,846.3499755859375,-121.9975357055664,-88.86357879638672,147.1448974609375,-181.6095123291016,-159.78677368164062,1006.1065673828124,-151.94436645507812,-131.72117614746094,506.0245361328125,-235.15911865234372,-311.7750244140625,896.0684814453125
109.60328674316406,-151.22792053222656,190.0027313232422,118.67908477783205,-191.97254943847656,993.5426025390624,113.78841400146484,-315.7948913574219,521.9689331054688,227.1974334716797,-128.83920288085938,846.4203491210938,-122.0254135131836,-79.23146057128906,147.2034149169922,-181.43377685546875,-158.31312561035156,1005.5772705078124,-151.9901885986328,-124.58902740478516,505.968505859375,-233.2525634765625,-315.3518371582031,897.9517211914062
110.17296600341795,-170.60943603515625,183.06578063964844,118.7477035522461,-191.05889892578125,993.576416015625,112.208740234375,-317.6109619140625,523.3015747070312,227.2762908935547,-123.84869384765624,846.3338623046875,-122.04409790039062,-69.6058578491211,147.2610626220703,-181.1951141357422,-156.93511962890625,1004.9314575195312,-152.0048370361328,-117.58186340332033,505.8969421386719,-231.2543487548828,-318.7196960449219,899.604248046875
110.81710052490234,-190.3750457763672,176.5799102783203,118.86888885498048,-190.17266845703125,993.3702392578124,110.75032806396484,-318.8770446777344,524.2137451171875,227.31866455078125,-119.13204956054688,846.079345703125,-122.05311584472656,-59.98941802978516,147.3189239501953,-180.9027404785156,-155.65025329589844,1004.169677734375,-151.99485778808594,-110.71855926513672,505.804931640625,-229.1754608154297,-321.8765869140625,901.00732421875
111.515380859375,-210.41421508789065,170.65048217773438,119.03670501708984,-189.3277740478516,992.9291381835938,109.44104766845705,-319.63543701171875,524.7039184570312,227.32876586914065,-114.69259643554688,845.6494750976562,-122.05194854736328,-50.38713455200195,147.3787078857422,-180.56663513183597,-154.45486450195312,1003.2940673828124,-151.9676055908203,-104.01573944091795,505.6878051757813,-227.0272216796875,-324.8207702636719,902.144287109375
112.24591827392578,-230.59115600585935,165.36045837402344,119.2451400756836,-188.5391082763672,992.2620239257812,108.30305480957033,-319.9407653808594,524.7806396484375,227.3108062744141,-110.53361511230467,845.0407104492188,-122.0400848388672,-40.80650329589844,147.44287109375,-180.1970672607422,-153.3448944091797,1002.3081665039062,-151.93031311035156,-97.48873138427734,505.541015625,-224.8212738037109,-327.5506591796875,903.00048828125
112.98568725585938,-250.74473571777344,160.76742553710938,119.48846435546876,-187.82247924804688,991.3817138671876,107.35144805908205,-319.8587646484375,524.4627075195312,227.26904296875,-106.65855407714844,844.2533569335938,-122.01703643798828,-31.25739479064941,147.5147247314453,-179.80397033691406,-152.31666564941406,1001.2171630859376,-151.88912963867188,-91.15240478515624,505.3600769042969,-222.56951904296875,-330.064697265625,903.5642700195312
113.71114349365234,-270.6900939941406,156.90097045898438,119.76151275634766,-187.1944732666016,990.3043212890624,106.59341430664062,-319.464599609375,523.779541015625,227.20782470703125,-103.07111358642578,843.29150390625,-121.9824447631836,-21.75164031982422,147.5987091064453,-179.396484375,-151.36769104003906,1000.0279541015624,-151.8479766845703,-85.02163696289062,505.1410217285156,-220.2840118408203,-332.3614196777344,903.8268432617188
114.39909362792967,-290.2217102050781,153.76126098632812,120.05996704101562,-186.67222595214844,989.04931640625,106.0278549194336,-318.8404541015625,522.7702026367188,227.13162231445312,-99.77535247802734,842.1625366210938,-121.93626403808594,-12.302446365356444,147.7007293701172,-178.9824676513672,-150.49734497070312,998.7489624023438,-151.80775451660156,-79.11123657226562,504.8805847167969,-217.97691345214844,-334.43927001953125,903.7828979492188
115.02764129638672,-309.1184997558594,151.3188934326172,120.38044738769533,-186.273193359375,987.63916015625,105.64553833007812,-318.07208251953125,521.4818725585938,227.045166015625,-96.77576446533205,840.8773803710938,-121.87889099121094,-2.9236035346984863,147.82855224609375,-178.56808471679688,-149.70745849609375,997.389892578125,-151.76571655273438,-73.43547058105469,504.5769653320313,-215.66050720214844,-336.29656982421875,903.4307250976562
115.57720947265624,-327.1502990722656,149.5163116455078,120.72064208984376,-186.0147247314453,986.0989990234376,105.42985534667967,-317.2451477050781,519.9676513671875,226.9534912109375,-94.0772705078125,839.4498291015625,-121.8112335205078,6.371475696563721,147.99224853515625,-178.1575469970703,-149.0027313232422,995.9619750976562,-151.71531677246094,-68.0077896118164,504.2303161621094,-213.3470458984375,-337.9314880371094,902.7723999023438
116.03145599365234,-344.085693359375,148.2714080810547,121.07930755615234,-185.91375732421875,984.4564208984376,105.35811614990234,-316.44091796875,518.2840576171875,226.862060546875,-91.68521118164062,837.896484375,-121.73485565185548,15.570609092712402,148.20404052734375,-177.75274658203125,-148.39109802246094,994.4775390625,-151.646484375,-62.84085464477539,503.84320068359375,-211.04872131347656,-339.3420104980469,901.814208984375
116.37816619873048,-359.7015380859375,147.48289489746094,121.45623016357422,-185.9864196777344,982.7411499023438,105.40321350097656,-315.73175048828125,516.488037109375,226.77679443359372,-89.60530853271484,836.2361450195312,-121.65213775634766,24.66339874267578,148.47793579101562,-177.35317993164062,-147.8838653564453,992.94970703125,-151.54605102539062,-57.947021484375,503.420654296875,-208.77757263183597,-340.5259094238281,900.56640625
116.6099853515625,-373.793212890625,147.03765869140625,121.85211944580078,-186.2476043701172,980.9844970703124,105.5356903076172,-315.1771240234375,514.63427734375,226.70413208007807,-87.84358978271484,834.4896850585938,-121.56643676757812,33.64141082763672,148.8292999267578,-176.95582580566406,-147.4955291748047,991.392333984375,-151.3985137939453,-53.33913803100586,502.9701843261719,-206.54547119140625,-341.4808349609375,899.043212890625
116.72492218017578,-386.1852416992188,146.81942749023438,122.2685089111328,-186.71038818359372,979.2188720703124,105.72589111328124,-314.8204040527344,512.7727661132812,226.65103149414065,-86.40630340576172,832.6795043945312,-121.48216247558594,42.497955322265625,149.2742462158203,-176.55560302734375,-147.24327087402344,989.8197631835938,-151.1866912841797,-49.0316276550293,502.5015563964844,-204.3639068603516,-342.2041931152344,897.2630004882812
116.72654724121094,-396.7407531738281,146.7177734375,122.70759582519533,-187.38555908203125,977.4774169921876,105.94620513916016,-314.6871337890625,510.9469299316406,226.6249237060547,-85.29981231689453,830.8292236328125,-121.40470123291016,51.22748565673828,149.82928466796875,-176.1459503173828,-147.14599609375,988.2465209960938,-150.89259338378906,-45.04172897338867,502.0259399414063,-202.24400329589844,-342.6933288574219,895.24755859375
116.6236343383789,-405.369384765625,146.63650512695312,123.17210388183594,-188.28086853027344,975.793212890625,106.17306518554688,-314.78472900390625,509.19281005859375,226.6336212158203,-84.530517578125,828.9630737304688,-121.340087890625,59.824737548828125,150.5108642578125,-175.7195587158203,-147.2230224609375,986.6869506835938,-150.49835205078125,-41.39075469970703,501.5553894042969,-200.19635009765625,-342.9456481933594,893.0223388671875
116.42928314208984,-412.0320434570313,146.49984741210938,123.66514587402344,-189.40040588378903,974.1987915039062,106.38866424560548,-315.1042785644531,507.5388488769531,226.68524169921875,-84.10472869873047,827.1055908203125,-121.29476165771484,68.28366088867188,151.33514404296875,-175.26895141601562,-147.4930419921875,985.1549682617188,-149.9871063232422,-38.10531997680664,501.1015319824219,-198.23095703125,-342.9586181640625,890.6156616210938
116.15969848632812,-416.7428894042969,146.25546264648438,124.1901397705078,-190.74392700195312,972.7255859375,106.58204650878906,-315.6236267089844,506.0064392089844,226.78802490234372,-84.02861022949219,825.2811889648438,-121.27519989013672,76.5960464477539,152.31785583496094,-174.78692626953125,-147.9728546142578,983.6636962890624,-149.34413146972656,-35.21831130981445,500.6744995117188,-196.3570556640625,-342.73004150390625,888.058349609375
115.833251953125,-419.56829833984375,145.87496948242188,124.7506866455078,-192.3062438964844,971.403076171875,106.7496337890625,-316.3119201660156,504.611083984375,226.9501037597656,-84.30807495117188,823.5134887695312,-121.28768157958984,84.7498550415039,153.4744873046875,-174.26686096191406,-148.67633056640625,982.2250366210938,-148.55812072753906,-32.76945114135742,500.28173828125,-194.58306884765625,-342.2580871582031,885.38330078125
115.46996307373048,-420.623046875,145.35226440429688,125.3504867553711,-194.076904296875,970.2581787109376,106.89527893066406,-317.1343078613281,503.3640441894531,227.1793975830078,-84.94871520996094,821.8253173828125,-121.3379135131836,92.72736358642578,154.82054138183594,-173.7030029296875,-149.6132354736328,980.849365234375,-147.62252807617188,-30.805212020874023,499.9267578125,-192.91644287109372,-341.54156494140625,882.62451171875
115.09100341796876,-420.0635070800781,144.6995849609375,125.9931869506836,-196.03985595703125,969.314697265625,107.02996063232422,-318.0564270019531,502.2739562988281,227.48326110839844,-85.95565795898438,820.2379760742188,-121.4307098388672,100.50316619873048,156.37203979492188,-173.0906219482422,-150.78829956054688,979.54541015625,-146.5371856689453,-29.378116607666016,499.6083984375,-191.36351013183597,-340.5799560546875,879.8167724609375
114.7178955078125,-418.0775451660156,143.9417266845703,126.68224334716795,-198.17367553710935,968.5927124023438,107.1710433959961,-319.0474853515625,501.3483276367188,227.8683624267578,-87.33348083496094,818.7710571289062,-121.56948852539062,108.04247283935548,158.14573669433594,-172.42616271972656,-152.20016479492188,978.3199462890624,-145.30972290039062,-28.54538917541504,499.31976318359375,-189.92942810058597,-339.37371826171875,876.9947509765625
114.37130737304688,-414.87158203125,143.10940551757812,127.4206771850586,-200.451904296875,968.10791015625,107.34132385253906,-320.08209228515625,500.5946350097656,228.3404541015625,-89.0860366821289,817.4421997070312,-121.75586700439452,115.29974365234376,160.1593780517578,-171.70736694335938,-153.84080505371094,977.1779174804688,-143.95672607421875,-28.3669548034668,499.048095703125,-188.6181182861328,-337.9242858886719,874.1924438476562
114.0694808959961,-410.6557312011719,142.233642578125,128.2108154296875,-202.84385681152344,967.8710327148438,107.56780242919922,-321.1398010253906,500.0201110839844,228.9040679931641,-91.21631622314452,816.266845703125,-121.98925018310548,122.21788787841795,162.43167114257812,-170.93336486816406,-155.69488525390625,976.1223754882812,-142.50462341308594,-28.90284538269043,498.7745056152344,-187.43209838867188,-336.2343444824219,871.4423828125
113.82659149169922,-405.6286315917969,141.34274291992188,129.0540008544922,-205.31565856933597,967.8876342773438,107.87984466552734,-322.2030639648437,499.6307678222656,229.5624237060547,-93.72628784179688,815.2583618164062,-122.2665023803711,128.7281951904297,164.98219299316406,-170.1047821044922,-157.73973083496094,975.1546020507812,-140.9898681640625,-30.210054397583008,498.4744567871094,-186.37261962890625,-334.3077697753906,868.775146484375
113.6514892578125,-399.9641723632813,140.46136474609375,129.9503173828125,-207.83155822753903,968.1575317382812,108.30683135986328,-323.2535705566406,499.4291076660156,230.3172149658203,-96.61666107177734,814.4274291992188,-122.58169555664062,134.75096130371094,167.83078002929688,-169.2237548828125,-159.9452667236328,974.2742919921876,-139.45823669433594,-32.33897399902344,498.1188659667969,-185.4395294189453,-332.1498107910156,866.2186279296875
113.54698181152344,-393.802978515625,139.6106414794922,130.8982696533203,-210.35525512695312,968.6747436523438,108.87521362304688,-324.26739501953125,499.411376953125,231.1684417724609,-99.88677978515624,813.7826538085938,-122.92594146728516,140.19647216796875,170.99681091308594,-168.2940216064453,-162.2745361328125,973.4801025390624,-137.96311950683594,-35.32948684692383,497.675537109375,-184.63145446777344,-329.76708984375,863.7976684570312
113.50992584228516,-387.2493591308594,138.807861328125,131.894775390625,-212.8511962890625,969.4276123046876,109.60518646240234,-325.2103576660156,499.5648193359375,232.11441040039065,-103.5344009399414,813.3302001953125,-123.28752136230467,144.9667510986328,174.4980926513672,-167.32093811035156,-164.68434143066406,972.7696533203124,-136.56219482421875,-39.20694351196289,497.1117248535156,-183.94577026367188,-327.16766357421875,861.5338134765625
113.53186798095705,-380.3731689453125,138.06600952148438,132.93508911132812,-215.2855987548828,970.3989868164062,110.50750732421876,-326.0340270996094,499.865966796875,233.15155029296875,-107.55557250976562,813.073974609375,-123.6522216796875,148.95819091796875,178.34957885742188,-166.3114471435547,-167.12646484375,972.1405639648438,-135.31275939941406,-43.97858810424805,496.3970336914063,-183.37884521484372,-324.36090087890625,859.4446411132812
113.60017395019533,-373.2150573730469,137.3937225341797,134.01292419433594,-217.6272735595703,971.566650390625,111.5808334350586,-326.674072265625,500.2806091308594,234.2745361328125,-111.94448852539062,813.0159912109375,-124.00405883789062,152.06532287597656,182.5617828369141,-165.27377319335938,-169.5491943359375,971.590576171875,-134.26611328125,-49.6308708190918,495.5073852539063,-182.9261932373047,-321.3575134277344,857.5440063476562
113.69957733154295,-365.7936096191406,136.7953338623047,135.12074279785156,-219.8480682373047,972.9047241210938,112.81017303466795,-327.0513610839844,500.7655334472656,235.47618103027344,-116.6934051513672,813.1561889648438,-124.3260726928711,154.18589782714844,187.1387634277344,-164.2170867919922,-171.89959716796875,971.1181640625,-133.46170043945312,-56.12823867797852,494.4288940429688,-182.58267211914065,-318.16943359375,855.841796875
113.81380462646484,-358.1136474609375,136.27139282226562,136.25001525878906,-221.92315673828125,974.3840942382812,114.16700744628906,-327.075927734375,501.2721557617188,236.7476348876953,-121.79261779785156,813.4931640625,-124.60122680664062,155.2269287109375,192.075439453125,-163.15090942382812,-174.1260223388672,970.7227783203124,-132.92222595214844,-63.41371536254883,493.162109375,-182.34278869628903,-314.8095703125,854.3440551757812
113.92706298828124,-350.174072265625,135.81919860839844,137.3917236328125,-223.83108520507807,975.97412109375,115.6112289428711,-326.6537475585937,501.751220703125,238.07839965820312,-127.23050689697266,814.0239868164062,-124.81309509277344,155.11148071289062,197.3547515869141,-162.08444213867188,-176.180908203125,970.4053955078124,-132.65089416503906,-71.41156005859375,491.7249755859375,-182.20089721679688,-311.291748046875,853.05322265625
114.02527618408205,-341.974365234375,135.43348693847656,138.53677368164062,-225.5536346435547,977.6438598632812,117.09510040283205,-325.6950378417969,502.1575622558594,239.45654296875,-132.99356079101562,814.7449340820312,-124.94660186767578,153.78526306152344,202.9451446533203,-161.02609252929688,-178.0230255126953,970.1683959960938,-132.63099670410156,-80.03165435791016,490.1553039550781,-182.1514892578125,-307.6304016113281,851.9684448242188
114.09709930419922,-333.5190124511719,135.10723876953125,139.67648315429688,-227.07568359375,979.3630981445312,118.56865692138672,-324.1227722167969,502.45452880859375,240.86880493164065,-139.06642150878906,815.6515502929688,-124.988525390625,151.22232055664062,208.79913330078125,-159.98329162597656,-179.6190948486328,970.0158081054688,-132.82835388183594,-89.17506408691406,488.5110778808594,-182.1893768310547,-303.8405456542969,851.0860595703125
114.13455200195312,-324.8197631835937,134.83230590820312,140.80300903320312,-228.38491821289065,981.1033325195312,119.98583221435548,-321.8805847167969,502.616943359375,242.30084228515625,-145.43203735351562,816.739013671875,-124.92777252197266,147.4285125732422,214.8533477783203,-158.96234130859375,-180.94497680664065,969.9533081054688,-133.19586181640625,-98.73987579345705,486.86865234375,-182.30990600585935,-299.9375,850.3997802734375
114.13343048095705,-315.8958435058594,134.60006713867188,141.90963745117188,-229.4717559814453,982.8390502929688,121.3101577758789,-318.9386291503906,502.6325073242188,243.7374725341797,-152.07168579101562,818.002685546875,-124.75564575195312,142.4427032470703,221.03042602539065,-157.9685516357422,-181.9862823486328,969.9882202148438,-133.67953491210938,-108.62686920166016,485.3182678222656,-182.509033203125,-295.9366760253906,849.9014282226562
114.09322357177734,-306.77252197265625,134.4019317626953,142.99098205566406,-230.32931518554688,984.5474853515624,122.51900482177734,-315.2970275878906,502.5018310546875,245.16282653808597,-158.96511840820312,819.4378051757812,-124.4662857055664,136.33480834960938,227.241943359375,-157.00619506835938,-182.7386016845703,970.12890625,-134.2250213623047,-118.74446105957033,483.957763671875,-182.7833709716797,-291.85333251953125,849.5810546875
114.0168685913086,-297.478759765625,134.2299041748047,144.04298400878906,-230.95343017578125,986.2093505859376,123.6054229736328,-310.985595703125,502.23681640625,246.5607147216797,-166.09072875976562,821.0402221679688,-124.057373046875,129.20074462890625,233.3919219970703,-156.0786895751953,-183.20700073242188,970.3844604492188,-134.783203125,-129.0121307373047,482.8846130371094,-183.13018798828125,-287.7025451660156,849.4274291992188
113.91014099121094,-288.0448913574219,134.07688903808594,145.06275939941406,-231.34288024902344,987.8082885742188,124.57742309570312,-306.0605773925781,501.858154296875,247.9148406982422,-173.4257354736328,822.8060302734375,-123.53093719482422,121.15404510498048,239.3791961669922,-155.18858337402344,-183.4049835205078,970.76416015625,-135.31446838378906,-139.36170959472656,482.188232421875,-183.54733276367188,-283.49884033203125,849.42822265625
113.7809600830078,-278.5007629394531,133.93710327148438,146.04844665527344,-231.4993896484375,989.3308715820312,125.4546127319336,-300.5982971191406,501.3916015625,249.2090759277344,-180.94631958007807,824.7317504882812,-122.89403533935548,112.31537628173828,245.09869384765625,-154.337646484375,-183.3531036376953,971.2763061523438,-135.79078674316406,-149.73643493652344,481.9427795410156,-184.03305053710935,-279.256103515625,849.5703125
113.63842010498048,-268.8741149902344,133.8063201904297,146.99893188476562,-231.4276123046875,990.765869140625,126.26274871826172,-294.6869506835937,500.8649597167969,250.42770385742188,-188.6278533935547,826.814208984375,-122.1591567993164,102.80175018310548,250.4413604736328,-153.52706909179688,-183.0771484375,971.9277954101562,-136.19607543945312,-160.0880889892578,482.2013854980469,-184.5858154296875,-274.9875793457031,849.8397827148438
113.4915771484375,-259.18963623046875,133.6821746826172,147.91360473632812,-231.1349029541016,992.1041870117188,127.02706146240234,-288.41802978515625,500.304931640625,251.55569458007807,-196.44503784179688,829.0503540039062,-121.34415435791016,92.71765899658205,255.2945098876953,-152.75759887695312,-182.606201171875,972.7227172851562,-136.52523803710938,-170.37364196777344,482.9924621582031,-185.2040252685547,-270.70556640625,850.2221069335938
113.34831237792967,-249.4678955078125,133.56405639648438,148.7921600341797,-230.63101196289065,993.3383178710938,127.76576232910156,-281.8779602050781,499.7350463867188,252.5788726806641,-204.3721466064453,831.436767578125,-120.47186279296876,82.14955139160156,259.5443420410156,-152.02967834472656,-181.9708251953125,973.6618041992188,-136.78271484375,-180.552001953125,484.3183288574219,-185.8858642578125,-266.42144775390625,850.7022094726562
113.2142562866211,-239.72491455078125,133.4529266357422,149.63436889648438,-229.927734375,994.4619750976562,128.4851531982422,-275.1416931152344,499.1740417480469,253.484130859375,-212.38316345214844,833.9699096679688,-119.56938934326172,71.16349792480469,263.0805358886719,-151.34365844726562,-181.20135498046875,974.741455078125,-136.97988891601562,-190.5811004638672,486.15570068359375,-186.62901306152344,-262.1456298828125,851.26416015625
113.09226989746094,-229.97222900390625,133.3508758544922,150.43995666503906,-229.0384521484375,995.469970703125,129.17774963378906,-268.2682800292969,498.6350708007813,254.25958251953125,-220.4519805908203,836.6451416015625,-118.66746520996094,59.80508804321289,265.8027038574219,-150.6999053955078,-180.3264923095703,975.953369140625,-137.13182067871094,-200.4164276123047,488.4588012695313,-187.43051147460935,-257.88751220703125,851.8916015625
112.98233032226562,-220.2174835205078,133.26063537597656,151.2084503173828,-227.9776611328125,996.3577880859376,129.82418823242188,-261.29852294921875,498.1256408691406,254.8946990966797,-228.5526428222656,839.4569702148438,-117.79984283447266,48.10024642944336,267.62646484375,-150.0989227294922,-179.37225341796875,977.2846069335938,-137.253662109375,-210.01133728027344,491.1639404296875,-188.28662109375,-253.655517578125,852.567626953125
112.8819580078125,-210.46533203125,133.18507385253906,151.9391326904297,-226.76071166992188,997.1212768554688,130.3986358642578,-254.25485229492188,497.6480712890625,255.38038635253903,-236.6594390869141,842.3983154296875,-117.00223541259766,36.05694961547852,268.48895263671875,-149.54127502441406,-178.36135864257812,978.71728515625,-137.35719299316406,-219.3185577392578,494.1953125,-189.19276428222656,-249.4571075439453,853.2748413085938
112.78702545166016,-200.7183532714844,133.12669372558594,152.6309356689453,-225.403564453125,997.7571411132812,130.8760986328125,-247.14306640625,497.2005615234375,255.7090759277344,-244.7471466064453,845.46044921875,-116.31058502197266,23.66777610778809,268.3521728515625,-149.02772521972656,-177.31289672851562,980.2294921875,-137.4479217529297,-228.2924652099609,497.4711608886719,-190.1435394287109,-245.2988128662109,853.9953002929688
112.69271087646484,-190.9777984619141,133.08717346191406,153.28253173828125,-223.9226531982422,998.262451171875,131.23941040039062,-239.95632934570312,496.7787170410156,255.87472534179688,-252.7911529541016,848.6327514648438,-115.7587890625,10.913557052612305,267.20477294921875,-148.55917358398438,-176.2422637939453,981.7960205078124,-137.5232391357422,-236.8913726806641,500.9096374511719,-191.13282775878903,-241.1863250732422,854.7110595703125
112.59441375732422,-181.24424743652344,133.0670928955078,153.89230346679688,-222.3345947265625,998.635009765625,131.483154296875,-232.6808319091797,496.3770751953125,255.87286376953125,-260.767578125,851.9024658203125,-115.37601470947266,-2.231996536254883,265.0622253417969,-148.1366729736328,-175.1614990234375,983.388916015625,-137.5718536376953,-245.07858276367188,504.433837890625,-192.1539459228516,-237.12452697753903,855.404052734375
112.48846435546876,-171.5179901123047,133.06573486328125,154.45834350585938,-220.65577697753903,998.8736572265624,131.61398315429688,-225.30178833007807,495.9899597167969,255.70053100585935,-268.6534423828125,855.2548217773438,-115.1846160888672,-15.79785442352295,261.9654235839844,-147.76138305664062,-174.0797882080078,984.9790649414062,-137.57492065429688,-252.82205200195312,507.9748229980469,-193.1998291015625,-233.1175994873047,856.0563354492188
112.37247467041016,-161.7991485595703,133.0812225341797,154.97848510742188,-218.9019317626953,998.9781494140624,131.64773559570312,-217.80870056152344,495.6124877929688,255.35630798339844,-276.4266662597656,858.6728515625,-115.1988296508789,-29.812427520751957,257.97808837890625,-147.43447875976562,-173.0040740966797,986.5367431640624,-137.5085906982422,-260.0931701660156,511.4729614257813,-194.26329040527344,-229.1690826416016,856.6507568359375
112.245361328125,-152.08753967285156,133.11070251464844,155.450439453125,-217.08786010742188,998.9495849609376,131.605224609375,-210.19903564453125,495.2406005859375,254.84022521972656,-284.066162109375,862.1378173828125,-115.4241943359375,-44.30150985717773,253.1835479736328,-147.15707397460938,-171.9396514892578,988.0326538085938,-137.34780883789062,-266.8656616210937,514.8768920898438,-195.33729553222656,-225.2819366455078,857.1707763671875
112.10710906982422,-142.38278198242188,133.15078735351562,155.87188720703125,-215.2273101806641,998.790283203125,131.5078887939453,-202.48019409179688,494.8710021972656,254.15374755859372,-291.55194091796875,865.6290893554688,-115.85752868652344,-59.2869758605957,247.6812286376953,-146.93017578125,-170.8907012939453,989.439208984375,-137.07101440429688,-273.1149597167969,518.1409912109375,-196.4151306152344,-221.45867919921875,857.6011962890625
111.95832824707033,-132.68463134765625,133.1978302001953,156.2406463623047,-213.3329315185547,998.5037231445312,131.37437438964844,-194.67007446289065,494.5010986328125,253.29974365234372,-298.86492919921875,869.1246337890625,-116.4874038696289,-74.78575897216797,241.58352661132807,-146.7545166015625,-169.86074829101562,990.730712890625,-136.66444396972656,-278.8188171386719,521.2223510742188,-197.4906768798828,-217.701416015625,857.9280395507812
111.79981231689452,-122.99304962158205,133.24835205078125,156.5548095703125,-211.41647338867188,998.0946044921876,131.21823120117188,-186.7958526611328,494.1285400390625,252.2823944091797,-305.9872436523437,872.601318359375,-117.2950439453125,-90.80862426757812,235.01263427734372,-146.63059997558594,-168.85304260253906,991.88427734375,-136.1250762939453,-283.9574584960937,524.07861328125,-198.5585174560547,-214.01194763183597,858.13916015625
111.63217163085938,-113.30834197998048,133.2992706298828,156.81283569335938,-209.4889068603516,997.5686645507812,131.0472869873047,-178.89151000976562,493.75140380859375,251.10714721679688,-312.9019775390625,876.0350952148438,-118.2555694580078,-107.35855865478516,228.09783935546875,-146.5585479736328,-167.87083435058594,992.8801879882812,-135.46141052246094,-288.5143127441406,526.6671142578125,-199.61415100097656,-210.3918609619141,858.2243041992188
111.45553588867188,-103.63109588623048,133.34814453125,157.0137176513672,-207.5606689453125,996.9324951171876,130.86412048339844,-170.9945526123047,493.36810302734375,249.78073120117188,-319.5932006835937,879.4015502929688,-119.33940887451172,-124.4287109375,220.97280883789065,-146.5381622314453,-166.9176483154297,993.7021484375,-134.69273376464844,-292.47625732421875,528.9453735351562,-200.65396118164065,-206.84255981445312,858.1751098632812
111.26951599121094,-93.96223449707033,133.39337158203125,157.1570281982422,-205.64187622070312,996.1934204101562,130.66766357421875,-163.1427764892578,492.9775085449219,248.3109436035156,-326.046142578125,882.6762084960938,-120.51393127441406,-142.00021362304688,213.7729949951172,-146.56887817382812,-165.9973602294922,994.3375244140624,-133.84707641601562,-295.83447265625,530.8726806640625,-201.67535400390625,-203.3654327392578,857.9854125976562
111.07331085205078,-84.30314636230469,133.4342803955078,157.2428741455078,-203.7424468994141,995.3593139648438,130.45518493652344,-155.3713836669922,492.57916259765625,246.7066650390625,-332.2470092773437,885.8346557617188,-121.7450714111328,-160.04005432128906,206.6329345703125,-146.64976501464844,-165.1144256591797,994.777587890625,-132.95849609375,-298.58514404296875,532.4116821289062,-202.6766815185547,-199.96180725097656,857.6510620117188
110.86595153808594,-74.65584564208984,133.47125244140625,157.27191162109375,-201.87229919433597,994.438232421875,130.22442626953125,-147.7112579345703,492.1731872558594,244.97764587402344,-338.1830444335937,888.8533325195312,-122.99880981445312,-178.49929809570312,199.68338012695312,-146.77960205078125,-164.27392578125,995.0173950195312,-132.06402587890625,-300.7305908203125,533.5311889648438,-203.65725708007807,-196.63314819335935,857.1700439453125
110.64667510986328,-65.023193359375,133.5058135986328,157.24530029296875,-200.0413360595703,993.4384155273438,129.97503662109375,-140.18865966796875,491.7603454589844,243.13449096679688,-343.8424987792969,891.7093505859375,-124.24254608154295,-197.31138610839844,193.0482940673828,-146.9569091796875,-163.48170471191406,995.0558471679688,-131.20066833496094,-302.2804260253906,534.2083740234375,-204.6171722412109,-193.38107299804688,856.5423583984375
110.41529846191406,-55.40907669067383,133.54071044921875,157.16458129882812,-198.25961303710935,992.3680419921876,129.70941162109375,-132.82635498046875,491.341796875,241.1884002685547,-349.21466064453125,894.381103515625,-125.44603729248048,-216.3905029296875,186.8417510986328,-147.1800994873047,-162.74436950683594,994.8958129882812,-130.40272521972656,-303.2528381347656,534.4315795898438,-205.55735778808597,-190.2074432373047,855.7699584960938
110.17251586914062,-45.818603515625,133.5799560546875,157.03164672851562,-196.5373992919922,991.2351684570312,129.43258666992188,-125.64535522460938,490.9189453125,239.15115356445312,-354.2897033691406,896.8484497070312,-126.58192443847656,-235.63034057617188,181.16452026367188,-147.44757080078125,-162.06951904296875,994.5438842773438,-129.6997833251953,-303.67578125,534.2025146484375,-206.4793701171875,-187.11444091796875,854.8563842773438
109.92002868652344,-36.258209228515625,133.62905883789062,156.84844970703125,-194.88526916503903,990.0474243164062,129.15162658691406,-118.66674041748048,490.4932556152344,237.03489685058597,-359.05859375,899.0929565429688,-127.62586975097656,-254.90353393554688,176.10061645507812,-147.75779724121094,-161.46572875976562,994.0101928710938,-129.1151885986328,-303.5878295898437,533.53759765625,-207.38536071777344,-184.10467529296875,853.8070068359375
109.66068267822266,-26.73576545715332,133.69500732421875,156.616943359375,-193.3140411376953,988.8120727539062,128.87454223632812,-111.91307830810548,490.06585693359375,234.85206604003903,-363.5131530761719,901.0980834960938,-128.5563507080078,-274.0621337890625,171.7138671875,-148.10940551757812,-160.94265747070312,993.3081665039062,-128.66510009765625,-303.0389404296875,532.4679565429688,-208.27798461914065,-181.1812438964844,852.628662109375
109.3983917236328,-17.260652542114258,133.78656005859375,156.33897399902344,-191.8347320556641,987.5360717773438,128.60922241210938,-105.40911102294922,489.6375427246094,232.6152191162109,-367.6458740234375,902.849365234375,-129.35418701171875,-292.93914794921875,168.04452514648438,-148.5012664794922,-160.510986328125,992.454345703125,-128.35797119140625,-302.0906982421875,531.0382080078125,-209.16038513183597,-178.3478240966797,851.329345703125
109.13810729980467,-7.843747615814209,133.9144287109375,156.0161895751953,-190.4583282470703,986.2258911132812,128.36233520507812,-99.18167114257812,489.2080993652344,230.3370056152344,-371.4498596191406,904.3347778320312,-130.0022430419922,-311.35125732421875,165.1065216064453,-148.93240356445312,-160.18240356445312,991.4679565429688,-128.19442749023438,-300.81622314453125,529.3042602539062,-210.0360565185547,-175.60877990722656,849.918701171875
108.88562774658205,1.5025887489318848,134.09127807617188,155.6501922607422,-189.1957244873047,984.8881225585938,128.138427734375,-93.25890350341795,488.77642822265625,228.0299835205078,-374.9187622070313,905.5445556640624,-130.48529052734375,-329.10272216796875,162.885498046875,-149.4020538330078,-159.9694061279297,990.370361328125,-128.1674346923828,-299.29937744140625,527.3300170898438,-210.90896606445312,-172.96920776367188,848.4072265625
108.64710235595705,10.764690399169922,134.33157348632812,155.2425994873047,-188.0574951171875,983.5291137695312,127.93909454345705,-87.66889190673828,488.34033203125,225.7065887451172,-378.0466613769531,906.4714965820312,-130.78997802734375,-345.9905090332031,161.33827209472656,-149.90957641601562,-159.88536071777344,989.1847534179688,-128.26283264160156,-297.6330261230469,525.18408203125,-211.7834014892578,-170.43505859375,846.8067626953125
108.4279327392578,19.92813873291016,134.6509246826172,154.79541015625,-187.05377197265625,982.1559448242188,127.76235961914062,-82.43789672851562,487.8968200683594,223.37911987304688,-380.8280334472656,907.1109619140624,-130.90505981445312,-361.81103515625,160.39418029785156,-150.45440673828125,-159.9441375732422,987.9356689453124,-128.460205078125,-295.9162292480469,522.9366455078125,-212.6640167236328,-168.0131378173828,845.1300659179688
108.23178100585938,28.97829818725586,135.06556701660156,154.31097412109375,-186.1943206787109,980.7759399414062,127.60208892822266,-77.58854675292969,487.4425354003906,221.0596160888672,-383.2576904296875,907.4609985351562,-130.82186889648438,-376.3680725097656,159.95864868164062,-151.03604125976562,-160.15997314453125,986.6483154296876,-128.7337646484375,-294.2498474121094,520.6567993164062,-213.55581665039065,-165.71121215820312,843.3909912109375
108.05998992919922,37.90071105957031,135.5919952392578,153.79190063476562,-185.4886016845703,979.3973999023438,127.44762420654295,-73.13834381103516,486.9743347167969,218.75999450683597,-385.3306274414063,907.5220336914062,-130.5348358154297,-389.48193359375,159.9188995361328,-151.654052734375,-160.5470428466797,985.34814453125,-129.05377197265625,-292.7311706542969,518.4100952148438,-214.46408081054688,-163.53799438476562,841.6041259765625
107.91104125976562,46.681785583496094,136.2467041015625,153.24078369140625,-184.94618225097656,978.0289916992188,127.28362274169922,-69.09886169433594,486.49017333984375,216.4920196533203,-387.0421752929688,907.2971801757812,-130.042236328125,-400.9989318847656,160.15164184570312,-152.30804443359375,-161.11892700195312,984.060546875,-129.38792419433594,-291.4477844238281,516.2554321289062,-215.394287109375,-161.50315856933594,839.7852172851562
107.78033447265624,55.30953598022461,137.04579162597656,152.6596221923828,-184.576904296875,976.6797485351562,127.09024810791016,-65.47588348388672,485.9894104003906,214.267333984375,-388.38775634765625,906.7920532226562,-129.34690856933594,-410.8004455566406,160.531982421875,-152.99758911132812,-161.8881072998047,982.81005859375,-129.70330810546875,-290.4716796875,514.2421264648438,-216.3520355224609,-159.61737060546875,837.950439453125
107.66065216064452,63.773956298828125,138.00453186035156,152.04942321777344,-184.39108276367188,975.3582153320312,126.84395599365234,-62.27056503295898,485.4732971191406,212.097412109375,-389.3631286621094,906.014404296875,-128.4569549560547,-418.8110656738281,160.9426727294922,-153.72216796875,-162.8651885986328,981.6202392578124,-129.96841430664062,-289.8542175292969,512.4077758789062,-217.34292602539065,-157.89219665527344,836.1168823242188
107.54314422607422,72.06684875488281,139.13706970214844,151.4099578857422,-184.399169921875,974.0723876953124,126.5189208984375,-59.48147201538086,484.9449157714844,209.99354553222656,-389.9643859863281,904.974365234375,-127.3863754272461,-425.0042419433594,161.28285217285156,-154.48110961914062,-164.05816650390625,980.5133056640624,-130.15560913085938,-289.6235046386719,510.7771606445313,-218.37234497070312,-156.3400421142578,834.3019409179688
107.41864776611328,80.18111419677734,140.45614624023438,150.73971557617188,-184.6112365722656,972.8292846679688,126.08930206298828,-57.1070442199707,484.40863037109375,207.9667816162109,-390.1879577636719,903.6840209960938,-126.1555633544922,-429.4054260253906,161.47486877441406,-155.27357482910156,-165.4716033935547,979.509765625,-130.24349975585938,-289.7837829589844,509.3627624511719,-219.44534301757807,-154.97410583496094,832.5235595703125
107.2788543701172,88.1094970703125,141.9728546142578,150.03610229492188,-185.0360565185547,971.63525390625,125.5322036743164,-55.14814758300781,483.86920166015625,206.0278167724609,-390.0308532714844,902.1573486328124,-124.79158782958984,-432.0913391113281,161.46864318847656,-156.09849548339844,-167.10586547851562,978.62841796875,-130.21942138671875,-290.3173828125,508.1666259765625,-220.5663909912109,-153.80816650390625,830.7997436523438
107.11740112304688,95.84313201904295,143.69667053222656,149.29591369628906,-185.67996215820312,970.49609375,124.8310317993164,-53.6103401184082,483.330810546875,204.1869354248047,-389.4906005859375,900.4100341796875,-123.32796478271484,-433.1853942871094,161.24237060546875,-156.95455932617188,-168.9563751220703,977.8858032226562,-130.0811309814453,-291.1886291503906,507.182861328125,-221.73919677734372,-152.85647583007812,829.1484985351562
106.93061065673828,103.36975860595705,145.63571166992188,148.51560974121094,-186.5458526611328,969.4171752929688,123.97868347167967,-52.50547790527344,482.7960815429688,202.45379638671875,-388.5654296875,898.4594116210938,-121.80416107177734,-432.8491516113281,160.79978942871094,-157.84024047851562,-171.01304626464844,977.2964477539062,-129.8380584716797,-292.3489074707031,506.4011535644531,-222.9664764404297,-152.133544921875,827.5878295898438
106.71802520751952,110.6720199584961,147.7970428466797,147.6918182373047,-187.6320953369141,968.4039916992188,122.98019409179688,-51.852535247802734,482.2653503417969,200.83740234375,-387.2544250488281,896.3240966796875,-120.26490020751952,-431.2700500488281,160.1642303466797,-158.75372314453125,-173.260009765625,976.8724975585938,-129.51138305664062,-293.7424621582031,505.8101196289063,-224.24981689453125,-151.65390014648438,826.13525390625
106.48252868652344,117.72593688964844,150.1873321533203,146.8216552734375,-188.93197631835935,967.4622192382812,121.85440826416016,-51.677520751953125,481.73626708984375,199.34580993652344,-385.5574035644531,894.0239868164062,-118.759033203125,-428.64691162109375,159.3710174560547,-159.69297790527344,-175.6755828857422,976.62353515625,-129.13331604003906,-295.3122863769531,505.3997192382813,-225.5894470214844,-151.43182373046875,824.807861328125
106.23030853271484,124.4998016357422,152.81356811523438,145.90301513671875,-190.4331512451172,966.5977172851562,120.63435363769533,-52.012474060058594,481.2038269042969,197.9861297607422,-383.4752807617188,891.5800170898438,-117.337646484375,-425.1737365722656,158.46029663085938,-160.65579223632812,-178.23269653320312,976.5565185546876,-128.74560546875,-297.0045471191406,505.1626892089844,-226.9842071533203,-151.48106384277344,823.6218872070312
105.97056579589844,130.95361328125,155.68380737304688,144.9348907470703,-192.1174774169922,965.8164672851562,119.3662567138672,-52.89370727539063,480.6606140136719,196.7642822265625,-381.010009765625,889.0138549804688,-116.0512237548828,-421.0252990722656,157.471923828125,-161.63980102539062,-180.8997344970703,976.6754150390624,-128.39747619628906,-298.7716369628906,505.0936279296875,-228.4314117431641,-151.81454467773438,822.5927734375
105.7151870727539,137.038818359375,158.80770874023438,143.91748046875,-193.9611968994141,965.1246948242188,118.10726165771484,-54.35930252075195,480.0972900390625,195.6849822998047,-378.1647644042969,886.3480224609375,-114.94567108154295,-416.3460388183594,156.44190979003906,-162.6425323486328,-183.64144897460935,976.9810180664062,-128.1427001953125,-300.57257080078125,505.1866760253906,-229.92686462402344,-152.44406127929688,821.7346801757812
105.47832489013672,142.697998046875,162.19642639160156,142.85244750976562,-195.93511962890625,964.5286254882812,116.921875,-56.44610595703125,479.5032348632813,194.7515869140625,-374.9440612792969,883.6053466796875,-114.0577621459961,-411.2442626953125,155.4004364013672,-163.66143798828125,-186.4203338623047,977.4707641601562,-128.03616333007812,-302.3708190917969,505.4319152832031,-231.46487426757807,-153.3799285888672,821.0603637695312
105.27567291259766,147.86441040039062,165.8618621826172,141.74295043945312,-198.0053253173828,964.0343627929688,115.8772964477539,-59.18647384643555,478.86712646484375,193.9661102294922,-371.3539123535156,880.8090209960938,-113.41082000732422,-405.7916870117188,154.3716278076172,-164.6938018798828,-189.19778442382807,978.1386108398438,-128.12936401367188,-304.1300354003906,505.8116455078125,-233.03836059570312,-154.63076782226562,820.5810546875
105.12342834472656,152.46224975585938,169.81532287597656,140.59365844726562,-200.1337890625,963.6475830078124,115.03794860839844,-62.60498809814453,478.1781311035156,193.3292388916016,-367.4018249511719,877.9822998046875,-113.0120086669922,-400.02728271484375,153.37411499023438,-165.73670959472656,-191.93544006347656,978.9752197265624,-128.46546936035156,-305.8087158203125,506.2982177734375,-234.63894653320312,-156.2032470703125,820.3060913085938
105.03682708740234,156.4081573486328,174.0657196044922,139.41065979003906,-202.2794647216797,963.3735961914062,114.45968627929688,-66.71561431884766,477.4270324707031,192.84033203125,-363.09710693359375,875.1482543945312,-112.85187530517578,-393.9639587402344,152.4220733642578,-166.787109375,-194.59634399414065,979.9678344726562,-129.0741729736328,-307.35498046875,506.8542175292969,-236.257080078125,-158.10189819335938,820.2427978515625
105.02853393554688,159.61468505859375,178.61769104003906,138.20123291015625,-204.39947509765625,963.2168579101562,114.18434143066406,-71.51971435546875,476.6080017089844,192.4975128173828,-358.4506530761719,872.3296508789062,-112.90625762939452,-387.5964660644531,151.52601623535156,-167.8417510986328,-197.14601135253903,981.1009521484376,-129.96710205078125,-308.703125,507.43548583984375,-237.8822479248047,-160.32894897460938,820.3963012695312
105.1070327758789,161.9949493408203,183.46920776367188,136.97357177734375,-206.4506072998047,963.1807861328124,114.23543548583984,-77.00514221191406,475.7206115722656,192.29782104492188,-353.4751281738281,869.5488891601562,-113.14009857177734,-380.9092102050781,150.69346618652344,-168.8973388671875,-199.5531005859375,982.35693359375,-131.13494873046875,-309.77276611328125,507.9962768554688,-239.5031890869141,-162.88418579101562,820.76953125
105.27532958984376,163.4680938720703,188.6090545654297,135.7363739013672,-208.39093017578125,963.267578125,114.61579895019533,-83.14665222167969,474.7716674804688,192.2373046875,-348.184814453125,866.8274536132812,-113.51206970214844,-373.8835144042969,149.9295654296875,-169.95059204101562,-201.7899475097656,983.7161254882812,-132.547119140625,-310.47125244140625,508.49456787109375,-241.10806274414065,-165.764892578125,821.3631591796875
105.5298080444336,163.96481323242188,194.0144805908203,134.49842834472656,-210.18161010742188,963.4780883789062,115.30762481689452,-89.90705108642578,473.7767639160156,192.31109619140625,-342.5955810546875,864.1860961914062,-113.97908782958984,-366.5034790039063,149.23736572265625,-170.99838256835938,-203.8328399658203,985.1580200195312,-134.15411376953125,-310.6990661621094,508.8971557617188,-242.6846618652344,-168.96572875976562,822.175537109375
105.8594741821289,163.4326934814453,199.6495819091797,133.2682647705078,-211.7886505126953,963.8118286132812,116.27484893798828,-97.23909759521484,472.76116943359375,192.5136260986328,-336.7248229980469,861.64453125,-114.5000991821289,-358.7602844238281,148.61817932128906,-172.0379180908203,-205.6619873046875,986.6617431640624,-135.89205932617188,-310.35748291015625,509.1831665039063,-244.220703125,-172.478759765625,823.2030029296875
106.24568176269533,161.8402862548828,205.4651031494141,132.0537109375,-213.18429565429688,964.267333984375,117.46745300292967,-105.08761596679688,471.7599487304688,192.83865356445312,-330.5911560058594,859.2211303710938,-115.03894805908205,-350.65496826171875,148.07179260253906,-173.06690979003906,-207.26141357421875,988.20654296875,-137.6890106201172,-309.35662841796875,509.3458862304688,-245.7039794921875,-176.29342651367188,824.4396362304688
106.66292572021484,159.18002319335938,211.3996734619141,130.8616180419922,-214.34811401367188,964.842529296875,118.82665252685548,-113.39167785644533,470.8168029785156,193.2793426513672,-324.21435546875,856.9328002929688,-115.56635284423828,-342.19970703125,147.59645080566406,-174.08360290527344,-208.61868286132807,989.7724609375,-139.47225952148438,-307.6236572265625,509.3923645019531,-247.12266540527344,-180.39671325683597,825.8778686523438
107.08073425292967,155.46978759765625,217.38201904296875,129.69761657714844,-215.26763916015625,965.5350952148438,120.29011535644533,-122.08655548095705,469.98236083984375,193.8284454345703,-317.6151733398437,854.7945556640625,-116.06107330322266,-333.4184875488281,147.18887329101562,-175.08677673339844,-209.724365234375,991.3407592773438,-141.176025390625,-305.1097717285156,509.3408203125,-248.4654083251953,-184.77317810058597,827.50830078125
107.46678161621094,150.7527313232422,223.3337860107422,128.56593322753906,-215.93862915039065,966.342529296875,121.7965316772461,-131.10545349121094,469.3113708496094,194.47817993164065,-310.8150634765625,852.8196411132812,-116.51000213623048,-324.3463439941406,146.8441619873047,-176.07568359375,-210.57167053222656,992.89404296875,-142.74810791015625,-301.7957458496094,509.2165832519531,-249.72157287597656,-189.4052734375,829.3203125
107.79068756103516,145.0945587158203,229.17239379882807,127.46923065185548,-216.36471557617188,967.262451171875,123.2892074584961,-140.3811492919922,468.8595581054688,195.2204132080078,-303.8359680175781,851.0189819335938,-116.90745544433594,-315.0267944335937,146.55596923828125,-177.0498046875,-211.15606689453125,994.4166259765624,-144.1548614501953,-297.6952514648437,509.0470581054688,-250.8813934326172,-194.2735748291016,831.3021240234375
108.02751159667967,138.57789611816406,234.8129425048828,126.40868377685548,-216.55679321289065,968.292236328125,124.71875,-149.84759521484375,468.6799011230469,196.0465850830078,-296.7003173828125,849.4010620117188,-117.2538833618164,-305.5082397460937,146.3169708251953,-178.00868225097656,-211.4750518798828,995.89453125,-145.383056640625,-292.8547058105469,508.8568115234375,-251.93603515625,-199.3571014404297,833.44091796875
108.16049194335938,131.29415893554688,240.1687164306641,125.38401794433594,-216.53189086914065,969.4286499023438,126.04480743408205,-159.44143676757812,468.8190002441406,196.9476623535156,-289.4305725097656,847.9717407226562,-117.55420684814452,-295.8397216796875,146.1194305419922,-178.9518585205078,-211.52810668945312,997.3154907226562,-146.43869018554688,-287.3493347167969,508.6642150878906,-252.87765502929688,-204.63375854492188,835.723388671875
108.18243408203124,123.33468627929688,245.15049743652344,124.39373779296876,-216.3119201660156,970.6675415039062,127.23681640625,-169.1030731201172,469.3136901855469,197.9142303466797,-282.04913330078125,846.7341918945312,-117.81608581542967,-286.0669250488281,145.9558563232422,-179.8786163330078,-211.31678771972656,998.6688232421876,-147.3429718017578,-281.2757873535156,508.47998046875,-253.69944763183597,-210.0806121826172,838.1358032226562
108.09567260742188,114.78289031982422,249.6661834716797,123.43543243408205,-215.9220733642578,972.0030517578124,128.27374267578125,-178.77711486816406,470.1881103515625,198.9364318847656,-274.5782775878906,845.6885986328125,-118.0482406616211,-276.2297668457031,145.81954956054688,-180.7878875732422,-210.8449249267578,999.9453735351562,-148.12661743164062,-274.7423095703125,508.3077697753906,-254.3956451416016,-215.6742248535156,840.6639404296875
107.91072845458984,105.70864868164062,253.62179565429688,122.50624084472656,-215.38912963867188,973.4274291992188,129.14297485351562,-188.41229248046875,471.4517211914063,200.00390625,-267.03985595703125,844.8322143554688,-118.25902557373048,-266.3608093261719,145.70504760742188,-181.67808532714844,-210.1188201904297,1001.1376342773438,-148.8235626220703,-267.8586730957031,508.1457824707031,-254.96148681640625,-221.39097595214844,843.2936401367188
107.6443862915039,96.1654281616211,256.92431640625,121.60342407226562,-214.7398681640625,974.9306030273438,129.838623046875,-197.96109008789065,473.0985412597656,201.10585021972656,-259.4552917480469,844.1593017578125,-118.455322265625,-256.48504638671875,145.60830688476562,-182.54693603515625,-209.14749145507807,1002.2391357421876,-149.46531677246094,-260.7269592285156,507.9892883300781,-255.3931579589844,-227.2072906494141,846.0104370117188
107.31771087646484,86.18981170654297,259.4854431152344,120.7249526977539,-213.99940490722656,976.4996948242188,130.35946655273438,-207.3790283203125,475.1075134277344,202.23106384277344,-251.8454742431641,843.6611938476562,-118.64191436767578,-246.62005615234372,145.5267791748047,-183.39138793945312,-207.94288635253903,1003.2449951171876,-150.07652282714844,-253.4346160888672,507.8334655761719,-255.68771362304688,-233.0998992919922,848.8001098632812
106.9543685913086,75.80272674560547,261.2261657714844,119.8700180053711,-213.18991088867188,978.119384765625,130.70701599121094,-216.62405395507807,477.4437561035156,203.3679351806641,-244.23069763183597,843.3263549804688,-118.82136535644533,-236.77670288085935,145.4591522216797,-184.2074737548828,-206.5200042724609,1004.1511840820312,-150.67269897460938,-246.04977416992188,507.675537109375,-255.84300231933597,-239.0459442138672,851.648193359375
106.57958221435548,65.01144409179688,262.0811462402344,119.03942108154295,-212.3293914794922,979.7717895507812,130.8838653564453,-225.656005859375,480.0613098144531,204.50460815429688,-236.63055419921875,843.1405639648438,-118.99429321289062,-226.96011352539065,145.4049530029297,-184.99044799804688,-204.8968505859375,1004.9547119140624,-151.25978088378906,-238.6197052001953,507.5162353515625,-255.8575897216797,-245.02316284179688,854.5404052734375
106.2196273803711,53.81192398071289,262.0032653808594,118.23574829101562,-211.4311065673828,981.4373168945312,130.892578125,-234.4365692138672,482.9063415527344,205.62913513183597,-229.0639190673828,843.0872192382812,-119.15983581542967,-217.1706695556641,145.3641357421875,-185.7347717285156,-203.09413146972656,1005.6534423828124,-151.83583068847656,-231.17153930664065,507.35986328125,-255.7305908203125,-251.00999450683597,857.46240234375
105.90142822265624,42.19152069091797,260.9663391113281,117.46337127685548,-210.5034027099609,983.0947265625,130.7349853515625,-242.9291229248047,485.9207763671875,206.72955322265625,-221.5489044189453,843.1478271484375,-119.31626892089844,-207.40542602539065,145.336669921875,-186.43426513671875,-201.13479614257807,1006.2460327148438,-152.3936767578125,-223.7154541015625,507.2134704589844,-255.46165466308597,-256.985595703125,860.3997192382812
105.6516342163086,30.13191795349121,258.9666748046875,116.7282485961914,-209.5500946044922,984.7222900390624,130.41201782226562,-251.09860229492188,489.0459289550781,207.79417419433597,-214.10276794433597,843.3020629882812,-119.46154022216795,-197.65940856933597,145.32244873046875,-187.0824432373047,-199.0433807373047,1006.7317504882812,-152.92410278320312,-216.24908447265625,507.0850830078125,-255.05078125,-262.9299011230469,863.337890625
105.49537658691406,17.611499786376953,256.0230712890625,116.03739166259766,-208.57159423828125,986.2977294921876,129.9239959716797,-258.9112548828125,492.2254028320313,208.81170654296875,-206.7419586181641,843.5283203125,-119.59373474121094,-187.9269256591797,145.32110595703125,-187.67263793945312,-196.84527587890625,1007.1106567382812,-153.41836547851562,-208.76318359375,506.9817199707031,-254.49835205078125,-268.8236999511719,866.26220703125
105.45480346679688,4.607125759124756,252.17596435546875,115.39811706542967,-207.56602478027344,987.7992553710938,129.27137756347656,-266.3343811035156,495.4070129394531,209.7715301513672,-199.48199462890625,843.8043823242188,-119.71137237548828,-178.20252990722656,145.3320770263672,-188.19845581054688,-194.56602478027344,1007.3833618164062,-153.86976623535156,-201.2468414306641,506.9078369140625,-253.8050079345703,-274.6486511230469,869.1578369140625
105.54769134521484,-8.904601097106934,247.48626708984372,114.8172378540039,-206.53057861328125,989.2053833007812,128.4556427001953,-273.3363342285156,498.5438537597656,210.6638336181641,-192.3375396728516,844.1077880859375,-119.8136215209961,-168.4817352294922,145.35459899902344,-188.65408325195312,-192.23049926757807,1007.5509643554688,-154.27403259277344,-193.6920318603516,506.8645935058594,-252.97164916992188,-280.3871459960937,872.009765625
105.78630065917967,-22.94623374938965,242.0335998535156,114.30044555664062,-205.4624786376953,990.4957275390624,127.48043823242188,-279.8861999511719,501.5940246582031,211.4799041748047,-185.32229614257807,844.4161376953125,-119.90038299560548,-158.76136779785156,145.3876495361328,-189.0345764160156,-189.8623962402344,1007.614990234375,-154.6289825439453,-186.09642028808597,506.85003662109375,-251.9994354248047,-286.0226135253906,874.8027954101562
106.17656707763672,-37.53815841674805,235.9145050048828,113.85205078125,-204.3597717285156,991.651123046875,126.35266876220705,-285.9540710449219,504.5200805664063,212.21221923828125,-178.44906616210938,844.7078857421875,-119.97232818603516,-149.03976440429688,145.42999267578125,-189.33621215820312,-187.48390197753903,1007.577392578125,-154.933837890625,-178.46469116210938,506.8596496582031,-250.889892578125,-291.5391845703125,877.5216674804688
106.71772003173828,-52.69669723510742,229.24020385742188,113.47483825683594,-203.2220458984375,992.654296875,125.08346557617188,-291.51129150390625,507.287841796875,212.8546600341797,-171.72976684570312,844.96240234375,-120.03085327148438,-139.3167724609375,145.48019409179688,-189.5567321777344,-185.11541748046875,1007.4402465820312,-155.18875122070312,-170.80848693847656,506.88720703125,-249.64491271972656,-296.9219055175781,880.1509399414062
107.40231323242188,-68.43155670166016,222.13406372070312,113.170166015625,-202.05079650878903,993.4901733398438,123.6888427734375,-296.5310363769531,509.86529541015625,213.4026641845703,-165.17544555664062,845.1605834960938,-120.0780029296875,-129.59353637695312,145.53663635253906,-189.69537353515625,-182.7753143310547,1007.20556640625,-155.39442443847656,-163.1455078125,506.9256896972656,-248.2669219970703,-302.1565856933594,882.6751708984375
108.21662902832033,-84.74291229248047,214.7287139892578,112.93802642822266,-200.84967041015625,994.1458740234376,122.1898193359375,-300.9890441894531,512.221923828125,213.8532257080078,-158.7964324951172,845.28515625,-120.1163330078125,-119.87216186523438,145.59771728515625,-189.75303649902344,-180.4797515869141,1006.87548828125,-155.55226135253906,-155.49769592285156,506.9678649902344,-246.75897216796875,-307.22979736328125,885.0790405273438
109.1414031982422,-101.61861419677734,207.1626739501953,112.77716827392578,-199.62457275390625,994.6112060546876,120.6120834350586,-304.8648376464844,514.328369140625,214.2050628662109,-152.6023406982422,845.32080078125,-120.14881896972656,-110.15534973144533,145.6619110107422,-189.73216247558597,-178.24240112304688,1006.4519653320312,-155.66461181640625,-147.8892059326172,507.0068054199219,-245.1248016357422,-312.12896728515625,887.3475952148438
110.15281677246094,-119.03173065185548,199.57669067382807,112.68524932861328,-198.38351440429688,994.878662109375,118.9851531982422,-308.1430969238281,516.156494140625,214.4585723876953,-146.6022491455078,845.2543334960938,-120.17864990234376,-100.4459228515625,145.7278289794922,-189.6367034912109,-176.0745391845703,1005.9368286132812,-155.7350616455078,-140.3446502685547,507.0364685058594,-243.36892700195312,-316.8424377441406,889.466064453125
111.22351837158205,-136.93865966796875,192.1099548339844,112.65904998779295,-197.1364288330078,994.943603515625,117.34114074707033,-310.81512451171875,517.680419921875,214.61582946777344,-140.80474853515625,845.074951171875,-120.20905303955078,-90.74656677246094,145.7943115234375,-189.47195434570312,-173.98526000976562,1005.3319702148438,-155.7686767578125,-132.88760375976562,507.0516052246094,-241.4966735839844,-321.3594665527344,891.4203491210938
112.32389831542967,-155.27809143066406,184.89578247070312,112.6947021484375,-195.89491271972656,994.8040161132812,115.71327209472656,-312.88055419921875,518.8778686523438,214.68063354492188,-135.21815490722656,844.774169921875,-120.2428741455078,-81.0595703125,145.86033630371094,-189.24436950683597,-171.98175048828125,1004.6393432617188,-155.77207946777344,-125.5400390625,507.0479736328125,-239.5142364501953,-325.6702575683594,893.1972045898438
113.42333221435548,-173.9710235595703,178.05738830566406,112.78792572021484,-194.671875,994.4609375,114.13427734375,-314.3486633300781,519.7313232421875,214.6582946777344,-129.85055541992188,844.3461303710938,-120.28223419189452,-71.38682556152344,145.92529296875,-188.96128845214844,-170.06944274902344,1003.861083984375,-155.75331115722656,-118.32209777832033,507.0216979980469,-237.4286346435547,-329.7659912109375,894.7841186523438
114.4909439086914,-192.9208068847656,171.7039031982422,112.9343032836914,-193.4812469482422,993.91796875,112.63479614257812,-315.2397766113281,520.2299194335938,214.55569458007807,-124.7099151611328,843.7872314453125,-120.32810974121094,-61.72991561889648,145.98902893066406,-188.63058471679688,-168.25228881835938,1002.9995727539062,-155.72116088867188,-111.25241088867188,506.9691162109375,-235.2478485107422,-333.63885498046875,896.169921875
115.49569702148438,-212.012939453125,165.92689514160156,113.12950134277344,-192.3375244140625,993.181640625,111.24178314208984,-315.58612060546875,520.3707275390625,214.3811187744141,-119.80426788330078,843.096435546875,-120.38006591796876,-52.09051513671875,146.0520782470703,-188.2602996826172,-166.5330352783203,1002.057373046875,-155.68435668945312,-104.3484878540039,506.88623046875,-232.98069763183597,-337.2819519042969,897.3446655273438
116.40638732910156,-231.11509704589844,160.797119140625,113.36945343017578,-191.25547790527344,992.2610473632812,109.97711181640624,-315.4325561523437,520.1596069335938,214.14419555664065,-115.1417007446289,842.2749633789062,-120.43616485595705,-42.47085571289063,146.1157989501953,-187.8583221435547,-164.9134521484375,1001.0375366210938,-155.65029907226562,-97.62728881835938,506.7687072753906,-230.6369171142578,-340.6892395019531,898.3001098632812
117.1918487548828,-250.07781982421875,156.36187744140625,113.6504898071289,-190.24966430664065,991.1682739257812,108.85643768310548,-314.8362731933594,519.6116943359375,213.8557281494141,-110.73047637939452,841.326416015625,-120.49314880371094,-32.87436294555664,146.1825714111328,-187.43197631835935,-163.39492797851562,999.9435424804688,-155.62403869628906,-91.10579681396484,506.6117248535156,-228.22706604003903,-343.8554382324219,899.0296020507812
117.82160949707033,-268.73638916015625,152.64285278320312,113.96944427490234,-189.33428955078125,989.9177856445312,107.88825988769533,-313.86602783203125,518.7510986328125,213.52757263183597,-106.57897186279295,840.2564697265625,-120.54695129394533,-23.30632972717285,146.25592041015625,-186.9877166748047,-161.978759765625,998.779052734375,-155.6072235107422,-84.80121612548828,506.4103698730469,-225.76251220703125,-346.77606201171875,899.528564453125
118.26708984375,-286.9136962890625,149.6353759765625,114.32376861572266,-188.52288818359372,988.5267333984376,107.07337951660156,-312.5999450683594,517.6099853515625,213.1725006103516,-102.69562530517578,839.072998046875,-120.59349822998048,-13.774545669555664,146.34075927734375,-186.53079223632807,-160.66664123535156,997.5485229492188,-155.5974884033203,-78.7308578491211,506.1602478027344,-223.2552795410156,-349.4471130371094,899.79443359375
118.503173828125,-304.4242553710937,147.30874633789062,114.71151733398438,-187.8282623291016,987.0147705078124,106.40470886230467,-311.12310791015625,516.2274169921875,212.80401611328125,-99.08888244628906,837.7855834960938,-120.62971496582033,-4.289811611175537,146.4436798095703,-186.06495666503903,-159.4610137939453,996.2570190429688,-155.58815002441406,-72.91172790527344,505.8583679199219,-220.7179718017578,-351.8651123046875,899.826904296875
118.51013946533205,-321.07916259765625,145.6083221435547,115.13143157958984,-187.2624053955078,985.4037475585938,105.8676528930664,-309.5243225097656,514.6476440429688,212.43614196777344,-95.76717376708984,836.4057006835938,-120.65442657470705,5.134162902832031,146.57342529296875,-185.59214782714844,-158.36557006835938,994.9105224609376,-155.56838989257812,-67.36019897460938,505.5040588378906,-218.1636199951172,-354.0269470214844,899.6278686523438
118.27572631835938,-336.6918640136719,144.45899963378906,115.58282470703124,-186.8364105224609,983.7174072265624,105.44107055664062,-307.89239501953125,512.9179077148438,212.08319091796875,-92.73880004882812,834.9462890625,-120.66836547851562,14.48191261291504,146.74105834960938,-185.11233520507807,-157.3855438232422,993.515869140625,-155.5237579345703,-62.09194564819336,505.0994873046875,-215.6055145263672,-355.9296569824219,899.2015991210938
117.79706573486328,-351.08502197265625,143.7704315185547,116.06555938720705,-186.56051635742188,981.981201171875,105.09888458251952,-306.3128356933594,511.0872802734375,211.7595977783203,-90.01191711425781,833.4215698242188,-120.6739501953125,23.737836837768555,146.9600067138672,-184.62350463867188,-156.52792358398438,992.0811157226562,-155.43722534179688,-57.12198257446289,504.64990234375,-213.0570831298828,-357.5704345703125,898.5546264648438
117.08206176757812,-364.0975036621094,143.4431915283203,116.57989501953124,-186.4439239501953,980.2218627929688,104.8122329711914,-304.86431884765625,509.2045593261719,211.4796142578125,-87.5944595336914,831.8471069335938,-120.67494201660156,32.887489318847656,147.24559020996094,-184.1221618652344,-155.80128479003906,990.6153564453124,-155.2901153564453,-52.464820861816406,504.1634216308594,-210.5316925048828,-358.94635009765625,897.6959228515625
116.14997100830078,-375.5914001464844,143.3756103515625,117.12632751464844,-186.4947509765625,978.4669799804688,104.55210876464844,-303.6159973144531,507.3175659179688,211.257080078125,-85.49411010742188,830.2391357421875,-120.6761474609375,41.918235778808594,147.61441040039062,-183.60372924804688,-155.21534729003906,989.1290283203124,-155.0633087158203,-48.134883880615234,503.6504821777344,-208.04248046875,-360.0544128417969,896.6364135742188
115.03060913085938,-385.45745849609375,143.47003173828125,117.7054443359375,-186.7198181152344,976.7445678710938,104.29229736328124,-302.625,505.471923828125,211.1051483154297,-83.71825408935547,828.6146240234375,-120.68302154541016,50.81942367553711,148.08349609375,-183.0631256103516,-154.78057861328125,987.6332397460938,-154.7382354736328,-44.14717864990234,503.1229248046875,-205.6021881103516,-360.891357421875,895.389404296875
113.76243591308594,-393.6195373535156,143.63809204101562,118.31777954101562,-187.124267578125,975.0829467773438,104.0122528076172,-301.934814453125,503.7103271484375,211.0360565185547,-82.27401733398438,826.9911499023438,-120.7010726928711,59.58210754394531,148.6697540283203,-182.49508666992188,-154.5077667236328,986.1400756835938,-154.2978057861328,-40.51828384399414,502.5929260253906,-203.2230224609375,-361.4535217285156,893.9698486328125
112.39054107666016,-400.0379943847656,143.80490112304688,118.96375274658205,-187.7113800048828,973.5098266601562,103.69959259033205,-301.57421875,502.0719909667969,211.06092834472656,-81.16826629638672,825.38623046875,-120.73528289794922,68.19828033447266,149.38946533203125,-181.89450073242188,-154.40740966796875,984.6617431640624,-153.72731018066406,-37.26750183105469,502.07171630859375,-200.91644287109372,-361.7370300292969,892.3947143554688
110.96507263183594,-404.7120971679688,143.91233825683594,119.6436004638672,-188.4820556640625,972.0523681640624,103.35187530517578,-301.55712890625,500.592041015625,211.18951416015625,-80.40764617919922,823.8173828125,-120.78965759277344,76.6595687866211,150.25820922851562,-181.2567138671875,-154.48912048339844,983.2103881835938,-153.01519775390625,-34.418094635009766,501.5683288574219,-198.6930389404297,-361.7375183105469,890.6821899414062
109.53963470458984,-407.68157958984375,143.92031860351562,120.35743713378906,-189.4345703125,970.7363891601562,102.97747039794922,-301.8832397460937,499.3007507324219,211.43003845214844,-79.99860382080078,822.3016967773438,-120.86708068847656,84.95551300048828,151.291015625,-180.57769775390625,-154.7609405517578,981.7977294921876,-152.15390014648438,-31.99843406677246,501.0881958007813,-196.5624084472656,-361.4502868652344,888.8519287109375
108.16924285888672,-409.0255432128906,143.80630493164062,121.1052474975586,-190.5640869140625,969.5859985351562,102.59551239013672,-302.53936767578125,498.2231140136719,211.7891082763672,-79.9473648071289,820.8557739257812,-120.96949768066406,93.0714340209961,152.502685546875,-179.854248046875,-155.22862243652344,980.4346313476562,-151.1408233642578,-30.042734146118164,500.6324462890625,-194.53306579589844,-360.870361328125,886.9243774414062
106.90740966796876,-408.8590393066406,143.5626678466797,121.886962890625,-191.8624725341797,968.6229248046876,102.23486328125,-303.5015563964844,497.3782958984375,212.27151489257807,-80.25987243652344,819.4954223632812,-121.0981903076172,100.98616790771484,153.9083251953125,-179.0840301513672,-155.8948211669922,979.1309204101562,-149.9794158935547,-28.59119987487793,500.1972961425781,-192.6123046875,-359.99249267578125,884.920654296875
105.80250549316406,-407.3264465332031,143.1929168701172,122.7025146484375,-193.31802368164065,967.8660278320312,101.93199157714844,-304.737060546875,496.7790222167969,212.8802947998047,-80.94169616699219,818.2354736328125,-121.25389099121094,108.66985321044922,155.52377319335938,-178.26565551757812,-156.75851440429688,977.8951416015624,-148.68043518066406,-27.689424514770508,499.7743835449219,-190.8062438964844,-358.8114318847656,882.8619995117188
104.89363098144533,-404.5918884277344,142.70779418945312,123.5518569946289,-194.9154510498047,967.3307495117188,101.72804260253906,-306.20635986328125,496.4308776855469,213.61656188964844,-81.99796295166016,817.0897827148438,-121.43684387207033,116.08209991455078,157.3659210205078,-177.3986358642578,-157.8144073486328,976.734619140625,-147.26300048828125,-27.38703346252441,499.3514099121094,-189.11984252929688,-357.3219299316406,880.7697143554688
104.2066879272461,-400.8273620605469,142.12278747558594,124.43502044677734,-196.63607788085935,967.0282592773438,101.66516876220705,-307.8646240234375,496.3316040039063,214.47959899902344,-83.43319702148438,816.0709838867188,-121.64665222167967,123.17058563232422,159.4528350830078,-176.4834442138672,-159.0524444580078,975.6552124023438,-145.75576782226562,-27.7356014251709,498.912841796875,-187.5568389892578,-355.5189514160156,878.6646118164062
103.75140380859376,-396.2000427246094,141.45675659179688,125.35204315185548,-198.4580841064453,966.9652709960938,101.78250122070312,-309.6622314453125,496.47021484375,215.4668731689453,-85.25114440917969,815.1904296875,-121.88217163085938,129.87042236328125,161.8036346435547,-175.52151489257812,-160.45755004882812,974.6618041992188,-144.19737243652344,-28.78602409362793,498.4411010742188,-186.1199493408203,-353.3980407714844,876.566650390625
103.52031707763672,-390.8609619140625,140.73162841796875,126.3029556274414,-200.35711669921875,967.1432495117188,102.1119384765625,-311.5442810058594,496.8259582519531,216.5741271972656,-87.45460510253906,814.4583740234375,-122.14151000976562,136.1045379638672,164.43798828125,-174.51522827148438,-162.00961303710938,973.758056640625,-142.6361541748047,-30.58544921875,497.91705322265625,-184.81092834472656,-350.9554443359375,874.494873046875
103.49002838134766,-384.9375305175781,139.97207641601562,127.2876205444336,-202.3069000244141,967.5584716796876,102.67437744140624,-313.4493103027344,497.367919921875,217.7953948974609,-90.04524993896484,813.883544921875,-122.4219970703125,141.7850341796875,167.3755340576172,-173.46803283691406,-163.68356323242188,972.94677734375,-141.1284942626953,-33.17383575439453,497.3210754394531,-183.6307678222656,-348.1884155273437,872.466796875
103.6244888305664,-378.5305786132813,139.20404052734375,128.3056182861328,-204.27996826171875,968.2017822265624,103.47667694091795,-315.3070373535156,498.05511474609375,219.12322998046875,-93.02336883544922,813.4735717773438,-122.72006225585938,146.8157196044922,170.63497924804688,-172.38450622558594,-165.44985961914062,972.2301635742188,-139.7357177734375,-36.58037185668945,496.6338806152344,-182.57986450195312,-345.09552001953125,870.498291015625
103.87947845458984,-371.7150268554688,138.45237731933594,129.35601806640625,-206.2484588623047,969.0587768554688,104.50994110107422,-317.0365295410156,498.8375549316406,220.5487365722656,-96.38773345947266,813.2347412109375,-123.03091430664062,151.0951690673828,174.23301696777344,-171.2703399658203,-167.27513122558594,971.6101684570312,-138.51956176757812,-40.82014083862305,495.8381652832031,-181.6582489013672,-341.6769714355469,868.6034545898438
104.2075653076172,-364.5431823730469,137.7388916015625,130.4372100830078,-208.1847076416016,970.1107177734376,105.74933624267578,-318.5452575683594,499.6592712402344,222.0617828369141,-100.13534545898438,813.1722412109375,-123.3480224609375,154.52037048339844,178.18270874023438,-170.13243103027344,-169.1231231689453,971.0885009765624,-137.536376953125,-45.89139175415039,494.9204711914063,-180.8657989501953,-337.93475341796875,866.794189453125
104.56295776367188,-357.04962158203125,137.0806884765625,131.54666137695312,-210.0618896484375,971.3347778320312,107.15560150146484,-319.73052978515625,500.46197509765625,223.6511383056641,-104.26133728027344,813.2901000976562,-123.66266632080078,156.99099731445312,182.49172973632807,-168.9788055419922,-170.9556884765625,970.6674194335938,-136.83139038085938,-51.77398300170898,493.8733825683594,-180.20249938964844,-333.8731384277344,865.08056640625
104.9054946899414,-349.2566833496094,136.48934936523438,132.68084716796875,-211.8543701171875,972.7057495117188,108.6781997680664,-320.4832763671875,501.1900329589844,225.3046417236328,-108.75886535644533,813.5913696289062,-123.96372985839844,158.41415405273438,187.16012573242188,-167.8184356689453,-172.73414611816406,970.3495483398438,-136.4331817626953,-58.42916870117188,492.6982116699219,-179.6685333251953,-329.4985656738281,863.4702758789062
105.20345306396484,-341.1799621582031,135.97079467773438,133.83514404296875,-213.5380401611328,974.1965942382812,110.25991821289062,-320.6942443847656,501.7950439453125,227.00930786132807,-113.61904907226562,814.0784301757812,-124.23784637451172,158.7098388671875,192.177734375,-166.6608428955078,-174.42068481445312,970.138427734375,-136.34994506835938,-65.80103302001953,491.4075317382813,-179.2645721435547,-324.8199768066406,861.968994140625
105.43486785888672,-332.8329467773437,135.52569580078125,135.00393676757812,-215.09051513671875,975.7802124023438,111.84247589111328,-320.261962890625,502.2403259277344,228.7515411376953,-118.83102416992188,814.752685546875,-124.4698486328125,157.81639099121094,197.5218811035156,-165.51564025878906,-175.98008728027344,970.0384521484376,-136.56781005859375,-73.81956481933594,490.0279846191406,-178.99172973632812,-319.84881591796875,860.5804443359375
105.58772277832033,-324.23052978515625,135.1503448486328,136.1807403564453,-216.49124145507807,977.4299926757812,113.37242126464844,-319.1011962890625,502.5036315917969,230.5173492431641,-124.38192749023438,815.615234375,-124.64356994628906,155.69595336914062,203.1553497314453,-164.3916473388672,-177.38156127929688,970.0547485351562,-137.05198669433594,-82.40494537353516,488.6018981933594,-178.8516387939453,-314.59893798828125,859.3065185546875
105.65939331054688,-315.3909912109375,134.83782958984375,137.3584747314453,-217.7215576171875,979.1212158203124,114.8065948486328,-317.1509704589844,502.5784301757813,232.29241943359372,-130.25704956054688,816.6665649414062,-124.74304962158205,152.3392333984375,209.02572631835935,-163.29641723632812,-178.60015869140625,970.193115234375,-137.75054931640625,-91.4722671508789,487.1875915527344,-178.84634399414062,-309.08660888671875,858.1473999023438
105.65525817871094,-306.336669921875,134.5790557861328,138.52980041503906,-218.76487731933597,980.831298828125,116.11611938476562,-314.3804931640625,502.4734191894531,234.0624237060547,-136.43984985351562,817.9070434570312,-124.75390625,147.76882934570312,215.06642150878903,-162.2359619140625,-179.61758422851562,970.45947265625,-138.6002655029297,-100.9360580444336,485.857421875,-178.9781494140625,-303.3302917480469,857.1018676757812
105.58676147460938,-297.0933532714844,134.36402893066406,139.68740844726562,-219.60679626464844,982.5401611328124,117.2884750366211,-310.79229736328125,502.2101745605469,235.81309509277344,-142.912109375,819.3365478515625,-124.66487884521484,142.0398712158203,221.19924926757807,-161.21475219726562,-180.4222869873047,970.8598022460938,-139.53358459472656,-110.71419525146484,484.6935424804688,-179.2493438720703,-297.3504333496094,856.1673583984375
105.46925354003906,-287.6888122558594,134.18296813964844,140.8243865966797,-220.2354431152344,984.2302856445312,118.3270492553711,-306.4218139648437,501.8197021484375,237.53042602539065,-149.6540985107422,820.9545288085938,-124.46954345703124,135.23745727539062,227.33758544921875,-160.2357635498047,-181.00921630859372,971.3995361328124,-140.48556518554688,-120.7309341430664,483.7818908691406,-179.66183471679688,-291.1692810058594,855.3401489257812
105.31978607177734,-278.1514587402344,134.0272216796875,141.93455505371094,-220.6417388916016,985.8862915039062,119.24828338623048,-301.33306884765625,501.3380737304688,239.2008209228516,-156.6446533203125,822.7601928710938,-124.16790771484376,127.47061920166016,233.3889923095703,-159.30067443847656,-181.37950134277344,972.0831909179688,-141.399658203125,-130.9185028076172,483.2052612304688,-180.2168731689453,-284.8105163574219,854.6155395507812
105.15505981445312,-268.50909423828125,133.8898468017578,143.01263427734375,-220.8197021484375,987.4944458007812,120.07687377929688,-295.6119079589844,500.8019714355469,240.81121826171875,-163.86138916015625,824.7518920898438,-123.7674560546875,118.86280822753906,239.2561492919922,-158.41000366210938,-181.53977966308597,972.9136962890624,-142.2315673828125,-141.21688842773438,483.036376953125,-180.9145965576172,-278.299072265625,853.98779296875
104.98966217041016,-258.7876281738281,133.76612854003906,144.05447387695312,-220.7666931152344,989.042236328125,120.83960723876952,-289.3572082519531,500.24517822265625,242.3492126464844,-171.28085327148438,826.9273071289062,-123.28326416015624,109.54025268554688,244.836181640625,-157.56326293945312,-181.5014495849609,973.8917236328124,-142.95074462890625,-151.5720672607422,483.3320007324219,-181.75364685058597,-271.6607360839844,853.4502563476562
104.8347396850586,-249.0098419189453,133.65367126464844,145.0570831298828,-220.48350524902344,990.5179443359376,121.55907440185548,-282.6713256835937,499.69573974609375,243.80322265625,-178.87867736816406,829.2830810546875,-122.73687744140624,99.61996459960938,250.01922607421875,-156.75918579101562,-181.2797088623047,975.0152587890624,-143.53982543945312,-161.932861328125,484.1287536621094,-182.7308807373047,-264.9220886230469,852.9952392578125
104.69720458984376,-239.19467163085935,133.5522003173828,146.01864624023438,-219.9742889404297,991.9102783203124,122.2482452392578,-275.6517639160156,499.1744995117188,245.16249084472656,-186.62985229492188,831.8146362304688,-122.15436553955078,89.199951171875,254.68878173828125,-155.99583435058594,-180.89242553710935,976.2787475585938,-143.9929656982422,-172.24842834472656,485.44085693359375,-183.8410797119141,-258.10992431640625,852.6143188476562
104.57957458496094,-229.3570098876953,133.46304321289062,146.93826293945312,-219.246337890625,993.2083740234376,122.90731811523438,-268.38433837890625,498.6944580078125,246.4172515869141,-194.50875854492188,834.5159912109375,-121.5639877319336,78.35338592529297,258.72509765625,-155.27088928222656,-180.35885620117188,977.6730346679688,-144.31333923339844,-182.4665679931641,487.2594909667969,-185.07672119140625,-251.25128173828125,852.2979736328125
104.48046875,-219.5080108642578,133.3885040283203,147.81582641601562,-218.3096160888672,994.4014892578124,123.5234832763672,-260.938720703125,498.26123046875,247.55874633789065,-202.48944091796875,837.3795166015625,-120.99420166015624,67.12699890136719,262.01177978515625,-154.58197021484375,-179.69839477539062,979.1844482421876,-144.5102996826172,-192.5330047607422,489.55364990234375,-186.42803955078125,-244.37306213378903,852.0357055664062
104.39543151855467,-209.6556396484375,133.3311767578125,148.65164184570312,-217.17649841308597,995.4793090820312,124.07413482666016,-253.36685180664065,497.8741149902344,248.5791931152344,-210.54574584960935,840.3958740234375,-120.47246551513672,55.54296875,264.44366455078125,-153.92689514160156,-178.92953491210938,980.795166015625,-144.5961151123047,-202.3916473388672,492.2725524902344,-187.8829498291016,-237.5018310546875,851.8163452148438
104.31814575195312,-199.8053131103516,133.2932586669922,149.44613647460938,-215.86122131347656,996.4321899414062,124.53287506103516,-245.7031707763672,497.5273742675781,249.4718780517578,-218.65142822265625,843.5538940429688,-120.0247573852539,43.60285186767578,265.93438720703125,-153.30406188964844,-178.06906127929688,982.4828491210938,-144.58290100097656,-211.9857482910156,495.3492736816406,-189.42726135253903,-230.66368103027344,851.6277465820312
104.24161529541016,-189.96066284179688,133.2760009765625,150.19961547851562,-214.3795318603516,997.2511596679688,124.87700653076172,-237.96697998046875,497.2120361328125,250.23106384277344,-226.78030395507807,846.8403930664062,-119.67476654052734,31.293296813964844,266.4224853515625,-152.712646484375,-177.13172912597656,984.2214965820312,-144.47984313964844,-221.25979614257807,498.7051696777344,-191.0449676513672,-223.88400268554688,851.4569702148438
104.15925598144533,-180.12405395507812,133.2794647216797,150.91209411621094,-212.7484130859375,997.9285888671876,125.09407043457033,-230.16619873046875,496.91748046875,250.8519744873047,-234.9063873291016,850.2403564453125,-119.4424057006836,18.592426300048828,265.87518310546875,-152.15280151367188,-176.13014221191406,985.9818115234376,-144.291015625,-230.16143798828125,502.2550659179688,-192.7185211181641,-217.1874084472656,851.2907104492188
104.0656509399414,-170.29705810546875,133.30245971679688,151.58319091796875,-210.98570251464844,998.458251953125,125.18516540527344,-222.30235290527344,496.6328430175781,251.3307647705078,-243.00396728515625,853.7369995117188,-119.3427734375,5.475356101989746,264.2898864746094,-151.62567138671875,-175.0747833251953,987.7323608398438,-144.01437377929688,-238.6426239013672,505.9126281738281,-194.42935180664065,-210.5975799560547,851.1151733398438
103.95697784423828,-160.48068237304688,133.3426513671875,152.2121124267578,-209.10964965820312,998.8357543945312,125.16438293457033,-214.37576293945312,496.3479309082031,251.6644592285156,-251.04763793945312,857.3117065429688,-119.38558197021484,-8.082076072692871,261.69317626953125,-151.13331604003906,-173.97438049316406,989.4407348632812,-143.64195251464844,-246.65989685058597,509.5950317382813,-196.1583404541016,-204.1371307373047,850.91650390625
103.8310089111328,-150.67562866210938,133.39697265625,152.79762268066406,-207.13856506347656,999.0587158203124,125.05504608154295,-206.38998413085935,496.0535888671875,251.8509063720703,-259.0124206542969,860.9443969726562,-119.57483673095705,-22.10127067565918,258.1383972167969,-150.6785125732422,-172.83612060546875,991.0746459960938,-143.16151428222656,-254.17433166503903,513.2261962890625,-197.8862152099609,-197.8275604248047,850.68115234375
103.68685913085938,-140.88241577148438,133.46182250976562,153.338134765625,-205.09063720703125,999.1267700195312,124.88455963134766,-198.3546295166016,495.7420959472656,251.8887481689453,-266.87384033203125,864.6138305664062,-119.90870666503906,-36.60004425048828,253.70211791992188,-150.26451110839844,-171.6661834716797,992.6031494140624,-142.5595703125,-261.1514587402344,516.738037109375,-199.5941162109375,-191.6891326904297,850.3961791992188
103.5246124267578,-131.10159301757812,133.53346252441406,153.8318328857422,-202.98377990722656,999.0416259765624,124.67932891845705,-190.2868194580078,495.4070129394531,251.77734375,-274.6078186035156,868.297607421875,-120.37947082519533,-51.59241485595703,248.48025512695312,-149.8948516845703,-170.47012329101562,993.997802734375,-141.82510375976562,-267.5615234375,520.0699462890625,-201.2640686035156,-185.7409210205078,850.0496215820312
103.34485626220705,-121.3337173461914,133.60824584960938,154.27685546875,-200.8357391357422,998.8070068359376,124.46087646484376,-182.2111968994141,495.0433044433594,251.5167999267578,-282.19091796875,871.9727783203125,-120.97377014160156,-67.0882339477539,242.5842437744141,-149.5730743408203,-169.25328063964844,995.2334594726562,-140.95291137695312,-273.379638671875,523.167724609375,-202.8793792724609,-180.000732421875,849.6309204101562
103.14835357666016,-111.57921600341795,133.6827850341797,154.67144775390625,-198.6639709472656,998.4281616210938,124.24359893798828,-174.15879821777344,494.6475524902344,251.10780334472656,-289.6001281738281,875.6159057617188,-121.67315673828124,-83.0921401977539,236.1376953125,-149.30250549316406,-168.02114868164062,996.2886962890624,-139.94593811035156,-278.58551025390625,525.9825439453125,-204.425048828125,-174.4852294921875,849.1311645507812
102.93579864501952,-101.83863067626952,133.7539825439453,155.0141143798828,-196.4857177734375,997.911865234375,124.03438568115234,-166.16500854492188,494.2180786132813,250.5517425537109,-296.8132629394531,879.2034912109375,-122.454833984375,-99.60157012939452,229.27322387695312,-149.0860595703125,-166.77955627441406,997.1466674804688,-138.8162841796875,-283.16363525390625,528.470458984375,-205.8880920410156,-169.20986938476562,848.5436401367188
102.707763671875,-92.1126937866211,133.8192138671875,155.30380249023438,-194.3180084228516,997.2659912109376,123.83380126953124,-158.26681518554688,493.755126953125,249.8505859375,-303.8086242675781,882.712158203125,-123.29244995117188,-116.60411071777344,222.129638671875,-148.92605590820312,-165.5348358154297,997.7948608398438,-137.5851593017578,-287.1035461425781,530.5924072265625,-207.25775146484372,-164.18911743164062,847.8636474609375
102.46459197998048,-82.4024887084961,133.87631225585938,155.54000854492188,-192.177490234375,996.4992065429688,123.6381607055664,-150.5003204345703,493.2606201171875,249.00686645507807,-310.5653686523437,886.1189575195312,-124.15689849853516,-134.0746307373047,214.84906005859372,-148.8240203857422,-164.29388427734375,998.225341796875,-136.2815704345703,-290.4004211425781,532.3145751953125,-208.5254669189453,-159.43630981445312,847.089111328125
102.20650482177734,-72.70938873291016,133.9236602783203,155.72288513183594,-190.08030700683597,995.6207275390624,123.44200897216795,-142.89822387695312,492.7380065917969,248.0237579345703,-317.0635070800781,889.4015502929688,-125.01720428466795,-151.9727783203125,207.57373046875,-148.78057861328125,-163.06430053710938,998.4346923828124,-134.94053649902344,-293.0557861328125,533.6097412109375,-209.6850433349609,-154.9638214111328,846.22021484375
101.93370819091795,-63.03498840332031,133.9604034423828,155.85324096679688,-188.0419006347656,994.639892578125,123.2403564453125,-135.4873809814453,492.1917419433594,246.90496826171875,-323.283935546875,892.5382690429688,-125.8415985107422,-170.24143981933594,200.4427947998047,-148.79537963867188,-161.85447692871094,998.4235229492188,-133.60047912597656,-295.0782165527344,534.4583129882812,-210.7323455810547,-150.78298950195312,845.2595825195312
101.6466293334961,-53.3811149597168,133.98667907714844,155.9325408935547,-186.0767822265625,993.56591796875,123.03040313720705,-128.28733825683594,491.6271362304688,245.65478515625,-329.2085876464844,895.5084228515625,-126.59882354736328,-188.8065643310547,193.58859252929688,-148.86703491210938,-160.67373657226562,998.1964721679688,-132.30062866210938,-296.4839782714844,534.8499755859375,-211.66537475585935,-146.9040985107422,844.2119750976562
101.3462371826172,-43.74993515014648,134.0038299560547,155.962890625,-184.19842529296875,992.407958984375,122.81238555908205,-121.31015014648438,491.0494995117188,244.27810668945312,-334.82061767578125,898.2924194335938,-127.25958251953124,-207.5775604248047,187.13302612304688,-148.9932098388672,-159.53236389160156,997.7616577148438,-131.078369140625,-297.29754638671875,534.78564453125,-212.4839782714844,-143.33644104003906,843.0842895507812
101.03434753417967,-34.144161224365234,134.0147247314453,155.9468994140625,-182.4190216064453,991.1747436523438,122.58960723876952,-114.56134033203124,490.4635620117188,242.7803955078125,-340.1043395996094,900.87158203125,-127.79777526855467,-226.4479217529297,181.1837615966797,-149.17071533203125,-158.4417266845703,997.1304321289062,-129.9669647216797,-297.5518798828125,534.278076171875,-213.18978881835935,-140.08816528320312,841.885009765625
100.71392059326172,-24.567258834838867,134.02415466308594,155.8876495361328,-180.74929809570312,989.8746948242188,122.36785888671876,-108.04170989990234,489.87310791015625,241.167724609375,-345.0454406738281,903.2284545898438,-128.19137573242188,-245.2957000732422,175.83038330078125,-149.39566040039062,-157.4141387939453,996.31689453125,-128.99356079101562,-297.2886657714844,533.3531494140625,-213.7860565185547,-137.16635131835938,840.6241455078125
100.38929748535156,-15.02371883392334,134.0389862060547,155.78843688964844,-179.19837951660156,988.515869140625,122.15450286865234,-101.7494888305664,489.2806396484375,239.44677734375,-349.63092041015625,905.346923828125,-128.4230499267578,-263.9841003417969,171.1410675048828,-149.66368103027344,-156.46290588378906,995.3379516601562,-128.17782592773438,-296.5585632324219,532.0487670898438,-214.27752685546875,-134.5767822265625,839.3126831054688
100.06629180908205,-5.519355297088623,134.06845092773438,155.65274047851562,-177.7737579345703,987.1060791015624,121.95748138427734,-95.68254089355467,488.6874084472656,237.6249237060547,-353.8492126464844,907.2119140625,-128.48052978515625,-282.3622436523437,167.15951538085938,-149.97015380859375,-155.60208129882812,994.2123413085938,-127.53105926513672,-295.4210510253906,530.413330078125,-214.6703338623047,-132.3240509033203,837.9625244140625
99.75210571289062,3.938354730606079,134.1240692138672,155.4839324951172,-176.48133850097656,985.6531372070312,121.78430938720705,-89.84028625488281,488.0936584472656,235.7101593017578,-357.6901550292969,908.8099365234376,-128.35643005371094,-300.2663879394531,163.90261840820312,-150.31048583984375,-154.84632873535156,992.9610595703124,-127.0556869506836,-293.9442443847656,528.50341796875,-214.97183227539065,-130.41127014160156,836.5859375
99.45491027832033,13.34011173248291,134.2193145751953,155.2850799560547,-175.3258819580078,984.164794921875,121.64107513427734,-84.22514343261719,487.4989318847656,233.7112579345703,-361.1450500488281,910.1287231445312,-128.04798889160156,-317.5226135253906,161.35923767089844,-150.68040466308594,-154.21072387695312,991.6063842773438,-126.7453155517578,-292.2042541503906,526.3802490234375,-215.19049072265625,-128.84017944335938,835.1952514648438
99.1828384399414,22.675086975097656,134.3689422607422,155.05870056152344,-174.3114013671875,982.64892578125,121.53154754638672,-78.84324645996094,486.90240478515625,231.6377410888672,-364.2065124511719,911.1576538085938,-127.55652618408205,-333.9508056640625,159.49057006835938,-151.07618713378906,-153.71043395996094,990.1719970703124,-126.58507537841795,-290.2839660644531,524.106689453125,-215.33575439453125,-127.61095428466795,833.8028564453125
98.9428939819336,31.931440353393555,134.58836364746094,154.80650329589844,-173.44171142578125,981.1138305664062,121.45628356933594,-73.70457458496094,486.3033447265625,229.49996948242188,-366.8685607910156,911.8876953125,-126.88689422607422,-349.3700866699219,158.23252868652344,-151.49478149414062,-153.3604736328125,988.682373046875,-126.55219268798828,-288.2709045410156,521.7442626953125,-215.4178771972656,-126.72233581542967,832.4208374023438
98.74006652832033,41.09684371948242,134.89320373535156,154.52914428710938,-172.720947265625,979.568115234375,121.4117660522461,-68.82259368896484,485.7013854980469,227.3091583251953,-369.1264343261719,912.3117065429688,-126.04683685302734,-363.6052551269531,157.49981689453125,-151.9338836669922,-153.17527770996094,987.162353515625,-126.61699676513672,-286.2548828125,519.3513793945312,-215.4477386474609,-126.17156982421876,831.0609130859375
98.57685089111328,50.15890502929688,135.2989501953125,154.22613525390625,-172.15394592285156,978.0205078125,121.38973236083984,-64.21353912353516,485.0967102050781,225.0774688720703,-370.9765319824219,912.42431640625,-125.04617309570312,-376.4939575195313,157.1918487548828,-152.39186096191406,-153.16831970214844,985.6370849609376,-126.7442398071289,-284.3244934082031,516.982666015625,-215.43675231933597,-125.95452880859376,829.7343139648438
98.45294952392578,59.1054801940918,135.82078552246094,153.89590454101562,-171.74644470214844,976.4802856445312,121.376708984375,-59.895503997802734,484.4901428222656,222.8180694580078,-372.4163818359375,912.2225341796876,-123.89598083496094,-387.89404296875,157.19981384277344,-152.8676300048828,-153.35169982910156,984.13134765625,-126.89505767822266,-282.5632629394531,514.6878662109375,-215.39663696289065,-126.06580352783205,828.451904296875
98.36532592773438,67.92485046386719,136.4735565185547,153.53590393066406,-171.5050048828125,974.9566650390624,121.3540267944336,-55.88771438598633,483.8829650878906,220.5450592041016,-373.4444274902344,911.7054443359376,-122.60791778564452,-397.6906127929688,157.4141845703125,-153.3605499267578,-153.73558044433594,982.6692504882812,-127.02957916259766,-281.045654296875,512.51171875,-215.3392791748047,-126.498779296875,827.223876953125
98.30853271484376,76.605712890625,137.27175903320312,153.14297485351562,-171.43685913085938,973.4591674804688,121.29845428466795,-52.20996475219727,483.27685546875,218.2736053466797,-374.05999755859375,910.874755859375,-121.1940460205078,-405.80218505859375,157.73196411132812,-153.87026977539062,-154.3277130126953,981.274169921875,-127.10992431640624,-279.8332824707031,510.4930419921875,-215.2765655517578,-127.24578857421876,826.0602416992188
98.27523040771484,85.13694763183594,138.22964477539062,152.71353149414062,-171.54945373535156,971.9971923828124,121.18357849121094,-48.882423400878906,482.67333984375,216.01976013183597,-374.2633056640625,909.7348022460938,-119.66731262207033,-412.1856994628906,158.06300354003906,-154.39651489257812,-155.1328125,979.96826171875,-127.10328674316406,-278.9723205566406,508.6645812988281,-215.22018432617188,-128.29823303222656,824.9703979492188
98.25704956054688,93.5072250366211,139.36141967773438,152.24411010742188,-171.84979248046875,970.5802612304688,120.98210144042967,-45.92569351196289,482.073486328125,213.8004913330078,-374.0551452636719,908.2926635742188,-118.0425033569336,-416.8401184082031,158.33470153808594,-154.93899536132812,-156.15206909179688,978.7723999023438,-126.9846649169922,-278.49188232421875,507.0528869628906,-215.18148803710935,-129.6467742919922,823.9634399414062
98.24549865722656,101.70429229736328,140.68130493164062,151.7318115234375,-172.34359741210938,969.2178955078124,120.66867065429688,-43.3611946105957,481.47760009765625,211.63340759277344,-373.4371337890625,906.5582885742188,-116.33757781982422,-419.8079528808594,158.494873046875,-155.497314453125,-157.3826446533203,977.7056884765624,-126.73890686035156,-278.403564453125,505.6781921386719,-215.17123413085935,-131.2814483642578,823.0481567382812
98.23304748535156,109.71426391601562,142.2037353515625,151.17477416992188,-173.0342254638672,967.9199829101562,120.2231674194336,-41.2116584777832,480.8851623535156,209.53663635253903,-372.411376953125,904.5444946289062,-114.57508850097656,-421.174560546875,158.5123291015625,-156.07090759277344,-158.81719970703125,976.7857055664062,-126.36202239990234,-278.7024230957031,504.554443359375,-215.19949340820312,-133.19190979003906,822.23291015625
98.21401977539062,117.5207290649414,143.9434356689453,150.5725555419922,-173.9218292236328,966.6965942382812,119.6340103149414,-39.501739501953125,480.2949523925781,207.5284576416016,-370.9806518554688,902.2671508789062,-112.78343963623048,-421.0645446777344,158.37515258789062,-156.65904235839844,-160.4437255859375,976.0277709960938,-125.86187744140624,-279.36834716796875,503.6896362304688,-215.27532958984372,-135.3675537109375,821.52587890625
98.1852035522461,125.10400390625,145.91537475585938,149.92620849609375,-175.00253295898438,965.558349609375,118.90115356445312,-38.25873947143555,479.7054748535156,205.6270446777344,-369.1484069824219,899.7449340820312,-110.99752044677734,-419.6349182128906,158.08665466308594,-157.26084899902344,-162.24539184570312,975.4453125,-125.25816345214844,-280.3686828613281,503.0862426757813,-215.4067230224609,-137.7976837158203,820.9348754882812
98.1460189819336,132.4404754638672,148.13453674316406,149.23818969726562,-176.26803588867188,964.515625,118.03853607177734,-37.51327133178711,479.1153564453125,203.8500823974609,-366.9186706542969,896.999267578125,-109.25839233398438,-417.0649108886719,157.660400390625,-157.87533569335938,-164.20091247558594,975.0489501953124,-124.58181762695312,-281.6608581542969,502.7414855957031,-215.60031127929688,-140.4716796875,820.4674072265625
98.09833526611328,139.5017547607422,150.61557006835938,148.51206970214844,-177.70558166503906,963.5787963867188,117.07559204101562,-37.29964447021485,478.52349853515625,202.2143096923828,-364.2962646484375,894.0541381835938,-107.61184692382812,-413.5427551269531,157.11573791503906,-158.50155639648438,-166.28504943847656,974.8468627929688,-123.87377166748048,-283.1953430175781,502.6475830078125,-215.8613739013672,-143.37901306152344,820.1304931640625
98.04679870605467,146.25326538085938,153.371826171875,147.75204467773438,-179.2981414794922,962.7570190429688,116.05747985839844,-37.65568923950195,477.928955078125,200.73516845703125,-361.2869262695313,890.9360961914062,-106.1055908203125,-409.2519836425781,156.47459411621094,-159.13853454589844,-168.4695587158203,974.843994140625,-123.18299865722656,-284.9175720214844,502.7909240722656,-216.19363403320312,-146.50926208496094,819.9309692382812
97.99949645996094,152.6524658203125,156.4144744873047,146.9623260498047,-181.02484130859372,962.0579223632812,115.0435028076172,-38.62158584594727,477.3301086425781,199.4264678955078,-357.8973388671875,887.673583984375,-104.78508758544922,-404.3585815429688,155.7586669921875,-159.78541564941406,-170.72401428222656,975.0418701171876,-122.56378173828124,-286.7695007324219,503.1509094238281,-216.5992889404297,-149.85223388671875,819.8748779296875
97.96857452392578,158.6469268798828,159.75172424316406,146.1468505859375,-182.86134338378903,961.4868774414062,114.10334777832033,-40.23754501342773,476.72369384765625,198.2999267578125,-354.13543701171875,884.2969970703125,-103.68856048583984,-399.0012512207031,154.98773193359375,-160.44126892089844,-173.01693725585938,975.4384155273438,-122.0721435546875,-288.6894836425781,503.6981506347656,-217.0790100097656,-153.3978271484375,819.9679565429688
97.9704360961914,164.17262268066406,163.38858032226562,145.3091278076172,-184.78009033203125,961.0466918945312,113.31118774414062,-42.540313720703125,476.1036376953125,197.3650360107422,-350.01043701171875,880.838134765625,-102.84237670898438,-393.2860107421875,154.17965698242188,-161.1051483154297,-175.3168487548828,976.027587890625,-121.76141357421876,-290.61163330078125,504.3935241699219,-217.6319274902344,-157.1360626220703,820.2152099609375
98.02501678466795,169.1533966064453,167.32737731933594,144.45236206054688,-186.7506256103516,960.7373046875,112.73883056640624,-45.55945587158203,475.4604797363281,196.6287078857422,-345.5332336425781,877.3297119140625,-102.25768280029295,-387.2850036621094,153.35104370117188,-161.77598571777344,-177.59315490722656,976.799560546875,-121.67717742919922,-292.4641418457031,505.1883850097656,-218.25582885742188,-161.05694580078125,820.6206665039062
98.15428924560548,173.5021209716797,171.56883239746094,143.5796356201172,-188.74034118652344,960.55615234375,112.4488296508789,-49.31411743164063,474.7818908691406,196.09521484375,-340.7164001464844,873.8051147460938,-101.92906188964844,-381.0390319824219,152.51742553710938,-162.45260620117188,-179.81700134277344,977.7409057617188,-121.8523178100586,-294.16815185546875,506.0269470214844,-218.9471435546875,-165.15049743652344,821.1876220703125
98.38018035888672,177.12368774414062,176.11192321777344,142.69393920898438,-190.7154235839844,960.4984130859376,112.48845672607422,-53.81094741821289,474.0543823242188,195.7660980224609,-335.5743713378906,870.2977294921875,-101.83572387695312,-374.5621643066406,151.6933135986328,-163.13377380371094,-181.96160888671875,978.8350219726562,-122.30298614501952,-295.6371154785156,506.8510437011719,-219.7011566162109,-169.40650939941406,821.9181518554688
98.7223129272461,179.919189453125,180.95248413085935,141.79835510253906,-192.64190673828125,960.5574951171876,112.8852996826172,-59.04336166381836,473.2659606933594,195.6402282714844,-330.1235656738281,866.8407592773438,-101.9447784423828,-367.847900390625,150.89208984375,-163.8181915283203,-184.00259399414065,980.0628051757812,-123.0263442993164,-296.7781066894531,507.6059875488281,-220.5119781494141,-173.8145751953125,822.8131713867188
99.19600677490234,181.7910003662109,186.0803985595703,140.8961639404297,-194.4867706298828,960.72607421875,113.64517211914062,-64.99214172363281,472.4094543457031,195.7138214111328,-324.3823547363281,863.4663696289062,-102.21573638916016,-360.8761901855469,150.1260528564453,-164.5045928955078,-185.91775512695312,981.4034423828124,-124.0007781982422,-297.4945068359375,508.2464599609375,-221.3727569580078,-178.36387634277344,823.8724365234375
99.81039428710938,182.64866638183597,191.4759826660156,139.99075317382812,-196.2192840576172,960.9965209960938,114.75238800048828,-71.62698364257812,471.48583984375,195.980712890625,-318.3710632324219,860.2057495117188,-102.6051025390625,-353.6207275390625,149.40603637695312,-165.19180297851562,-187.68679809570312,982.835205078125,-125.18828582763672,-297.6904296875,508.7411193847656,-222.2757110595703,-183.0431365966797,825.09423828125
100.56681060791016,182.41493225097656,197.1062469482422,139.08560180664062,-197.8123016357422,961.3621215820312,116.1718292236328,-78.9080810546875,470.5068359375,196.43251037597656,-312.1118469238281,857.088134765625,-103.07029724121094,-346.0565490722656,148.7411346435547,-165.87875366210938,-189.2909393310547,984.336181640625,-126.53858947753906,-297.2754211425781,509.0751647949219,-223.2121734619141,-187.84054565429688,826.4756469726562
101.45729064941406,181.03179931640625,202.9220733642578,138.18409729003906,-199.24346923828125,961.8171997070312,117.8525390625,-86.78750610351562,469.4964294433594,197.05889892578125,-305.6286315917969,854.1406860351562,-103.57275390625,-338.16583251953125,148.1383056640625,-166.56451416015625,-190.7125396728516,985.885009765625,-127.99435424804688,-296.17010498046875,509.2503967285156,-224.17266845703125,-192.7436370849609,828.012451171875
102.46395111083984,178.46583557128906,208.85769653320312,137.28958129882812,-200.49595642089844,962.358154296875,119.73245239257812,-95.2108154296875,468.4908752441406,197.8479156494141,-298.9467468261719,851.3880615234375,-104.08003997802734,-329.9419860839844,147.6020050048828,-167.24838256835938,-191.9350128173828,987.4616088867188,-129.49664306640625,-294.3111572265625,509.2832336425781,-225.14703369140625,-197.73936462402344,829.6991577148438
103.56008911132812,174.7126922607422,214.8331756591797,136.4052276611328,-201.558837890625,962.9835205078124,121.74359130859376,-104.11859893798828,467.5377197265625,198.7862548828125,-292.0927734375,848.851806640625,-104.5671844482422,-321.39178466796875,147.13401794433594,-167.92994689941406,-192.94297790527344,989.0470581054688,-130.9903106689453,-291.65625,509.2006530761719,-226.12440490722656,-202.8140106201172,831.5292358398438
104.71285247802734,169.79978942871094,220.75881958007807,135.5341033935547,-202.42713928222656,963.6939697265624,123.81675720214844,-113.4480209350586,466.6933288574219,199.85958862304688,-285.0942687988281,846.550048828125,-105.0172348022461,-312.5354309082031,146.7333984375,-168.60902404785156,-193.7225341796875,990.6243896484376,-132.42857360839844,-288.1885681152344,509.0350646972656,-227.09336853027344,-207.9532928466797,833.4952392578125
105.88693237304688,163.7860107421875,226.5404052734375,134.67906188964844,-203.1015167236328,964.4920043945312,125.88565063476562,-123.13419342041016,466.01959228515625,201.05279541015625,-277.9794616699219,844.4972534179688,-105.42080688476562,-303.40496826171875,146.39669799804688,-169.2857666015625,-194.26156616210935,992.1780395507812,-133.77655029296875,-283.919921875,508.81884765625,-228.0421142578125,-213.14239501953125,835.5886840820312
107.04826354980467,156.75772094726562,232.083984375,133.84254455566406,-203.58767700195312,965.3817138671876,127.89012908935548,-133.11129760742188,465.5801086425781,202.3502960205078,-270.7768859863281,842.7041015625,-105.77508544921876,-294.0410461425781,146.11846923828125,-169.96043395996094,-194.5502777099609,993.6943359375,-135.0132293701172,-278.8921203613281,508.5797424316406,-228.9584503173828,-218.3660430908203,837.800537109375
108.16724395751952,148.82107543945312,237.2993621826172,133.0265350341797,-203.89569091796875,966.3676147460938,129.77871704101562,-143.3133544921875,465.4360046386719,203.7362518310547,-263.5150146484375,841.1768188476562,-106.0822982788086,-284.4887084960937,145.89195251464844,-170.63331604003906,-194.58160400390625,995.1610107421876,-136.13137817382812,-273.17559814453125,508.3379211425781,-229.8300018310547,-223.6086578369141,840.1212158203125
109.220947265625,140.09181213378906,242.1013946533203,132.2325439453125,-204.03895568847656,967.4541015625,131.51023864746094,-153.67462158203125,465.6417236328125,205.19476318359372,-256.2218933105469,839.9176025390625,-106.34805297851562,-274.7933654785156,145.70982360839844,-171.30445861816406,-194.3516845703125,996.5673217773438,-137.13568115234375,-266.8644714355469,508.1051330566406,-230.6443328857422,-228.85446166992188,842.5406494140625
110.19403839111328,130.68453979492188,246.4099578857422,131.46177673339844,-204.0331268310547,968.6444702148438,133.05441284179688,-164.12960815429688,466.2409973144531,206.7100524902344,-248.92495727539065,838.9241943359375,-106.57968139648438,-264.9975280761719,145.56488037109375,-171.97340393066406,-193.8602752685547,997.9039306640624,-138.0390625,-260.0692443847656,507.8855590820313,-231.38909912109372,-234.08755493164065,845.04833984375
111.07849884033205,120.70321655273438,250.1498565673828,130.71517944335938,-203.89486694335935,969.9400634765624,134.39154052734375,-174.6129608154297,467.263671875,208.2665863037109,-241.65061950683597,838.1900024414062,-106.78470611572266,-255.1381072998047,145.4506072998047,-172.63890075683594,-193.11105346679688,999.162841796875,-138.85838317871094,-252.9083251953125,507.6781005859375,-232.05210876464844,-239.2921600341797,847.633544921875
111.87249755859376,110.2342758178711,253.25146484375,129.9936065673828,-203.64089965820312,971.3394775390624,135.51100158691406,-185.0591735839844,468.7233276367188,209.84918212890625,-234.4240875244141,837.7041015625,-106.96976470947266,-245.24533081054688,145.36163330078125,-173.29873657226562,-192.1118011474609,1000.3370361328124,-139.61021423339844,-245.49905395507807,507.4787902832031,-232.6215362548828,-244.4527130126953,850.2852172851562
112.57923889160156,99.3429183959961,255.65216064453125,129.29798889160156,-203.2869415283203,972.8378295898438,136.4093017578125,-195.40261840820312,470.6161193847656,211.4430389404297,-227.26919555664065,837.4515991210938,-107.1399383544922,-235.3421173095703,145.29383850097656,-173.9496307373047,-190.8743133544922,1001.4208374023438,-140.3072052001953,-237.94993591308597,507.2835693359375,-233.0859222412109,-249.553955078125,852.9918823242188
113.2059097290039,88.07270050048828,257.2982177734375,128.62933349609375,-202.84706115722656,974.4263916015624,137.08746337890625,-205.5779571533203,472.9210205078125,213.0337829589844,-220.208251953125,837.4137573242188,-107.29849243164062,-225.4446258544922,145.2443084716797,-174.5872039794922,-189.41407775878903,1002.409423828125,-140.9560089111328,-230.3538055419922,507.0900573730469,-233.43441772460935,-254.5811309814453,855.74169921875
113.76311492919922,76.44734954833984,258.1466369628906,127.9888916015625,-202.33319091796875,976.09228515625,137.54884338378906,-215.5211944580078,475.6011047363281,214.6075439453125,-213.26194763183597,837.5682983398438,-107.44691467285156,-215.56344604492188,145.2113037109375,-175.20596313476562,-187.74993896484372,1003.299072265625,-141.55667114257812,-222.7828521728516,506.8990478515625,-233.6567840576172,-259.52001953125,858.5223388671875
114.2642822265625,64.47416687011719,258.1661376953125,127.3781509399414,-201.7550048828125,977.81884765625,137.79734802246094,-225.171142578125,478.6060180664063,216.15090942382807,-206.44927978515625,837.8900756835938,-107.58517456054688,-205.70497131347656,145.19390869140625,-175.79949951171875,-185.90342712402344,1004.0867919921876,-142.10374450683594,-215.28579711914065,506.7144775390625,-233.74351501464844,-264.3570556640625,861.3209228515625
114.72413635253906,52.14833068847656,257.3376770019531,126.79890441894533,-201.1200408935547,979.58544921875,137.8363800048828,-234.47105407714844,481.8750915527344,217.65103149414065,-199.78753662109372,838.3512573242188,-107.71218872070312,-195.8726348876953,145.19180297851562,-176.36056518554688,-183.89825439453125,1004.7705078125,-142.5886688232422,-207.8878173828125,506.5428771972656,-233.6860198974609,-269.0794372558594,864.1237182617188
115.1571807861328,39.45682907104492,255.65447998046875,126.25331115722656,-200.4340057373047,981.3687133789062,137.66864013671875,-243.36968994140625,485.3411560058594,219.09555053710935,-193.2923583984375,838.922119140625,-107.8263702392578,-186.06781005859372,145.2049102783203,-176.88133239746094,-181.75949096679688,1005.3487548828124,-143.00265502929688,-200.5933837890625,506.391845703125,-233.47666931152344,-273.6751403808594,866.91650390625
115.57659912109376,26.381322860717773,253.12271118164065,125.74391174316406,-199.7012481689453,983.1425170898438,137.29652404785156,-251.8218536376953,488.9341430664063,220.47268676757807,-186.9776763916016,839.5714721679688,-107.9261703491211,-176.2902374267578,145.23300170898438,-177.35369873046875,-179.5129852294922,1005.8209228515624,-143.33917236328125,-193.39138793945312,506.2681274414063,-233.10891723632807,-278.1328125,869.68408203125
115.9937973022461,12.900138854980469,249.76255798339844,125.2737045288086,-198.92518615722656,984.8793334960938,136.72296142578125,-259.78814697265625,492.5843811035156,221.7712554931641,-180.8558654785156,840.2675170898438,-108.01043701171876,-166.53842163085938,145.27548217773438,-177.7695770263672,-177.18467712402344,1006.1869506835938,-143.59547424316406,-186.2614898681641,506.17620849609375,-232.5775146484375,-282.4419860839844,872.41064453125
116.41835021972656,-1.0099525451660156,245.61004638671875,124.84608459472656,-198.1085662841797,986.5509643554688,135.9525909423828,-267.23468017578125,496.2249450683594,222.9807281494141,-174.9378204345703,840.9783325195312,-108.07865142822266,-156.80990600585938,145.33126831054688,-178.12132263183594,-174.80027770996094,1006.447265625,-143.77288818359375,-179.1803436279297,506.1171875,-231.8785552978516,-286.5928039550781,875.0794677734375
116.8577880859375,-15.37239933013916,240.7183380126953,124.46480560302734,-197.25376892089844,988.12939453125,134.99314880371094,-274.1324462890625,499.7931213378906,224.09133911132807,-169.2329864501953,841.6726684570312,-108.13085174560548,-147.10150146484375,145.39869689941406,-178.40206909179688,-172.3848876953125,1006.6028442382812,-143.8759307861328,-172.1266632080078,506.0887756347656,-231.0097198486328,-290.5761413574219,877.6732788085938
117.31707000732422,-30.209836959838867,235.1581878662109,124.13385772705078,-196.36302185058597,989.5877075195312,133.8568115234375,-280.4568176269531,503.2311401367188,225.09410095214844,-163.74954223632812,842.3203735351562,-108.16748809814452,-137.40975952148438,145.47584533691406,-178.606201171875,-169.9628143310547,1006.6546630859376,-143.91122436523438,-165.0848388671875,506.0856323242188,-229.97032165527344,-294.383544921875,880.174072265625
117.79808807373048,-45.54286575317383,229.01747131347656,123.85731506347656,-195.43875122070312,990.9008178710938,132.56134033203125,-286.18731689453125,506.4863586425781,225.98097229003903,-158.49453735351562,842.89306640625,-108.18912506103516,-127.73112487792967,145.5606231689453,-178.7296142578125,-167.5571746826172,1006.60400390625,-143.88616943359375,-158.04660034179688,506.1000671386719,-228.7614898681641,-298.0073547363281,882.5634765625
118.29948425292967,-61.38840866088867,222.3998565673828,123.63909149169922,-194.4838104248047,992.0459594726562,131.13079833984375,-291.3076477050781,509.5112609863281,226.7449493408203,-153.47389221191406,843.3648071289062,-108.19618225097656,-118.06228637695312,145.65118408203125,-178.7699737548828,-165.18959045410156,1006.4518432617188,-143.80821228027344,-151.01162719726562,506.1229248046875,-227.3861846923828,-301.44061279296875,884.8228759765625
118.81697845458984,-77.75772857666016,215.4224090576172,123.48269653320312,-193.5017242431641,993.0031127929688,129.59564208984375,-295.8061218261719,512.263427734375,227.3801727294922,-148.69265747070312,843.7120971679688,-108.18878936767578,-108.40042877197266,145.74603271484375,-178.72695922851562,-162.87973022460938,1006.1990966796876,-143.68429565429688,-143.98681640625,506.1443176269531,-225.84927368164065,-304.6773376464844,886.9337768554688
119.34451293945312,-94.6545181274414,208.2121734619141,123.39098358154295,-192.49696350097656,993.7552490234376,127.9920425415039,-299.6766662597656,514.705810546875,227.8821258544922,-144.15505981445312,843.9149169921875,-108.16673278808594,-98.74358367919922,145.8441162109375,-178.60227966308594,-160.64501953125,1005.8462524414062,-143.52084350585938,-136.98501586914062,506.154541015625,-224.1576690673828,-307.7122802734375,888.8778076171875
119.87574768066406,-112.07299041748048,200.902099609375,123.36595153808594,-191.47509765625,994.2886962890624,126.36051940917967,-302.9196472167969,516.8070068359375,228.24766540527344,-139.86465454101562,843.956298828125,-108.12944793701172,-89.09081268310547,145.94493103027344,-178.399658203125,-158.50048828125,1005.3936767578124,-143.32386779785156,-130.02291870117188,506.144775390625,-222.32015991210935,-310.54119873046875,890.6371459960938
120.40510559082033,-129.99537658691406,193.62684631347656,123.40862274169922,-190.44288635253903,994.5930786132812,124.7439193725586,-305.5431213378906,518.5418701171875,228.4752960205078,-135.82444763183594,843.8230590820312,-108.07611083984376,-79.44220733642578,146.04847717285156,-178.1247100830078,-156.4586944580078,1004.8414916992188,-143.09921264648438,-123.11900329589844,506.1077880859375,-220.34754943847656,-313.16070556640625,892.1947631835938
120.92788696289062,-148.38848876953125,186.51870727539065,123.51898193359376,-189.4083709716797,994.66162109375,123.1849594116211,-307.5638427734375,519.8919067382812,228.5652008056641,-132.03697204589844,843.5057373046875,-108.00582122802734,-69.79866790771484,146.1553497314453,-177.7847442626953,-154.5297088623047,1004.1898803710938,-142.85293579101562,-116.29182434082033,506.03814697265625,-218.2524261474609,-315.5683288574219,893.5347900390625
121.43986511230467,-167.19985961914062,179.70358276367188,123.69607543945312,-188.38087463378903,994.4910888671876,121.72361755371094,-309.00830078125,520.8466186523438,228.5194396972656,-128.50437927246094,842.9984741210938,-107.9178695678711,-60.16154861450195,146.26661682128906,-177.3883514404297,-152.7211456298828,1003.439208984375,-142.59170532226562,-109.55850219726562,505.9322509765625,-216.0491485595703,-317.76239013671875,894.642578125
121.93653106689452,-186.35385131835935,173.2970428466797,123.93807220458984,-187.37103271484372,994.08203125,120.3947296142578,-309.9132995605469,521.4036865234375,228.3420562744141,-125.228515625,842.2994995117188,-107.81208801269533,-50.53246307373047,146.38372802734375,-176.94479370117188,-151.038330078125,1002.5902709960938,-142.32301330566406,-102.93397521972656,505.7881164550781,-213.7535858154297,-319.7420349121094,895.5051879882812
122.41214752197266,-205.74905395507807,167.40054321289062,124.24250030517578,-186.39064025878903,993.4387817382812,119.22590637207033,-310.3263854980469,521.5699462890625,228.03924560546875,-122.21094512939452,841.4105224609375,-107.68917083740234,-40.91325759887695,146.50828552246094,-176.46336364746094,-149.48464965820312,1001.6445922851562,-142.05514526367188,-96.43084716796876,505.60498046875,-211.3829498291016,-321.5069580078125,896.1116333007812
122.8591079711914,-225.25704956054688,162.09768676757812,124.60640716552734,-185.4527282714844,992.5694580078124,118.23590087890624,-310.305419921875,521.361572265625,227.6193389892578,-119.45295715332033,840.3370361328125,-107.55096435546876,-31.30628776550293,146.64193725585938,-175.95266723632812,-148.0621337890625,1000.6043090820312,-141.7967529296875,-90.05965423583984,505.38287353515625,-208.95550537109372,-323.0575866699219,896.4530639648438
123.267578125,-244.72315979003903,157.4508819580078,125.02659606933594,-184.5713653564453,991.4859619140624,117.4335479736328,-309.91729736328125,520.8040161132812,227.09295654296875,-116.9555892944336,839.0879516601562,-107.40060424804688,-21.714916229248047,146.786376953125,-175.4198455810547,-146.77223205566406,999.472412109375,-141.55616760253906,-83.82929992675781,505.1224060058594,-206.4903564453125,-324.3946533203125,896.5230102539062
123.62567138671876,-263.9689636230469,153.49822998046875,125.49974822998048,-183.76168823242188,990.2041625976562,116.81745147705078,-309.2363586425781,519.9309692382812,226.47293090820312,-114.71961975097656,837.6754760742188,-107.24254608154295,-12.144083023071287,146.94354248046875,-174.8700714111328,-145.6164093017578,998.2530517578124,-141.34046936035156,-77.74774169921875,504.8245239257813,-204.00711059570312,-325.5191345214844,896.3177490234375
123.9199676513672,-282.79638671875,150.251220703125,126.02256774902344,-183.0396881103516,988.7434692382812,116.3763198852539,-308.3419494628906,518.7831420898438,225.7742919921875,-112.74552154541016,836.1149291992188,-107.08251953125,-2.600847721099853,147.11610412597656,-174.30624389648438,-144.5967254638672,996.9512329101562,-141.1544189453125,-71.8228988647461,504.4905090332031,-201.52569580078125,-326.4322509765625,895.8363647460938
124.13640594482422,-300.9931945800781,147.69378662109375,126.59172821044922,-182.4220428466797,987.1270141601562,116.0901870727539,-307.3157043457031,517.4069213867188,225.01416015625,-111.03350067138672,834.4241943359375,-106.92723846435548,6.905383586883545,147.30804443359375,-173.7290802001953,-143.71597290039062,995.5734252929688,-140.9994659423828,-66.06370544433594,504.1219787597656,-199.06597900390625,-327.1351318359375,895.0811767578125
124.26160430908205,-318.3395690917969,145.78306579589844,127.20392608642578,-181.9259185791016,985.3812255859376,115.93219757080078,-306.2383117675781,515.8516235351562,224.21144104003903,-109.5833969116211,832.6239013671875,-106.78362274169922,16.363224029541016,147.52549743652344,-173.13755798339844,-142.97776794433594,994.1273803710938,-140.8728485107422,-60.481143951416016,503.7208557128906,-196.6476287841797,-327.6287536621094,894.0576782226562
124.28439331054688,-334.6161193847656,144.4521484375,127.85575103759766,-181.56858825683597,983.53564453125,115.87105560302734,-305.18634033203125,514.16796875,223.38661193847656,-108.39468383789062,830.7363891601562,-106.65797424316406,25.75987243652344,147.77711486816406,-172.5294647216797,-142.38636779785156,992.6224975585938,-140.76705932617188,-55.08903503417969,503.2898559570313,-194.2898101806641,-327.91387939453125,892.7745361328125
124.19719696044922,-349.6131286621094,143.61485290527344,128.54371643066406,-181.3670959472656,981.6224975585938,115.87361907958984,-304.2288513183594,512.40576171875,222.5613555908203,-107.46652221679688,828.7859497070312,-106.555419921875,35.081581115722656,148.07435607910156,-171.90187072753906,-141.9467315673828,991.0697021484376,-140.6694793701172,-49.90456008911133,502.8328552246094,-192.010986328125,-327.990966796875,891.244140625
123.997314453125,-363.1402893066406,143.1721649169922,129.26425170898438,-181.33778381347656,979.67626953125,115.90769958496094,-303.4248352050781,510.61224365234375,221.75816345214844,-106.79776763916016,826.7978515625,-106.47972869873048,44.31402969360352,148.4313507080078,-171.25157165527344,-141.66433715820312,989.4814453125,-140.56256103515625,-44.94858932495117,502.3556518554688,-189.8285980224609,-327.8602294921875,889.4818725585938
123.68761444091795,-375.0357360839844,143.01939392089844,130.01373291015625,-181.49578857421875,977.73291015625,115.94464111328124,-302.82080078125,508.83111572265625,220.9999542236328,-106.38710021972656,824.7982177734375,-106.43324279785156,53.442665100097656,148.86451721191406,-170.57534790039062,-141.54530334472656,987.87158203125,-140.42428588867188,-40.24589538574219,501.866455078125,-187.7588806152344,-327.5215759277344,887.5065307617188
123.27645111083984,-385.17333984375,143.05335998535156,130.78866577148438,-181.8544464111328,975.8292846679688,115.96157836914062,-302.4492492675781,507.1015930175781,220.3095550537109,-106.23308563232422,822.8132934570312,-106.4170379638672,62.45302200317383,149.39202880859375,-169.87022399902344,-141.59629821777344,986.2550659179688,-140.2291259765625,-35.82521438598633,501.3761291503906,-185.8166046142578,-326.9747619628906,885.3399658203125
122.77680206298828,-393.46820068359375,143.17868041992188,131.58575439453125,-182.4246826171875,974.0021362304688,115.9430923461914,-302.328125,505.4579162597656,219.7093505859375,-106.334228515625,820.869140625,-106.43114471435548,71.33100891113281,150.03309631347656,-169.13351440429688,-141.82461547851562,984.6475830078124,-139.9493865966797,-31.719141006469727,500.8979187011719,-184.01487731933597,-326.219482421875,883.0067749023438
122.20563507080078,-399.8810424804688,143.31321716308594,132.40225219726562,-183.21437072753903,972.28759765625,115.88220977783205,-302.4608459472656,503.9293823242188,219.22076416015625,-106.68905639648438,818.9912719726562,-106.47491455078124,80.06279754638672,150.8071746826172,-168.36288452148438,-142.2379150390625,983.0651245117188,-139.5569610595703,-27.9638786315918,500.44677734375,-182.36497497558597,-325.2555236816406,880.5341186523438
121.58361053466795,-404.42041015625,143.392578125,133.2360382080078,-184.2276153564453,970.7201538085938,115.78070068359376,-302.8378295898437,502.540283203125,218.8638916015625,-107.296142578125,817.203857421875,-106.5474853515625,88.63421630859375,151.73341369628906,-167.5563507080078,-142.8439483642578,981.5234985351562,-139.025390625,-24.59893035888672,500.0378112792969,-180.87615966796875,-324.0829162597656,877.9511108398438
120.93487548828124,-407.142822265625,143.37245178222656,134.0858154296875,-185.4642791748047,969.3317260742188,115.64883422851562,-303.43902587890625,501.3103332519531,218.65707397460935,-108.15415954589844,815.5298461914062,-106.64834594726562,97.02959442138672,152.8302001953125,-166.7122802734375,-143.64988708496094,980.0379028320312,-138.33230590820312,-21.66683006286621,499.68463134765625,-179.55557250976562,-322.7020568847656,875.28857421875
120.2864761352539,-408.1499938964844,143.2283477783203,134.95127868652344,-186.91944885253903,968.1510009765624,115.50460815429688,-304.2369384765625,500.25531005859375,218.6166076660156,-109.26190948486328,813.9902954101562,-106.77774810791016,105.23020935058594,154.11495971679688,-165.82948303222656,-144.66140747070312,978.6226806640624,-137.4619903564453,-19.212915420532227,499.3974914550781,-178.40817260742188,-321.1139221191406,872.5785522460938
119.6671371459961,-407.5827331542969,142.9530029296875,135.83294677734375,-188.583251953125,967.2025756835938,115.37252807617188,-305.1998596191406,499.3878479003906,218.75640869140625,-110.61833190917967,812.6040649414062,-106.93693542480467,113.21234130859376,155.6041717529297,-164.90733337402344,-145.88153076171875,977.2907104492188,-136.4077606201172,-17.28509521484375,499.1816101074219,-177.4367218017578,-319.3202819824219,869.8534545898438
119.10539245605467,-405.61224365234375,142.5520782470703,136.73216247558594,-190.44081115722656,966.5062866210938,115.28204345703124,-306.29473876953125,498.71771240234375,219.0877990722656,-112.22252655029295,811.3878173828125,-107.12814331054688,120.94522857666016,157.31341552734375,-163.9459686279297,-147.30926513671875,976.0538330078124,-135.17420959472656,-15.93349838256836,499.0357360839844,-176.64175415039062,-317.3237609863281,867.1458129882812
118.6269760131836,-402.4281311035156,142.039794921875,137.65078735351562,-192.47251892089844,966.0765991210938,115.26563262939452,-307.4888916015625,498.2518005371094,219.6193084716797,-114.07373809814452,810.355712890625,-107.35430145263672,128.38916015625,159.25743103027344,-162.94651794433594,-148.93820190429688,974.9219970703124,-133.77870178222656,-15.209850311279297,498.9512634277344,-176.0216827392578,-315.1280212402344,864.4877319335938
118.25200653076172,-398.224853515625,141.43568420410156,138.59085083007812,-194.6544647216797,965.9221801757812,115.35655975341795,-308.7505187988281,497.99310302734375,220.35665893554688,-116.1714096069336,809.519287109375,-107.61861419677734,135.49400329589844,161.45021057128906,-161.91139221191406,-150.75527954101562,973.9036865234376,-132.252197265625,-15.166382789611816,498.91162109375,-175.57284545898438,-312.7379455566406,861.9099731445312
117.99240112304688,-393.1871643066406,140.76226806640625,139.55426025390625,-196.9591217041016,966.0455932617188,115.58619689941406,-310.047607421875,497.939453125,221.3026123046875,-118.5151138305664,808.887451171875,-107.92398834228516,142.1983642578125,163.905029296875,-160.84442138671875,-152.73992919921875,973.0056762695312,-130.63893127441406,-15.85410213470459,498.8923950195313,-175.28970336914062,-310.15966796875,859.4419555664062
117.85031127929688,-387.4781494140625,140.04376220703125,140.5424041748047,-199.356201171875,966.4429321289062,115.98104095458984,-311.3457336425781,498.0814208984375,222.45713806152344,-121.10454559326172,808.46630859375,-108.27243041992188,148.42967224121094,166.63467407226562,-159.75088500976562,-154.8639373779297,972.232666015625,-128.99459838867188,-17.3201847076416,498.86175537109375,-175.16500854492188,-307.400634765625,857.1106567382812
117.81825256347656,-381.23138427734375,139.30519104003906,141.5558624267578,-201.81350708007807,967.1041259765624,116.5596923828125,-312.6048583984375,498.4006958007813,223.8174285888672,-123.93951416015624,808.2594604492188,-108.66441345214844,154.10531616210938,169.6518096923828,-158.63731384277344,-157.092041015625,971.5872802734376,-127.38282775878906,-19.60440444946289,498.7820739746094,-175.19007873535156,-304.4696655273437,854.9406127929688
117.88043212890624,-374.5481567382813,138.5710906982422,142.59420776367188,-204.29788208007807,968.0128784179688,117.33019256591795,-313.7759094238281,498.869140625,225.3780670166016,-127.01978302001952,808.267822265625,-109.0981674194336,159.13455200195312,172.9693603515625,-157.51097106933594,-159.3829803466797,971.0700073242188,-125.8699951171875,-22.734994888305664,498.6124267578125,-175.35498046875,-301.3769836425781,852.9532470703125
118.01500701904295,-367.4988708496094,137.86367797851562,143.6558837890625,-206.77603149414065,969.1473388671876,118.28821563720705,-314.7981872558594,499.4491882324219,227.1311798095703,-130.34503173828125,808.4898071289062,-109.5690689086914,163.4212646484375,176.6004180908203,-156.37924194335938,-161.6913299560547,970.6790771484376,-124.51953125,-26.725116729736328,498.3118286132813,-175.6488800048828,-298.134033203125,851.1666259765625
118.19688415527344,-360.1275634765625,137.20147705078125,144.73828125,-209.21522521972656,970.4808349609376,119.41656494140624,-315.59832763671875,500.09576416015625,229.0666961669922,-133.91455078125,808.9215698242188,-110.06916809082033,166.86744689941406,180.5573883056641,-155.2487335205078,-163.96958923339844,970.4107055664062,-123.38641357421876,-31.57087516784668,497.8430786132813,-176.06033325195312,-294.7535095214844,849.59521484375
118.400634765625,-352.45855712890625,136.5983123779297,145.8376922607422,-211.5838623046875,971.9827270507812,120.68600463867188,-316.0914001464844,500.7593688964844,231.1724090576172,-137.7270965576172,809.5573120117188,-110.58705139160156,169.37786865234375,184.8504638671875,-154.12489318847656,-166.17034912109375,970.2589721679688,-122.51236724853516,-37.25107192993164,497.1770935058594,-176.57749938964844,-291.2491760253906,848.2496337890625
118.6028823852539,-344.50396728515625,136.06271362304688,146.9496307373047,-213.85191345214844,973.619873046875,122.05770111083984,-316.1846923828125,501.3901672363281,233.43426513671875,-141.78065490722656,810.389404296875,-111.10811614990234,170.86557006835938,189.48507690429688,-153.0118865966797,-168.24832153320312,970.2168579101562,-121.92184448242188,-43.72795486450195,496.2973937988281,-177.18846130371094,-287.6357421875,847.1366577148438
118.78408813476562,-336.2712707519531,135.59791564941406,148.0690460205078,-215.9911956787109,975.3579711914062,123.48700714111328,-315.7835693359375,501.9421081542969,235.8365478515625,-146.07220458984375,811.4088745117188,-111.61532592773438,171.25791931152344,194.45901489257807,-151.91281127929688,-170.16209411621094,970.2766723632812,-121.61937713623048,-50.9487190246582,495.2041931152344,-177.8814239501953,-283.9286804199219,846.259521484375
118.92958068847656,-327.76922607421875,135.20248413085938,149.1907196044922,-217.9755401611328,977.1627807617188,124.9283447265625,-314.7987976074219,502.3767395019531,238.36209106445312,-150.5975341796875,812.6056518554688,-112.09038543701172,170.50250244140625,199.75942993164065,-150.83001708984375,-171.87571716308594,970.4309692382812,-121.5893325805664,-58.84783172607422,493.917724609375,-178.64488220214844,-280.1438293457031,845.61767578125
119.03018951416016,-319.0118713378906,134.87107849121094,150.3096160888672,-219.78091430664065,979.0014038085938,126.34033203125,-313.15478515625,502.666015625,240.9924774169922,-155.3511199951172,813.9690551757812,-112.51526641845705,168.5721893310547,205.360107421875,-149.76528930664062,-173.36013793945312,970.6732177734376,-121.798095703125,-67.35018157958984,492.4798278808594,-179.46778869628906,-276.2972106933594,845.2073364257812
119.08224487304688,-310.0199279785156,134.5955047607422,151.42135620117188,-221.3855133056641,980.8436279296876,127.69059753417967,-310.7970886230469,502.7939147949219,243.70823669433597,-160.32598876953125,815.4881591796875,-112.87361145019533,165.46875,211.22015380859372,-148.72010803222656,-174.59423828125,970.9984741210938,-122.1984405517578,-76.37469482421875,490.9534301757813,-180.33970642089844,-272.4048156738281,845.021484375
119.08717346191406,-300.8202514648437,134.36585998535156,152.5225830078125,-222.7699737548828,982.6625366210938,128.95945739746094,-307.6982116699219,502.75689697265625,246.4890899658203,-165.5136260986328,817.152099609375,-113.15170288085938,161.22409057617188,217.2842712402344,-147.69578552246094,-175.56573486328125,971.4037475585938,-122.73514556884766,-85.83782958984375,489.4196472167969,-181.2508087158203,-268.4820861816406,845.050537109375
119.05076599121094,-291.4438781738281,134.17156982421875,153.61109924316406,-223.91758728027344,984.4347534179688,130.14183044433594,-303.86065673828125,502.5632019042969,249.31414794921875,-170.90399169921875,818.950439453125,-113.33934783935548,155.89881896972656,223.4843597412109,-146.69345092773438,-176.27133178710938,971.8882446289062,-123.35100555419922,-95.65666198730467,487.9726867675781,-182.1919403076172,-264.5438537597656,845.2824096679688
118.9821548461914,-281.9238586425781,134.00233459472656,154.6860809326172,-224.81466674804688,986.1411743164062,131.24691772460938,-299.31689453125,502.2308654785156,252.16207885742188,-176.48550415039062,820.8733520507812,-113.43074035644533,149.5775604248047,229.7417907714844,-145.7140655517578,-176.71661376953125,972.4535522460938,-123.99239349365234,-105.75133514404295,486.7128601074219,-183.1545867919922,-260.6039428710937,845.7028198242188
118.8925552368164,-272.29315185546875,133.84896850585938,155.7478790283203,-225.45089721679688,987.766357421875,132.29544067382812,-294.1256408691406,501.7851257324219,255.0113220214844,-182.24514770507807,822.9119262695312,-113.4250259399414,142.361328125,235.96913146972656,-144.7583465576172,-176.91502380371094,973.10302734375,-124.61377716064452,-116.04695892333984,485.7384643554688,-184.1307373046875,-256.6750793457031,846.2957763671875
118.79386901855467,-262.58251953125,133.70407104492188,156.79774475097656,-225.8196258544922,989.2982788085938,133.3147735595703,-288.36541748046875,501.2551879882813,257.84033203125,-188.1685943603516,825.0580444335938,-113.32644653320312,134.3577117919922,242.07083129882807,-143.82666015625,-176.8867645263672,973.8416137695312,-125.18075561523438,-126.47477722167967,485.13775634765625,-185.1127471923828,-252.76870727539065,847.0435791015625
118.69725036621094,-252.81874084472656,133.56256103515625,157.83758544921875,-225.9180450439453,990.72802734375,134.3325958251953,-282.1264953613281,500.6710510253906,260.6276550292969,-194.2404327392578,827.3046264648438,-113.14376068115234,125.6706314086914,247.94273376464844,-142.91903686523438,-176.65699768066406,974.6749267578124,-125.67135620117188,-136.9721221923828,484.9816589355469,-186.0931701660156,-248.8948516845703,847.9273071289062
118.61174011230467,-243.02340698242188,133.42193603515625,158.8694610595703,-225.74713134765625,992.0490112304688,135.36997985839844,-275.5018920898437,500.0609130859375,263.352294921875,-200.4442138671875,829.6455078125,-112.88912200927734,116.39176177978516,253.47198486328125,-142.03504943847656,-176.25416564941406,975.6082153320312,-126.07538604736328,-147.48089599609375,485.3184814453125,-187.0645294189453,-245.0621337890625,848.9266967773438
118.54330444335938,-233.21224975585935,133.2821502685547,159.895263671875,-225.3115692138672,993.2564086914062,136.43548583984375,-268.57965087890625,499.4491271972656,265.99383544921875,-206.7627410888672,832.0752563476562,-112.57666015625,106.59534454345705,258.538818359375,-141.1739501953125,-175.70809936523438,976.6455078125,-126.39219665527344,-157.94537353515625,486.1711120605469,-188.0192108154297,-241.2777404785156,850.020751953125
118.49422454833984,-223.3954315185547,133.1453399658203,160.91635131835938,-224.61952209472656,994.3466186523438,137.5211639404297,-261.43670654296875,498.8547058105469,268.5326232910156,-213.17811584472656,834.5889892578125,-112.22122192382812,96.33670043945312,263.021240234375,-140.3348388671875,-175.04824829101562,977.7882690429688,-126.62799072265624,-168.31036376953125,487.5363159179688,-188.9493408203125,-237.5475006103516,851.1874389648438
118.463134765625,-213.5782470703125,133.01510620117188,161.93316650390625,-223.6821746826172,995.3167724609376,138.60208129882812,-254.13536071777344,498.2908325195313,270.95001220703125,-219.67189025878903,837.18212890625,-111.8376693725586,85.65354919433594,266.8017272949219,-139.51687622070312,-174.30227661132812,979.0347900390624,-126.79296112060548,-178.52069091796875,489.3866882324219,-189.8466796875,-233.8760223388672,852.404052734375
118.44561004638672,-203.7623748779297,132.89576721191406,162.94500732421875,-222.51353454589844,996.1641845703124,139.63961791992188,-246.7216644287109,497.7649536132813,273.2285461425781,-226.2252349853516,839.8501586914062,-111.44080352783205,74.5687484741211,269.7743835449219,-138.71957397460938,-173.49478149414062,980.3792114257812,-126.89836883544922,-188.52169799804688,491.67388916015625,-190.70266723632807,-230.2667999267578,853.6475830078125
118.43524932861328,-193.9472198486328,132.79156494140625,163.94985961914062,-221.130126953125,996.8865966796876,140.5885467529297,-239.22589111328125,497.2796630859375,275.35205078125,-232.8189697265625,842.588134765625,-111.04534149169922,63.09359359741211,271.8516845703125,-137.94309997558594,-172.6465606689453,981.8111572265624,-126.95352172851562,-198.2608337402344,494.3335876464844,-191.50848388671875,-226.72238159179688,854.89453125
118.42481994628906,-184.1312255859375,132.70594787597656,164.94432067871094,-219.55072021484372,997.4818115234376,141.40625,-231.6638946533203,496.8337097167969,277.3058166503906,-239.43370056152344,845.3906860351562,-110.66568756103516,51.23086166381836,272.96929931640625,-137.1884765625,-171.77423095703125,983.3156127929688,-126.96319580078124,-207.6898651123047,497.2913208007813,-192.25523376464844,-223.2446746826172,856.12158203125
118.40739440917967,-174.31272888183594,132.64129638671875,165.9234161376953,-217.7960357666016,997.947998046875,142.0616912841797,-224.03993225097656,496.4235534667969,279.0767517089844,-246.04986572265625,848.2515258789062,-110.31565856933594,38.977294921875,273.0888671875,-136.45774841308594,-170.8902130126953,984.8734130859376,-126.92559814453124,-216.7667999267578,500.4685363769531,-192.9341278076172,-219.83499145507807,857.305419921875
118.377197265625,-164.4905242919922,132.59864807128906,166.88070678710938,-215.88819885253903,998.2838134765624,142.54119873046875,-216.3507843017578,496.0444641113281,280.6532897949219,-252.6478729248047,851.1630859375,-110.00801849365234,26.325349807739254,272.19842529296875,-135.7539825439453,-170.00294494628906,986.4615478515624,-126.83138275146484,-225.45672607421875,503.7886047363281,-193.5367584228516,-216.4943389892578,858.4235229492188
118.330078125,-154.66429138183594,132.5777587890625,167.80828857421875,-213.8501739501953,998.4884643554688,142.8494415283203,-208.59078979492188,495.6911926269531,282.02557373046875,-259.2081604003906,854.1166381835938,-109.75387573242188,13.264559745788574,270.3113098144531,-135.0811767578125,-169.11732482910156,988.0542602539062,-126.66426849365234,-233.7310943603516,507.1813049316406,-194.05540466308597,-213.22360229492188,859.4541625976562
118.26364135742188,-144.83460998535156,132.57736206054688,168.6971893310547,-211.70526123046875,998.5618896484376,143.00604248046875,-200.75665283203125,495.3582458496094,283.1854858398437,-265.71124267578125,857.1018676757812,-109.56170654296876,-0.2172743827104568,267.4638671875,-134.44398498535156,-168.2353515625,989.6240844726562,-126.40304565429688,-241.56588745117188,510.5856018066406,-194.48333740234372,-210.0236053466797,860.3768920898438
118.17697143554688,-135.00303649902344,132.59535217285156,169.53773498535156,-209.4767608642578,998.5049438476562,143.0395050048828,-192.85093688964844,495.0399169921875,284.1265563964844,-272.1379699707031,860.10693359375,-109.43634033203124,-14.133050918579102,263.7127380371094,-133.8474578857422,-167.35684204101562,991.1427001953124,-126.025146484375,-248.9398498535156,513.94970703125,-194.8150634765625,-206.8953399658203,861.1729736328125
118.07014465332033,-125.17192840576172,132.6292724609375,170.3201446533203,-207.1876678466797,998.3189697265624,142.980712890625,-184.8838348388672,494.73046875,284.843994140625,-278.4693603515625,863.118408203125,-109.37830352783205,-28.49591445922852,259.1319274902344,-133.2967071533203,-166.48023986816406,992.5818481445312,-125.5108413696289,-255.83285522460935,517.2288208007812,-195.0466461181641,-203.83999633789065,861.8256225585938
117.94358825683594,-115.3442153930664,132.6764678955078,171.03514099121094,-204.8605499267578,998.0061645507812,142.8575439453125,-176.8734588623047,494.4241943359375,285.3347473144531,-284.6869201660156,866.1215209960938,-109.3833465576172,-43.31877899169922,253.80958557128903,-132.7965850830078,-165.6033172607422,993.9146728515624,-124.8469009399414,-262.2244873046875,520.382080078125,-195.1759033203125,-200.8590850830078,862.3202514648438
117.797607421875,-105.52294158935548,132.7343292236328,171.67449951171875,-202.51742553710935,997.5691528320312,142.69129943847656,-168.84515380859375,494.1155090332031,285.5975036621094,-290.7725524902344,869.0999755859375,-109.44273376464844,-58.61375427246094,247.84532165527344,-132.35137939453125,-164.7239227294922,995.11572265625,-124.02912902832033,-268.0928039550781,523.3690795898438,-195.20249938964844,-197.9544219970703,862.6449584960938
117.63206481933594,-95.71073150634766,132.80035400390625,172.2315216064453,-200.1795654296875,997.0110473632812,142.495361328125,-160.830322265625,493.7991027832031,285.632568359375,-296.70867919921875,872.0364379882812,-109.54425048828124,-74.39125061035156,241.34771728515625,-131.96461486816406,-163.84054565429688,996.1622314453124,-123.0635223388672,-273.41375732421875,526.1480712890625,-195.1280517578125,-195.1282196044922,862.7904663085938
117.44630432128906,-85.90943145751953,132.87217712402344,172.70144653320312,-197.8674774169922,996.3353271484376,142.27569580078125,-152.86428833007812,493.4700317382813,285.4420166015625,-302.478271484375,874.9126586914062,-109.67292785644533,-90.65788269042967,234.43258666992188,-131.63882446289062,-162.9528045654297,997.033935546875,-121.96598052978516,-278.16162109375,528.6746826171875,-194.95611572265625,-192.38302612304688,862.750244140625
117.2393569946289,-76.12026977539062,132.94781494140625,173.08164978027344,-195.60064697265625,995.5460815429688,142.03298950195312,-144.98355102539062,493.1242980957031,285.02960205078125,-308.0649108886719,877.7096557617188,-109.81150817871094,-107.41364288330078,227.2212677001953,-131.3754425048828,-162.06182861328125,997.7137451171876,-120.7608871459961,-282.31024169921875,530.9030151367188,-194.6920928955078,-189.72178649902344,862.5206909179688
117.01026916503906,-66.3443832397461,133.02590942382812,173.371826171875,-193.3973693847656,994.6477661132812,141.7655029296875,-137.22279357910156,492.7591552734375,284.40069580078125,-313.4528503417969,880.4078979492188,-109.94124603271484,-124.64907836914062,219.83889770507807,-131.1747589111328,-161.17062377929688,998.1878662109376,-119.47885131835938,-285.8351745605469,532.7870483398438,-194.34304809570312,-187.147705078125,862.1010131835938
116.75862121582033,-56.58323287963867,133.10598754882812,173.57400512695312,-191.27452087402344,993.6454467773438,141.47203063964844,-129.6121063232422,492.3734130859375,283.5624084472656,-318.62713623046875,882.9878540039062,-110.04275512695312,-142.34259033203125,212.41241455078125,-131.03590393066406,-160.28431701660156,998.446044921875,-118.15408325195312,-288.71588134765625,534.2828979492188,-193.9175720214844,-184.66429138183597,861.492919921875
116.48513793945312,-46.83901977539063,133.18853759765625,173.6924285888672,-189.2474365234375,992.545166015625,141.1543426513672,-122.17537689208984,491.9674987792969,282.5233459472656,-323.573486328125,885.4299926757812,-110.0969009399414,-160.45777893066406,205.0684051513672,-130.9568634033203,-159.41024780273438,998.4815673828124,-116.82183837890624,-290.9381408691406,535.3516235351562,-193.42547607421875,-182.2753143310547,860.7007446289062
116.19226837158205,-37.11501693725586,133.2752227783203,173.73338317871094,-187.3296813964844,991.3536987304688,140.8185577392578,-114.930419921875,491.5433349609375,281.2935791015625,-328.278564453125,887.7152099609375,-110.08544158935548,-178.94105529785156,197.93069458007807,-130.93466186523438,-158.55796813964844,998.291748046875,-115.5159683227539,-292.4967041015625,535.9613647460938,-192.87754821777344,-179.98475646972656,859.731201171875
115.88462829589844,-27.41585731506348,133.36895751953125,173.70492553710938,-185.53298950195312,990.0791015625,140.47555541992188,-107.89027404785156,491.103759765625,279.8846130371094,-332.7298278808594,889.8248901367188,-109.99166107177734,-197.7191925048828,191.1177520751953,-130.9654083251953,-157.73910522460938,997.8780517578124,-114.26678466796876,-293.3970642089844,536.090576171875,-192.28536987304688,-177.79678344726562,858.5929565429688
115.56919860839844,-17.747774124145508,133.47406005859375,173.616455078125,-183.8672790527344,988.7304077148438,140.1404571533203,-101.0647964477539,490.6520080566406,278.3092346191406,-336.91558837890625,891.7416381835938,-109.80072021484376,-216.69732666015625,184.73963928222656,-131.0446014404297,-156.9669647216797,997.2460327148438,-113.09940338134766,-293.65728759765625,535.7300415039062,-191.66099548339844,-175.71572875976562,857.296630859375
115.2552261352539,-8.118721008300781,133.59646606445312,173.47828674316406,-182.3406524658203,987.3177490234376,139.83128356933594,-94.46245574951172,490.1915283203125,276.58123779296875,-340.8250427246094,893.4489135742188,-109.49996185302734,-235.7576141357422,178.89463806152344,-131.16732788085938,-156.2562713623047,996.40576171875,-112.03250122070312,-293.30926513671875,534.8851928710938,-191.0167999267578,-173.74610900878906,855.8543090820312
114.95378112792967,1.461614012718201,133.74378967285156,173.3011016845703,-180.95968627929688,985.8521118164062,139.56716918945312,-88.0923843383789,489.7251586914063,274.7154846191406,-344.4480895996094,894.931884765625,-109.07893371582033,-254.7584686279297,173.66537475585938,-131.32859802246094,-155.62265014648438,995.3717041015624,-111.07756042480467,-292.3993530273437,533.5770263671875,-190.3653259277344,-171.89256286621094,854.2797241210938
114.67686462402344,10.982064247131348,133.9254150390625,173.09542846679688,-179.7296905517578,984.3447875976562,139.36598205566406,-81.9662857055664,489.2547607421875,272.7275390625,-347.7755126953125,896.1773681640625,-108.52916717529295,-273.5345153808594,169.11476135253906,-131.5236053466797,-155.082275390625,994.1626586914062,-110.23851013183594,-290.9887390136719,531.842041015625,-189.7191162109375,-170.15994262695312,852.587890625
114.4362335205078,20.430498123168945,134.1521453857422,172.8708953857422,-178.6551513671875,982.8073120117188,139.24227905273438,-76.09965515136719,488.7806701660156,270.63360595703125,-350.7987670898437,897.1740112304688,-107.84368133544922,-291.8982849121094,165.28192138671875,-131.74795532226562,-154.6515655517578,992.8014526367188,-109.51184844970705,-289.1532897949219,529.73095703125,-189.0905914306641,-168.55322265625,850.7947998046875
114.24191284179688,29.794506072998047,134.43580627441406,172.63577270507812,-177.740234375,981.2510986328124,139.20529174804688,-70.51205444335938,488.3015747070313,268.45037841796875,-353.5098876953125,897.9127197265625,-107.0163803100586,-309.64434814453125,162.17906188964844,-131.99769592285156,-154.34678649902344,991.3148193359376,-108.88720703125,-286.9828796386719,527.3062744140625,-188.4920196533203,-167.07757568359375,848.9176635742188
114.10100555419922,39.06195831298828,134.78907775878906,172.39651489257812,-176.9892120361328,979.68701171875,139.25747680664062,-65.22651672363281,487.8143615722656,266.1948547363281,-355.9016418457031,898.38671875,-106.04175567626952,-326.5557556152344,159.78968811035156,-132.2694091796875,-154.18380737304688,989.7327270507812,-108.34840393066406,-284.57989501953125,524.6400756835938,-187.93540954589844,-165.73829650878906,846.974365234375
114.01697540283205,48.2213134765625,135.22549438476562,172.157470703125,-176.40675354003906,978.12548828125,139.39321899414062,-60.26820755004883,487.3145446777344,263.8841552734375,-357.9672241210937,898.5916748046875,-104.91500091552734,-342.4122009277344,158.06886291503906,-132.56021118164062,-154.17784118652344,988.0877075195312,-107.87468719482422,-282.0568542480469,521.8110961914062,-187.4323883056641,-164.54090881347656,844.98388671875
113.9892807006836,57.261714935302734,135.75958251953125,171.9208984375,-175.9981231689453,976.576416015625,139.59811401367188,-55.662818908691406,486.79693603515625,261.5354919433594,-359.700439453125,898.52587890625,-103.63249206542967,-356.99969482421875,156.9456024169922,-132.8676300048828,-154.343017578125,986.4141235351562,-107.4422836303711,-279.53253173828125,518.90283203125,-186.9942321777344,-163.49110412597656,842.9657592773438
114.01346588134766,66.17293548583984,136.40687561035156,171.68710327148438,-175.7692108154297,975.0494995117188,139.8487091064453,-51.43497467041016,486.256591796875,259.1659240722656,-361.0955505371094,898.1904296875,-102.19280242919922,-370.1210632324219,156.3274688720703,-133.18963623046875,-154.69216918945312,984.747314453125,-107.02590942382812,-277.1272888183594,516.0008544921875,-186.6317443847656,-162.59474182128906,840.9403076171875
114.08159637451172,74.94515991210938,137.18374633789062,171.4547119140625,-175.72616577148438,973.5541381835938,140.1131134033203,-47.607120513916016,485.6897277832031,256.79229736328125,-362.1472778320313,897.5890502929688,-100.59806823730467,-381.6068115234375,156.10699462890625,-133.52455139160156,-155.23634338378906,983.122802734375,-106.6004409790039,-274.9569396972656,513.1893310546875,-186.3551025390625,-161.8578338623047,838.9282836914062
114.18294525146484,83.5686264038086,138.10708618164062,171.22105407714844,-175.87513732910156,972.10009765625,140.3526611328125,-44.19920349121094,485.0945739746094,254.4310607910156,-362.8509826660156,896.7282104492188,-98.85572814941406,-391.3257446289063,156.16976928710938,-133.87110900878906,-155.98439025878906,981.5751342773438,-106.14266204833984,-273.1263732910156,510.5472106933594,-186.1738128662109,-161.2864990234375,836.9508666992188
114.3049774169922,92.03305053710938,139.1939239501953,170.98245239257812,-176.2216796875,970.6975708007812,140.5248565673828,-41.2291374206543,484.4716796875,252.09825134277344,-363.2025146484375,895.6171264648438,-96.98033142089844,-399.1940612792969,156.4029998779297,-134.22845458984375,-156.94244384765625,980.13720703125,-105.63292694091795,-271.72314453125,508.1441955566406,-186.0965576171875,-160.88699340820312,835.029296875
114.43441009521484,100.32699584960938,140.4610137939453,170.73439025878906,-176.7703399658203,969.3570556640624,140.58738708496094,-38.71397399902344,483.8241271972656,249.80918884277344,-363.1984252929688,894.2674560546875,-94.9949951171875,-405.1818542480469,156.70387268066406,-134.5962371826172,-158.11343383789062,978.8392944335938,-105.05702209472656,-270.8125,506.0374450683594,-186.1309967041016,-160.66555786132812,833.1849975585938
114.55836486816406,108.43701934814452,141.92462158203125,170.47174072265625,-177.5241241455078,968.0892944335938,140.503173828125,-36.671478271484375,483.1568603515625,247.57850646972656,-362.83599853515625,892.6934814453125,-92.9321517944336,-409.3161315917969,156.9860076904297,-134.97462463378906,-159.4964599609375,977.7086181640624,-104.40827178955078,-270.43365478515625,504.2698364257813,-186.28358459472656,-160.62835693359375,831.4390258789062
114.6655502319336,116.3466567993164,143.60037231445312,170.18887329101562,-178.48391723632812,966.9052734375,140.24537658691406,-35.12177276611328,482.4761962890625,245.41993713378903,-362.11334228515625,890.9115600585938,-90.83334350585938,-411.6795043945313,157.1834259033203,-135.36428833007812,-161.08639526367188,976.7684326171876,-103.6895523071289,-270.5986633300781,502.8688659667969,-186.55941772460935,-160.78143310546875,829.8119506835938
114.74747467041016,124.03526306152344,145.50347900390625,169.87994384765625,-179.6478271484375,965.8156127929688,139.8022918701172,-34.08864974975586,481.7892456054688,243.34619140625,-361.029541015625,888.9403076171875,-88.74790954589844,-412.4036865234375,157.2513885498047,-135.7664031982422,-162.87344360351562,976.0377807617188,-102.91486358642578,-271.29266357421875,501.8472900390625,-186.9620361328125,-161.13055419921875,828.3236694335938
114.79973602294922,131.4765625,147.64894104003906,169.53900146484375,-181.01052856445312,964.830810546875,139.18124389648438,-33.60026550292969,481.1031188964844,241.3689117431641,-359.58465576171875,886.8001098632812,-86.73077392578125,-411.6589660644531,157.16464233398438,-136.18255615234375,-164.84298706054688,975.531005859375,-102.10983276367188,-272.4765319824219,501.2041320800781,-187.4931640625,-161.68109130859375,826.9929809570312
114.82366180419922,138.63681030273438,150.05117797851562,169.16038513183594,-182.5625762939453,963.9602661132812,138.4108123779297,-33.68903732299805,480.4243774414063,239.49850463867188,-357.7800598144531,884.5128784179688,-84.83943939208984,-409.6396789550781,156.91444396972656,-136.6145477294922,-166.97561645507812,975.2576293945312,-101.31112670898438,-274.0906677246094,500.9263610839844,-188.15269470214844,-162.43788146972656,825.83740234375
114.8276824951172,145.4729461669922,152.7233428955078,168.739013671875,-184.28982543945312,963.2124633789062,137.5409698486328,-34.39057159423828,479.7583618164063,237.7440948486328,-355.6183776855469,882.1018676757812,-83.13031005859375,-406.5478515625,156.5057830810547,-137.06431579589844,-169.24742126464844,975.2218017578124,-100.56446075439452,-276.0602111816406,500.9902648925781,-188.93844604492188,-163.40512084960938,824.8729248046875
114.8279800415039,151.9312286376953,155.67674255371094,168.27081298828125,-186.1729278564453,962.59423828125,136.6405029296875,-35.741546630859375,479.10833740234375,236.11351013183597,-353.10382080078125,879.59130859375,-81.654296875,-402.5767211914063,155.9542999267578,-137.53366088867188,-171.63064575195312,975.422607421875,-99.92146301269533,-278.3001708984375,501.3617858886719,-189.84622192382807,-164.58619689941406,824.1135864257812
114.84800720214844,157.9470672607422,158.92088317871094,167.75311279296875,-188.18724060058597,962.1106567382812,135.7917022705078,-37.77656936645508,478.4743347167969,234.6132049560547,-350.2421875,877.006103515625,-80.45174407958984,-397.8974914550781,155.282958984375,-138.02418518066406,-174.09451293945312,975.8536987304688,-99.43548583984376,-280.7200622558594,501.9968872070313,-190.8697204589844,-165.9835662841797,823.5714111328125
114.91690826416016,163.44570922851562,162.46380615234375,167.1849365234375,-190.3030548095703,961.7645874023438,135.0833282470703,-40.524864196777344,477.8523864746094,233.24822998046875,-347.0410461425781,874.371337890625,-79.54719543457031,-392.6513366699219,154.51881408691406,-138.53701782226562,-176.606201171875,976.5035400390624,-99.15655517578124,-283.2271423339844,502.841064453125,-192.0006561279297,-167.59861755371094,823.2560424804688
115.067138671875,168.34361267089844,166.3120574951172,166.5670928955078,-192.48643493652344,961.5565795898438,134.60243225097656,-44.00719451904297,477.2339782714844,232.0223693847656,-343.5098876953125,871.712158203125,-78.94576263427734,-386.9461975097656,153.69090270996094,-139.0727996826172,-179.1320343017578,977.35595703125,-99.12583923339844,-285.7274475097656,503.83013916015625,-193.22885131835935,-169.43154907226562,823.1744995117188
115.33154296875,172.55044555664062,170.46994018554688,165.90234375,-194.7003173828125,961.4849853515624,134.426025390625,-48.23352813720703,476.60638427734375,230.9380645751953,-339.66015625,869.0532836914062,-78.6323013305664,-380.8575744628906,152.8284912109375,-139.6314697265625,-181.6385955810547,978.3905029296876,-99.37030792236328,-288.12567138671875,504.892333984375,-194.5424346923828,-171.48126220703125,823.3309936523438
115.74019622802734,175.9718017578125,174.93814086914062,165.1952667236328,-196.9058990478516,961.5458984375,134.61329650878906,-53.20172500610352,475.9540710449219,229.99661254882807,-335.5052185058594,866.4187622070312,-78.57366943359375,-374.4314270019531,151.9597930908203,-140.21226501464844,-184.09378051757807,979.5836791992188,-99.89839935302734,-290.3240966796875,505.9533081054688,-195.92807006835935,-173.7452850341797,823.726806640625
116.3174819946289,178.51251220703125,179.7116241455078,164.45220947265625,-199.06407165527344,961.7337646484376,135.2000732421875,-58.89756393432617,475.2611083984375,229.1981506347656,-331.0604248046875,863.8318481445312,-78.72349548339844,-367.6893005371094,151.11056518554688,-140.8136749267578,-186.4676513671875,980.9096069335938,-100.69772338867188,-292.22222900390625,506.9425048828125,-197.3711395263672,-176.2196807861328,824.3602905273438
117.07955169677734,180.08070373535156,184.77719116210935,163.6810302734375,-201.13705444335935,962.0419311523438,136.1962432861328,-65.29606628417969,474.5145568847656,228.54183959960935,-326.34283447265625,861.314453125,-79.02835083007812,-360.6346435546875,150.30311584472656,-141.43333435058594,-188.73269653320312,982.3413696289062,-101.73540496826172,-293.7176208496094,507.80029296875,-198.8560791015625,-178.89901733398438,825.2266235351562
118.03256225585938,180.5924835205078,190.1107635498047,162.8905792236328,-203.08987426757807,962.4630126953124,137.58624267578125,-72.36351776123047,473.7084045410156,228.0259704589844,-321.3711853027344,858.8870849609375,-79.43416595458984,-353.26025390625,149.55531311035156,-142.0679931640625,-190.86392211914065,983.8521728515624,-102.96139526367188,-294.7084655761719,508.48333740234375,-200.3666076660156,-181.77633666992188,826.3181762695312
119.1717300415039,179.977294921875,195.67515563964844,162.0901336669922,-204.8920745849609,962.9899291992188,139.33164978027344,-80.05924987792969,472.8466491699219,227.64805603027344,-316.1656188964844,856.56884765625,-79.89148712158203,-345.5552673339844,148.8800506591797,-142.71360778808594,-192.83856201171875,985.4159545898438,-104.3138656616211,-295.0974426269531,508.9680786132813,-201.8860626220703,-184.84320068359372,827.6246337890625
120.4812240600586,178.1837615966797,201.4188537597656,161.2887725830078,-206.5190887451172,963.615966796875,141.37509155273438,-88.33702087402344,471.9456176757813,227.4049530029297,-310.7474060058594,854.3770141601562,-80.359130859375,-337.5115661621094,148.28514099121094,-143.36544799804688,-194.6357269287109,987.0087280273438,-105.72586059570312,-294.7967529296875,509.2513732910156,-203.39764404296875,-188.0897521972656,829.1332397460938
121.93498992919922,175.18533325195312,207.2769470214844,160.4947967529297,-207.953369140625,964.3353881835938,143.64529418945312,-97.14631652832033,471.03460693359375,227.29290771484372,-305.13873291015625,852.326904296875,-80.80596160888672,-329.1290283203125,147.77342224121094,-144.01844787597656,-196.2362365722656,988.608642578125,-107.13229370117188,-293.7333374023437,509.3488464355469,-204.88479614257807,-191.5048065185547,830.8291625976562
123.49856567382812,170.98484802246094,213.174072265625,159.7151641845703,-209.18492126464844,965.1436767578124,146.062255859375,-106.43346405029295,470.1551208496094,227.3076171875,-299.3624267578125,850.431884765625,-81.21128845214844,-320.4190368652344,147.34332275390625,-144.66754150390625,-197.62245178222656,990.196533203125,-108.4764633178711,-291.8545227050781,509.2905578613281,-206.33135986328125,-195.0759735107422,832.6958618164062
125.13226318359376,165.61691284179688,219.0284881591797,158.95516967773438,-210.2113342285156,966.0371704101562,148.5423583984375,-116.14241790771484,469.35888671875,227.44419860839844,-293.4416809082031,848.7030639648438,-81.56401062011719,-311.40557861328125,146.98959350585938,-145.30801391601562,-198.7782745361328,991.755859375,-109.71537017822266,-289.1329345703125,509.1153564453125,-207.72198486328125,-198.78990173339844,834.7155151367188
126.79510498046876,159.14715576171875,224.7564392089844,158.21823120117188,-211.0375213623047,967.0135498046876,151.0028076171875,-126.21533966064452,468.7045593261719,227.697265625,-287.3998718261719,847.1494140625,-81.86100769042969,-302.1238098144531,146.7042999267578,-145.93589782714844,-199.68939208984372,993.2726440429688,-110.82286071777344,-285.5710144042969,508.8640747070313,-209.04226684570312,-202.63243103027344,836.8695068359375
128.44862365722656,151.66770935058594,230.2754821777344,157.505859375,-211.67477416992188,968.071533203125,153.3658447265625,-136.5929412841797,468.2540283203125,228.06082153320312,-281.26031494140625,845.77734375,-82.10516357421875,-292.61688232421875,146.47813415527344,-146.54823303222656,-200.34347534179688,994.735107421875,-111.79017639160156,-281.2030639648437,508.5736999511719,-210.279052734375,-206.5887756347656,839.1389770507812
130.05984497070312,143.28921508789062,235.50621032714844,156.81776428222656,-212.1397247314453,969.2108154296876,155.562255859375,-147.21456909179688,468.0682678222656,228.5283050537109,-275.046142578125,844.5907592773438,-82.30300903320312,-282.93182373046875,146.30157470703125,-147.1431121826172,-200.73057556152344,996.1333618164062,-112.62374114990234,-276.09405517578125,508.2727661132813,-211.4205780029297,-210.64376831054688,841.5048828125
131.6031951904297,134.13043212890625,240.37203979492188,156.15211486816406,-212.45285034179688,970.4312744140624,157.5343475341797,-158.01817321777344,468.2030029296875,229.0924835205078,-268.77996826171875,843.5911254882812,-82.46250915527344,-273.11541748046875,146.1660614013672,-147.71981811523438,-200.8435516357422,997.4591064453124,-113.34090423583984,-270.33502197265625,507.9793395996094,-212.4565887451172,-214.78207397460935,843.94873046875
133.0608673095703,124.3071746826172,244.7980499267578,155.50584411621094,-212.63690185546875,971.7325439453124,159.23773193359375,-168.93991088867188,468.7046508789063,229.7455139160156,-262.4839172363281,842.7769165039062,-82.59107208251953,-263.2107238769531,146.06468200683594,-148.27850341796875,-200.67855834960935,998.7052612304688,-113.96453857421876,-264.0355224609375,507.7013854980469,-213.3784637451172,-218.98834228515625,846.4526977539062
134.421875,113.92271423339844,248.7101593017578,154.87521362304688,-212.71530151367188,973.113037109375,160.64187622070312,-179.91397094726562,469.60687255859375,230.478759765625,-256.1793518066406,842.1441040039062,-82.6941909790039,-253.2550048828125,145.99264526367188,-148.81993103027344,-200.2354431152344,999.8659057617188,-114.51750946044922,-257.31396484375,507.4387512207031,-214.17921447753903,-223.24740600585935,848.9998168945312
135.68067932128906,103.06111907958984,252.0355682373047,154.25631713867188,-212.7104949951172,974.5693969726562,161.729248046875,-190.8727569580078,470.9281311035156,231.28292846679688,-249.88690185546875,841.6856689453125,-82.77486419677734,-243.27854919433597,145.9472198486328,-149.34510803222656,-199.5182037353516,1000.9359130859376,-115.01800537109376,-250.2878875732422,507.1863098144531,-214.853515625,-227.5444183349609,851.5743408203125
136.83547973632812,91.78440856933594,254.70462036132807,153.64561462402344,-212.642578125,976.0955810546876,162.49359130859375,-201.74752807617188,472.6700744628906,232.1479949951172,-243.62632751464844,841.3919677734375,-82.8336181640625,-233.30474853515625,145.92735290527344,-149.85475158691406,-198.5352020263672,1001.9109497070312,-115.47644805908205,-243.0650177001953,506.9374084472656,-215.3975982666016,-231.864990234375,854.1617431640625
137.88714599609375,80.13301849365234,256.6531677246094,153.04051208496094,-212.5281524658203,977.6825561523438,162.93753051757812,-212.4696044921875,474.8175659179688,233.0633087158203,-237.41644287109372,841.2507934570312,-82.86900329589844,-223.35060119628903,145.93299865722656,-150.348876953125,-197.2994079589844,1002.7875366210938,-115.89447784423828,-235.7364959716797,506.6869812011719,-215.8091735839844,-236.1952667236328,856.7487182617188
138.83828735351562,68.1286392211914,257.8251342773437,152.43984985351562,-212.3795166015625,979.3178100585938,163.07015991210938,-222.9721221923828,477.3395385742188,234.01768493652344,-231.27508544921875,841.247314453125,-82.87846374511719,-213.42770385742188,145.96432495117188,-150.8264617919922,-195.82835388183597,1003.562744140625,-116.26599884033205,-228.37252807617188,506.4337768554688,-216.0873260498047,-240.52194213867188,859.3232421875
139.6927490234375,55.77814483642578,258.17449951171875,151.84414672851562,-212.2043914794922,980.985595703125,162.90504455566406,-233.1915435791016,480.1912231445313,234.9996337890625,-225.21905517578125,841.3646240234375,-82.85933685302734,-203.5431365966797,146.02093505859375,-151.2852020263672,-194.14393615722656,1004.2344970703124,-116.58013916015624,-221.0210723876953,506.18115234375,-216.23236083984372,-244.83241271972656,861.8742065429688
140.4551544189453,43.07735443115234,257.6670227050781,151.25582885742188,-212.0059356689453,982.6670532226562,162.45855712890625,-243.0687713623047,483.3170776367188,235.9974670410156,-219.26402282714844,841.5838623046875,-82.80986022949219,-193.7004547119141,146.10145568847656,-151.72152709960938,-192.2718048095703,1004.801513671875,-116.82522583007812,-213.7090759277344,505.9363403320313,-216.24566650390625,-249.1146697998047,864.3915405273438
141.1304473876953,30.013784408569336,256.2817077636719,150.67921447753906,-211.78343200683597,984.3406372070312,161.7489776611328,-252.54995727539065,486.6544189453125,236.9996337890625,-213.42459106445312,841.8847045898438,-82.72990417480469,-183.9003143310547,146.2033233642578,-152.1306915283203,-190.24072265625,1005.2631225585938,-116.99269104003906,-206.446044921875,505.7087097167969,-216.1294860839844,-253.35736083984372,866.865966796875
141.7235870361328,16.56830596923828,254.012451171875,150.12034606933594,-211.5330810546875,985.9828491210938,160.79592895507812,-261.5868530273437,490.1368713378906,237.99490356445312,-207.71417236328125,842.2456665039062,-82.62138366699219,-174.14111328125,146.32286071777344,-152.50697326660156,-188.0817108154297,1005.6197509765624,-117.07984161376952,-199.2289276123047,505.5074462890625,-215.88687133789065,-257.5497741699219,869.28857421875
142.23919677734375,2.7163186073303223,250.8698883056641,149.5867156982422,-211.2491455078125,987.5689086914062,159.6204376220703,-270.1366882324219,493.6974182128906,238.9727020263672,-202.14503479003903,842.64453125,-82.48806762695312,-164.4193878173828,146.45567321777344,-152.84408569335938,-185.82704162597656,1005.872314453125,-117.0907211303711,-192.04742431640625,505.3395080566406,-215.52142333984372,-261.6817321777344,871.650634765625
142.68136596679688,-11.571159362792969,246.8832855224609,149.0867462158203,-210.9250030517578,989.0734252929688,158.24513244628906,-278.1618957519531,497.270751953125,239.9233245849609,-196.728271484375,843.0589599609375,-82.3350830078125,-154.7303009033203,146.59707641601562,-153.13555908203125,-183.50924682617188,1006.022705078125,-117.0351791381836,-184.88848876953125,505.2086791992188,-215.0372314453125,-265.7437438964844,873.9435424804688
143.05311584472656,-26.3262996673584,242.1018524169922,148.6293182373047,-210.55398559570312,990.471435546875,156.6949005126953,-285.62969970703125,500.7947998046875,240.83824157714844,-191.47386169433597,843.4667358398438,-82.16804504394531,-145.0680389404297,146.74282836914062,-153.37510681152344,-181.1600341796875,1006.0731201171876,-116.92679595947266,-177.73956298828125,505.1153259277344,-214.4387359619141,-269.726806640625,876.1583862304688
143.3556365966797,-41.58294296264648,236.59503173828125,148.22315979003906,-210.1302490234375,991.7388916015624,154.9974365234375,-292.5116882324219,504.21136474609375,241.7102203369141,-186.3907012939453,843.8461303710938,-81.99227905273438,-135.4261932373047,146.8896484375,-153.5570068359375,-178.80929565429688,1006.0263671875,-116.7803955078125,-170.59034729003906,505.0573425292969,-213.7306060791016,-273.6224060058594,878.2858276367188
143.5876007080078,-57.3742790222168,230.45201110839844,147.87623596191406,-209.64935302734372,992.8535766601562,153.1837921142578,-298.78375244140625,507.466552734375,242.5335998535156,-181.48660278320312,844.1765747070312,-81.81227111816406,-125.79817962646484,147.03567504882812,-153.67648315429688,-176.48435974121094,1005.8854370117188,-116.6099853515625,-163.43350219726562,505.0310363769531,-212.91766357421875,-277.4226379394531,880.3159790039062
143.74508666992188,-73.72937774658203,223.7802581787109,147.59539794921875,-209.10874938964844,993.7952270507812,151.28848266601562,-304.42626953125,510.5105285644531,243.3043212890625,-176.76846313476562,844.4387817382812,-81.63150024414062,-116.17767333984376,147.18051147460938,-153.72999572753906,-174.2095947265625,1005.6533203125,-116.42741394042967,-156.26490783691406,505.0324401855469,-212.00485229492188,-281.12017822265625,882.2381591796875
143.82199096679688,-90.66876983642578,216.70315551757807,147.38595581054688,-208.5081329345703,994.5464477539062,149.34901428222656,-309.4244689941406,513.2977905273438,244.02003479003903,-172.24229431152344,844.6150512695312,-81.45258331298828,-106.55901336669922,147.3252410888672,-153.71543884277344,-172.0060577392578,1005.332763671875,-116.24203491210938,-149.08363342285156,505.0581359863281,-210.9971466064453,-284.7081298828125,884.0411376953125
143.81101989746094,-108.2001495361328,209.35665893554688,147.2515106201172,-207.84963989257807,995.0924682617188,147.4047088623047,-313.7691650390625,515.7872314453125,244.68011474609372,-167.91334533691406,844.6898193359375,-81.27762603759766,-96.9375,147.47213745117188,-153.63232421875,-169.89137268066406,1004.9263305664062,-116.0611343383789,-141.8922576904297,505.1056213378906,-209.8997039794922,-288.1800842285156,885.712890625
143.70510864257812,-126.31451416015624,201.8849334716797,147.19384765625,-207.1381072998047,995.4218139648438,145.4949951171875,-317.4573974609375,517.942626953125,245.2855987548828,-163.7862091064453,844.6493530273438,-81.1085433959961,-87.30961608886719,147.62417602539062,-153.48171997070312,-167.87965393066406,1004.4359741210938,-115.89090728759766,-134.6971893310547,505.173095703125,-208.7177581787109,-291.5300598144531,887.2409057617188
143.4990692138672,-144.98316955566406,194.43524169921875,147.21290588378906,-206.38113403320312,995.5260009765624,143.65733337402344,-320.493408203125,519.7335205078125,245.8390350341797,-159.8649444580078,844.4824829101562,-80.94746398925781,-77.67333221435547,147.78475952148438,-153.26622009277344,-165.9813690185547,1003.8631591796876,-115.73748016357422,-127.5091781616211,505.25885009765625,-207.45684814453125,-294.75225830078125,888.6123657226562
143.1905059814453,-164.15518188476562,187.15267944335935,147.30685424804688,-205.5891265869141,995.4003295898438,141.92483520507812,-322.8893737792969,521.1360473632812,246.34445190429688,-156.1531982421875,844.1803588867188,-80.79695129394531,-68.02842712402344,147.95716857910156,-152.98973083496094,-164.20355224609375,1003.2091064453124,-115.60751342773438,-120.3437728881836,505.3603210449219,-206.1228179931641,-297.84112548828125,889.8145141601562
142.77999877929688,-183.7548675537109,180.17518615722656,147.47218322753906,-204.77523803710935,995.0433959960938,140.3240966796875,-324.6665954589844,522.1342163085938,246.8071136474609,-152.65428161621094,843.7366943359375,-80.66001892089844,-58.37684631347656,148.14439392089844,-152.65711975097656,-162.5501251220703,1002.4746704101562,-115.50829315185548,-113.2217254638672,505.4732971191406,-204.72190856933597,-300.7912902832031,890.8348388671875
142.2705078125,-203.6798553466797,173.62869262695312,147.70387268066406,-203.9551544189453,994.4578247070312,138.87353515625,-325.8565673828125,522.7207641601562,247.2333221435547,-149.371337890625,843.1477661132812,-80.53995513916016,-48.72304534912109,148.3489532470703,-152.27401733398438,-161.02239990234375,1001.6607666015624,-115.44713592529295,-106.16912078857422,505.5913696289063,-203.26080322265625,-303.597412109375,891.6616821289062
141.66673278808594,-223.800048828125,167.62274169921875,147.99559020996094,-203.1468505859375,993.6499633789062,137.58226013183594,-326.5016784667969,522.898193359375,247.6303253173828,-146.3073272705078,842.412353515625,-80.43989562988281,-39.07429122924805,148.5729217529297,-151.84652709960938,-159.61968994140625,1000.7682495117188,-115.43035888671876,-99.21701049804688,505.7056884765625,-201.7467193603516,-306.2542419433594,892.2846069335938
140.97410583496094,-243.9575958251953,162.24630737304688,148.3399658203125,-202.3702545166016,992.6303100585938,136.4499053955078,-326.6557312011719,522.6791381835938,248.00604248046875,-143.46519470214844,841.5318603515625,-80.36233520507812,-29.44078063964844,148.81805419921875,-151.38084411621094,-158.34002685546875,999.7984619140624,-115.4619140625,-92.40054321289062,505.8053588867188,-200.1873321533203,-308.7563781738281,892.694580078125
140.19833374023438,-263.9683837890625,157.5639190673828,148.72885131835938,-201.64683532714844,991.4133911132812,135.46731567382812,-326.3834228515625,522.0864868164062,248.3689117431641,-140.8478546142578,840.5103759765625,-80.3086166381836,-19.835411071777344,149.08616638183594,-150.88311767578125,-157.18077087402344,998.7529907226562,-115.5419921875,-85.7575912475586,505.87841796875,-198.5908203125,-311.0984191894531,892.8848876953125
139.34510803222656,-283.6250305175781,153.6123809814453,149.15357971191406,-200.99925231933597,990.0176391601562,134.6180419921875,-325.75946044921875,521.1527709960938,248.72769165039065,-138.4582061767578,839.3543090820312,-80.2784652709961,-10.273183822631836,149.379638671875,-150.35922241210938,-156.13929748535156,997.63427734375,-115.66582489013672,-79.3276596069336,505.9127197265625,-196.9658050537109,-313.2746887207031,892.8508911132812
138.42050170898438,-302.7019958496094,150.39852905273438,149.60525512695312,-200.45079040527344,988.4654541015624,133.88037109375,-324.8667297363281,519.919189453125,249.09130859375,-136.2992706298828,838.0726928710938,-80.26960754394531,-0.7702735066413879,149.7022705078125,-149.8146209716797,-155.2135009765625,996.445556640625,-115.8228759765625,-73.15080261230469,505.89691162109375,-195.3212432861328,-315.279296875,892.5908203125
137.43161010742188,-320.9627685546875,147.89828491210938,150.0750274658203,-200.02496337890625,986.78271484375,133.22987365722656,-323.7933959960937,518.4340209960938,249.46859741210935,-134.37413024902344,836.6768798828125,-80.2777099609375,8.656956672668457,150.059814453125,-149.25421142578125,-154.4022674560547,995.1911010742188,-115.9966812133789,-67.26634216308594,505.82122802734375,-193.66636657714844,-317.10601806640625,892.10595703125
136.38723754882812,-338.16943359375,146.057861328125,150.55438232421875,-199.744873046875,984.9985961914062,132.6419219970703,-322.62921142578125,516.7503051757812,249.8681640625,-132.68592834472656,835.1806030273438,-80.29647064208984,17.992855072021484,150.4603271484375,-148.68228149414062,-153.70587158203125,993.8766479492188,-116.16519927978516,-61.71131896972656,505.6783142089844,-192.0105743408203,-318.74835205078125,891.4006958007812
135.29852294921875,-354.0934753417969,144.7970733642578,151.03533935546875,-199.6327209472656,983.1448364257812,132.09408569335938,-321.4611511230469,514.92333984375,250.29820251464844,-131.23805236816406,833.5997924804688,-80.31793975830078,27.2231502532959,150.9141082763672,-148.1025390625,-153.1260528564453,992.5092163085938,-116.30176544189452,-56.51898956298828,505.46380615234375,-190.36328125,-320.1994323730469,890.4827270507812
134.1795654296875,-368.5269775390625,144.01541137695312,151.51072692871094,-199.70913696289065,981.25537109375,131.5679473876953,-320.3685913085937,513.0081787109375,250.76632690429688,-130.03402709960938,831.9523315429688,-80.33306121826172,36.335262298583984,151.43348693847656,-147.51806640625,-152.6663360595703,991.0973510742188,-116.37637329101562,-51.71748352050781,505.1768493652344,-188.7337646484375,-321.4520874023437,889.3631591796875
133.04774475097656,-381.2929382324219,143.59999084472656,151.9744110107422,-199.99249267578125,979.3653564453124,131.05029296875,-319.41900634765625,511.0567932128906,251.2794189453125,-129.07763671875,830.258056640625,-80.33230590820312,45.318267822265625,152.0324249267578,-146.9314727783203,-152.33193969726562,989.6511840820312,-116.35735321044922,-47.32911682128906,504.8202209472656,-187.13101196289065,-322.4990234375,888.0562744140625
131.92332458496094,-392.25433349609375,143.4346923828125,152.4215850830078,-200.49827575683597,977.5106201171876,130.53359985351562,-318.6644592285156,509.1163330078125,251.843505859375,-128.3729705810547,828.5381469726562,-80.30655670166016,54.16257095336914,152.72608947753906,-146.3448944091797,-152.12982177734375,988.1821899414062,-116.21321105957033,-43.3704833984375,504.4001770019531,-185.5636444091797,-323.3327941894531,886.57958984375
130.82823181152344,-401.31976318359375,143.40914916992188,152.84902954101562,-201.2382659912109,975.7267456054688,130.01593017578125,-318.1395874023437,507.2274169921875,252.4636688232422,-127.9244613647461,826.815185546875,-80.2479476928711,62.85930633544922,153.5304412841797,-145.76007080078125,-152.06826782226562,986.7032470703124,-115.91478729248048,-39.853515625,503.9261779785156,-184.0397491455078,-323.94598388671875,884.9531860351562
129.78402709960938,-408.4466247558594,143.42628479003906,153.25531005859375,-202.2197265625,974.0484008789062,129.50042724609375,-317.861572265625,505.423828125,253.1439514160156,-127.73683166503906,825.1124877929688,-80.15087127685547,71.3995132446289,154.4619903564453,-145.1783447265625,-152.15652465820312,985.228271484375,-115.43753051757812,-36.78747177124024,503.4101257324219,-182.5668029785156,-324.3314514160156,883.199951171875
128.8099822998047,-413.6414794921875,143.4084014892578,153.64093017578125,-203.4446563720703,972.5084228515624,128.99456787109375,-317.83172607421875,503.7326965332031,253.88735961914065,-127.81512451171876,823.4539184570312,-80.01278686523438,79.77306365966797,155.53761291503906,-144.60064697265625,-152.40396118164062,983.77197265625,-114.76399230957033,-34.18168640136719,502.8653869628906,-181.151611328125,-324.4822998046875,881.3446044921875
127.9220199584961,-416.95849609375,143.30068969726562,154.0084228515625,-204.9091033935547,971.1375122070312,128.50938415527344,-318.0382385253906,502.1756286621094,254.6957855224609,-128.16465759277344,821.8635864257812,-79.83491516113281,87.96739959716797,156.77447509765625,-144.02737426757812,-152.8192901611328,982.3499145507812,-113.88636779785156,-32.0487174987793,502.30572509765625,-179.80023193359375,-324.3923034667969,879.4134521484375
127.13218688964844,-418.4960021972656,143.07212829589844,154.36239624023438,-206.60264587402344,969.9630126953124,128.0589141845703,-318.45953369140625,500.7701110839844,255.570068359375,-128.7909698486328,820.3651733398438,-79.62257385253906,95.9659652709961,158.19012451171875,-143.45828247070312,-153.40940856933594,980.9779052734376,-112.808837890625,-30.407257080078125,501.7439880371094,-178.51792907714844,-324.055908203125,877.4337768554688
126.44841003417967,-418.3908081054688,142.71292114257812,154.70924377441406,-208.5081787109375,969.0088500976562,127.65969848632812,-319.0675048828125,499.5311584472656,256.50994873046875,-129.6996612548828,818.9818725585938,-79.38516998291016,103.74656677246094,159.8023681640625,-142.8924102783203,-154.1782989501953,979.6719970703124,-111.5492172241211,-29.2840518951416,501.1907958984375,-177.30921936035156,-323.4685363769531,875.433349609375
125.8745574951172,-416.8097534179688,142.22984313964844,155.05699157714844,-210.60202026367188,968.2945556640624,127.33058166503906,-319.8302001953125,498.4725341796875,257.51416015625,-130.89639282226562,817.7357788085938,-79.1358871459961,111.2795867919922,161.62928771972656,-142.32797241210938,-155.1257781982422,978.4479370117188,-110.1395492553711,-28.714115142822266,500.6535034179688,-176.177734375,-322.6267395019531,873.4397583007812
125.41053771972656,-413.9389343261719,141.6405792236328,155.41476440429688,-212.85433959960935,967.8348999023438,127.0926513671875,-320.71337890625,497.6072692871094,258.5805053710937,-132.3866729736328,816.6478881835938,-78.89115905761719,118.52619934082033,163.68902587890625,-141.7623748779297,-156.2465057373047,977.3206787109376,-108.62521362304688,-28.739093780517575,500.1353454589844,-175.12640380859375,-321.5284423828125,871.4796142578125
125.0526123046875,-409.9705810546875,140.96885681152344,155.79229736328125,-215.2299041748047,967.6396484375,126.96895599365234,-321.6806335449219,496.9472351074219,259.7057800292969,-134.17564392089844,815.7372436523438,-78.67008972167969,125.43647003173828,165.99977111816406,-141.1922149658203,-157.52902221679688,976.3041381835938,-107.0632553100586,-29.40431404113769,499.634765625,-174.15733337402344,-320.1729431152344,869.5784912109375
124.79362487792967,-405.0892333984375,140.2411651611328,156.1992950439453,-217.68934631347656,967.7128295898438,126.9838409423828,-322.6924743652344,496.5014953613281,260.8860778808594,-136.26797485351562,815.0211181640625,-78.49372863769531,131.94786071777344,168.5800323486328,-140.61351013183594,-158.9553985595703,975.4102172851562,-105.51985931396484,-30.755035400390625,499.1451416015625,-173.27195739746094,-318.561279296875,867.7597045898438
124.62335205078124,-399.4591674804688,139.48435974121094,156.6448211669922,-220.19044494628903,968.0526733398438,127.16149139404295,-323.7041931152344,496.2738037109375,262.1166687011719,-138.66754150390625,814.5144653320312,-78.38422393798828,137.98439025878906,171.44879150390625,-140.0218963623047,-160.501220703125,974.6486206054688,-104.06678771972656,-32.83219909667969,498.6543884277344,-172.4711151123047,-316.6961669921875,866.0444946289062
124.5293197631836,-393.2164001464844,138.72433471679688,157.13665771484375,-222.6897735595703,968.651611328125,127.5235824584961,-324.6634521484375,496.2599182128906,263.3921813964844,-141.37725830078125,814.2297973632812,-78.36351776123047,143.4570770263672,174.62547302246094,-139.4129638671875,-162.13612365722656,974.0263671875,-102.7766571044922,-35.66812896728516,498.1452941894531,-171.755126953125,-314.5821533203125,864.4510498046875
124.49806213378906,-386.4657287597656,137.98434448242188,157.68089294433594,-225.144287109375,969.4960327148438,128.08631896972656,-325.5079345703125,496.4451293945313,264.7066955566406,-144.39883422851562,814.1765747070312,-78.4518814086914,148.26553344726562,178.12940979003906,-138.7825927734375,-163.82485961914062,973.5469970703124,-101.71723175048828,-39.28281784057617,497.5962829589844,-171.12387084960938,-312.2255859375,862.9945068359375
124.51634216308594,-379.2829895019531,137.28334045410156,158.2814483642578,-227.5127410888672,970.5665283203124,128.85711669921875,-326.1639709472656,496.8030395507813,266.0536804199219,-147.7324981689453,814.3613891601562,-78.66615295410156,152.30091857910156,181.9784393310547,-138.1273651123047,-165.52865600585938,973.2109375,-100.9452896118164,-43.68149185180664,496.9835815429688,-170.57693481445312,-309.6347351074219,861.6865844726562
124.57205200195312,-371.7200012207031,136.63497924804688,158.9398956298828,-229.75704956054688,971.8388061523438,129.83204650878906,-326.54638671875,497.2956237792969,267.4262084960937,-151.37681579589844,814.78759765625,-79.01787567138672,155.45030212402344,186.18653869628903,-137.44497680664062,-167.2068328857422,973.015380859375,-100.50080108642578,-48.853816986083984,496.2842102050781,-170.1136474609375,-306.8197021484375,860.5353393554688
124.6545867919922,-363.8112182617188,136.0474090576172,159.6553955078125,-231.84312438964844,973.2841796875,130.99427795410156,-326.56109619140625,497.875732421875,268.8168334960937,-155.3284149169922,815.4552001953125,-79.51175689697266,157.6025390625,190.7605438232422,-136.73451232910156,-168.8183135986328,972.9545288085938,-100.40271759033205,-54.77479553222656,495.48040771484375,-169.73324584960938,-303.7922668457031,859.5452880859375
124.7546844482422,-355.5806579589844,135.52377319335938,160.42477416992188,-233.7416229248047,974.8707885742188,132.31434631347656,-326.10968017578125,498.4905700683594,270.2178039550781,-159.58189392089844,816.3609619140625,-80.14459991455078,158.65553283691406,195.69635009765625,-135.99668884277344,-170.32354736328125,973.0205688476562,-100.64738464355467,-61.4071044921875,494.5637817382813,-169.43490600585938,-300.56573486328125,858.7172241210938
124.86392974853516,-347.0479431152344,135.06320190429688,161.24276733398438,-235.42819213867188,976.5650634765624,133.752197265625,-325.0963439941406,499.0867309570313,271.6209411621094,-164.129638671875,817.4983520507812,-80.9050064086914,158.52410888671875,200.97547912597656,-135.23391723632812,-171.686279296875,973.2039184570312,-101.21002960205078,-68.70442199707031,493.5392150878906,-169.21783447265625,-297.15484619140625,858.0488891601562
124.9744110107422,-338.2330627441406,134.66188049316406,162.10244750976562,-236.88363647460935,978.3325805664062,135.26089477539062,-323.4360046386719,499.6148986816406,273.017822265625,-168.9617462158203,818.8580932617188,-81.77373504638672,157.14817810058594,206.5626678466797,-134.45022583007812,-172.87559509277344,973.494384765625,-102.04846954345705,-76.61477661132812,492.4275817871094,-169.08139038085938,-293.5755310058594,857.53466796875
125.07884216308594,-329.1596984863281,134.31405639648438,162.9956512451172,-238.09371948242188,980.1398315429688,136.79173278808594,-321.06219482421875,500.0342712402344,274.3997497558594,-174.06593322753906,820.4281005859375,-82.72503662109375,154.49952697753906,212.4051055908203,-133.6509552001953,-173.86737060546875,973.8818969726562,-103.10846710205078,-85.08342742919922,491.2668151855469,-169.0250244140625,-289.8446960449219,857.1666259765625
125.17076110839844,-319.8563842773437,134.01287841796875,163.91368103027344,-239.04888916015625,981.9551391601562,138.3001251220703,-317.9338684082031,500.3156433105469,275.7579345703125,-179.42764282226562,822.1943969726562,-83.72928619384766,150.58670043945312,218.43345642089844,-132.8424072265625,-174.64564514160156,974.3572998046876,-104.3296890258789,-94.0550537109375,490.1109008789063,-169.04832458496094,-285.9798889160156,856.9345703125
125.24493408203124,-310.3558044433594,133.75103759765625,164.84799194335938,-239.7435302734375,983.7498779296876,139.7509765625,-314.0401611328125,500.4432373046875,277.0834655761719,-185.03009033203125,824.14111328125,-84.75650024414062,145.45608520507812,224.5643310546875,-132.0313720703125,-175.203125,974.9129638671876,-105.6513442993164,-103.47501373291016,489.02642822265625,-169.1510009765625,-281.9992370605469,856.82666015625
125.29776763916016,-300.6928100585937,133.52134704589844,165.79100036621094,-240.17530822753903,985.498779296875,141.12246704101562,-309.4019470214844,500.4148559570313,278.3674621582031,-190.8544464111328,826.25146484375,-85.77991485595703,139.18878173828125,230.70391845703125,-131.2246856689453,-175.5413055419922,975.5432739257812,-107.0167465209961,-113.2895050048828,488.0877075195313,-169.3326873779297,-277.9208374023437,856.8298950195312
125.32770538330078,-290.9027404785156,133.3170623779297,166.73675537109375,-240.34434509277344,987.1808471679688,142.40773010253906,-304.070068359375,500.2405395507813,279.60107421875,-196.8800811767578,828.5079345703125,-86.77852630615234,131.8928985595703,236.7519073486328,-130.42877197265625,-175.6698455810547,976.2446899414062,-108.3763427734375,-123.44469451904295,487.37060546875,-169.59291076660156,-273.7626647949219,856.9306030273438
125.33534240722656,-281.0194091796875,133.13218688964844,167.68113708496094,-240.2527313232422,988.7789306640624,143.61338806152344,-298.1206970214844,499.9399108886719,280.77557373046875,-203.08477783203125,830.8931274414062,-87.73820495605469,123.69256591796876,242.6044921875,-129.6493682861328,-175.60560607910156,977.015625,-109.68905639648438,-133.88490295410156,486.94635009765625,-169.93080139160156,-269.5421142578125,857.1146240234375
125.32315826416016,-271.0739440917969,132.9617156982422,168.62179565429688,-239.90426635742188,990.27978515625,144.75550842285156,-291.6482849121094,499.5388793945313,281.8822631835937,-209.44505310058597,833.3897705078125,-88.6513671875,114.71507263183594,248.1560821533203,-128.89120483398438,-175.37095642089844,977.8560791015624,-110.92195129394533,-144.54945373535156,486.8758239746094,-170.3450164794922,-265.2757568359375,857.3678588867188
125.29496002197266,-261.09375,132.80181884765625,169.5578155517578,-239.30450439453125,991.6732177734376,145.85337829589844,-284.7574157714844,499.0663757324219,282.91265869140625,-215.9364013671875,835.9813842773438,-89.5154800415039,105.0792007446289,253.3002777099609,-128.15798950195312,-174.9921112060547,978.7667846679688,-112.0495147705078,-155.36981201171875,487.2052307128906,-170.8334503173828,-260.9792175292969,857.6763305664062
125.25518035888672,-251.1016998291016,132.64999389648438,170.4891357421875,-238.4610748291016,992.9518432617188,146.9224090576172,-277.5544128417969,498.5513610839844,283.8583984375,-222.53358459472656,838.6524047851562,-90.33098602294922,94.8870086669922,257.9319152832031,-127.45235443115234,-174.49703979492188,979.7483520507812,-113.05280303955078,-166.26756286621094,487.96331787109375,-171.3930206298828,-256.6669921875,858.0264892578125
125.20811462402344,-241.11546325683597,132.50509643554688,171.41592407226562,-237.3840484619141,994.1100463867188,147.96780395507812,-270.13983154296875,498.0203857421875,284.7112121582031,-229.21087646484372,841.3883056640625,-91.09925079345705,84.22050476074219,261.9508972167969,-126.77606201171876,-173.91354370117188,980.800537109375,-113.91851043701172,-177.15406799316406,489.1603698730469,-172.01956176757812,-252.3523101806641,858.4051513671875
125.1572494506836,-231.14752197265625,132.36737060546875,172.33815002441406,-236.08627319335935,995.1438598632812,148.9808807373047,-262.60235595703125,497.4958190917969,285.46295166015625,-235.9423370361328,844.1756591796875,-91.82117462158205,73.1423568725586,265.2671203613281,-126.13021087646484,-173.2674560546875,981.921142578125,-114.63780975341795,-187.93186950683597,490.78851318359375,-172.7076873779297,-248.0472717285156,858.799560546875
125.10481262207033,-221.20538330078125,132.23818969726562,173.25509643554688,-234.5835723876953,996.050537109375,149.9390869140625,-255.0142517089844,496.9947204589844,286.10565185546875,-242.70204162597656,847.0022583007812,-92.4967269897461,61.699066162109375,267.80517578125,-125.51549530029295,-172.5812225341797,983.105712890625,-115.2049789428711,-198.4989471435547,492.8232421875,-173.45074462890625,-243.7627716064453,859.197509765625
125.05152130126952,-211.29220581054688,132.1198272705078,174.16502380371094,-232.8945770263672,996.8282470703124,150.810302734375,-247.42840576171875,496.52838134765625,286.63140869140625,-249.46432495117188,849.856689453125,-93.12557220458984,49.92445755004883,269.5079040527344,-124.93248748779295,-171.87289428710938,984.3466186523438,-115.61624908447266,-208.75523376464844,495.22552490234375,-174.24082946777344,-239.5085906982422,859.5870971679688
124.9967041015625,-201.40750122070312,132.01492309570312,175.06478881835938,-231.04034423828125,997.4759521484376,151.5601806640625,-239.8767242431641,496.1026306152344,287.0325012207031,-256.20391845703125,852.7286376953125,-93.7082290649414,37.84219741821289,270.3376770019531,-124.38190460205078,-171.155517578125,985.6334228515624,-115.86897277832033,-218.6099090576172,497.9444885253906,-175.06887817382812,-235.2935943603516,859.9568481445312
124.9385757446289,-191.5479888916016,131.92605590820312,175.9495849609375,-229.0436248779297,997.9933471679688,152.16050720214844,-232.37030029296875,495.7188415527344,287.3014831542969,-262.8961181640625,855.608154296875,-94.24710083007812,25.467330932617188,270.2763061523437,-123.8647918701172,-170.437255859375,986.952392578125,-115.96105194091795,-227.98748779296875,500.9205322265625,-175.92491149902344,-231.1258087158203,860.2955932617188
124.87470245361328,-181.70843505859372,131.8554229736328,176.81297302246094,-226.92816162109372,998.3807983398438,152.59559631347656,-224.90200805664065,495.375,287.4310913085937,-269.5171203613281,858.4857177734375,-94.74666595458984,12.807157516479492,269.3235778808594,-123.3826675415039,-169.72181701660156,988.2872924804688,-115.89075469970705,-236.83132934570312,504.0893859863281,-176.79818725585938,-227.0125274658203,860.592529296875
124.80254364013672,-171.88226318359375,131.8046417236328,177.6470489501953,-224.7179412841797,998.63916015625,152.86480712890625,-217.4517822265625,495.0667114257813,287.4145202636719,-276.0438842773437,861.3521118164062,-95.21308135986328,-0.1381125599145889,267.4954833984375,-122.93762969970705,-169.0093536376953,989.6195678710938,-115.65690612792967,-245.10415649414065,507.3859252929688,-177.6775665283203,-222.9605712890625,860.837158203125
124.71986389160156,-162.06231689453125,131.7745819091797,178.4427947998047,-222.4365997314453,998.7697143554688,152.98077392578125,-209.99317932128903,494.7882690429688,287.2454833984375,-282.4544677734375,864.19775390625,-95.65342712402344,-13.375142097473145,264.8222045898437,-122.5323486328125,-168.2974395751953,990.9290771484376,-115.25965881347656,-252.78587341308597,510.7469787597656,-178.55181884765625,-218.97630310058597,861.0194702148438
124.62500762939452,-152.24151611328125,131.7653045654297,179.190673828125,-220.1068420410156,998.774169921875,152.96469116210938,-202.50015258789065,494.5331115722656,286.9183349609375,-288.7281494140625,867.012939453125,-96.07522583007812,-26.91779327392578,261.3462219238281,-122.16991424560548,-167.58229064941406,992.1946411132812,-114.70146942138672,-259.8695068359375,514.1127319335938,-179.41001892089844,-215.0658721923828,861.1298217773438
124.51702117919922,-142.41375732421875,131.77584838867188,179.88111877441406,-217.75,998.6544189453124,152.8408660888672,-194.95301818847656,494.2945251464844,286.4282531738281,-294.8454284667969,869.787353515625,-96.4861831665039,-40.78764724731445,257.1207580566406,-121.85372924804688,-166.85971069335938,993.39453125,-113.98833465576172,-266.35626220703125,517.4265747070312,-180.24185180664065,-211.23521423339844,861.1592407226562
124.39559936523438,-132.5745086669922,131.8043212890625,180.5052032470703,-215.38560485839844,998.4124145507812,152.6322021484375,-187.34304809570312,494.065673828125,285.771484375,-300.7881164550781,872.5100708007812,-96.8940887451172,-55.0140380859375,252.2089080810547,-121.58724975585938,-166.12608337402344,994.5074462890624,-113.13104248046876,-272.25067138671875,520.63427734375,-181.03802490234372,-207.49020385742188,861.0994873046875
124.26087951660156,-122.72129821777344,131.8478240966797,181.05506896972656,-213.03114318847656,998.0504760742188,152.3575897216797,-179.67518615722656,493.8397521972656,284.9454040527344,-306.5394287109375,875.16943359375,-97.306884765625,-69.63274383544922,246.6831512451172,-121.37372589111328,-165.3791046142578,995.5125122070312,-112.14614868164062,-277.5566711425781,523.6822509765625,-181.7904815673828,-203.8366851806641,860.943115234375
124.11317443847656,-112.8538055419922,131.90264892578125,181.5243988037109,-210.70187377929688,997.57080078125,152.03123474121094,-171.9683380126953,493.60986328125,283.94879150390625,-312.0839538574219,877.7529907226562,-97.73238372802734,-84.68296813964844,240.62545776367188,-121.2159423828125,-164.6183624267578,996.3901977539062,-111.05633544921876,-282.27496337890625,526.516845703125,-182.4927520751953,-200.28054809570312,860.6835327148438
123.95275115966795,-102.97366333007812,131.96438598632812,181.9088287353516,-208.41070556640625,996.975830078125,151.663330078125,-164.25341796875,493.3693237304688,282.7820129394531,-317.4077453613281,880.24755859375,-98.17755889892578,-100.20260620117188,234.1273498535156,-121.11597442626952,-163.84579467773438,997.1223754882812,-109.89002227783205,-286.40216064453125,529.084716796875,-183.13999938964844,-196.82763671875,860.3153686523438
123.7796630859375,-93.08425903320312,132.02830505371094,182.20611572265625,-206.1682891845703,996.2682495117188,151.26162719726562,-156.56930541992188,493.1119384765625,281.44696044921875,-322.4981994628906,882.6390991210938,-98.64710235595705,-116.22257232666016,227.28988647460935,-121.07498931884766,-163.0657958984375,997.6930541992188,-108.68025207519533,-289.93096923828125,531.3333740234375,-183.7292022705078,-193.48388671875,859.8341064453125
123.59387969970705,-83.19046783447266,132.0900115966797,182.416259765625,-203.98306274414065,995.4510498046876,150.83314514160156,-148.9578094482422,492.83251953125,279.94744873046875,-327.3441162109375,884.9132080078125,-99.14225769042967,-132.76124572753906,220.2229156494141,-121.0931167602539,-162.28533935546875,998.08837890625,-107.46302795410156,-292.851806640625,533.2133178710938,-184.25917053222656,-190.25518798828125,859.236572265625
123.3955078125,-73.2983627319336,132.1460723876953,182.54156494140625,-201.86163330078125,994.5277099609376,150.38555908203125,-141.45909118652344,492.52734375,278.2889404296875,-331.9356994628906,887.0547485351562,-99.66004180908205,-149.81988525390625,213.0435943603516,-121.16937255859376,-161.5138397216797,998.297119140625,-106.27542114257812,-295.15478515625,534.679443359375,-184.7303771972656,-187.14735412597656,858.520751953125
123.18500518798828,-63.41492462158203,132.19459533691406,182.5864715576172,-199.80909729003903,993.5023193359376,149.92823791503906,-134.10862731933594,492.1941528320313,276.47882080078125,-336.264404296875,889.0485229492188,-100.19285583496094,-167.37887573242188,205.87437438964844,-121.3017120361328,-160.76303100585938,998.3111572265624,-105.15357971191406,-296.8323059082031,535.6930541992188,-185.1449432373047,-184.16616821289065,857.6857299804688
122.96337127685548,-53.54774856567383,132.23556518554688,182.5573883056641,-197.8295745849609,992.3797607421876,149.4725799560547,-126.935791015625,491.83148193359375,274.5262145996094,-340.3229675292969,890.8792114257812,-100.7283706665039,-185.39495849609372,198.84027099609372,-121.48712921142578,-160.04660034179688,998.1255493164062,-104.13068389892578,-297.8819885253906,536.2239379882812,-185.50634765625,-181.3172607421875,856.7318115234375
122.73229217529295,-43.704959869384766,132.2710418701172,182.4623107910156,-195.92672729492188,991.1658325195312,149.031982421875,-119.9635238647461,491.4385681152344,272.44195556640625,-344.1051940917969,892.5316162109375,-101.24983215332033,-203.7989501953125,192.06573486328125,-121.72186279296876,-159.3797607421875,997.7388916015624,-103.23504638671876,-298.3094787597656,536.2523803710938,-185.8193206787109,-178.60614013671875,855.66064453125
122.4942398071289,-33.89519500732422,132.30526733398438,182.31028747558597,-194.10438537597656,989.8672485351562,148.62112426757812,-113.20883178710938,491.0146484375,270.2384033203125,-347.6058654785156,893.9911499023438,-101.7367935180664,-222.49395751953125,185.6705780029297,-122.00164794921876,-158.77867126464844,997.1538696289062,-102.48838806152344,-298.1315002441406,535.7713623046875,-186.0895233154297,-176.03810119628906,854.4749755859375
122.25263214111328,-24.127748489379883,132.34461975097656,182.1107482910156,-192.36692810058597,988.4916381835938,148.25469970703125,-106.68424224853516,490.5587158203125,267.92938232421875,-350.8207092285156,895.2440795898438,-102.1661605834961,-241.35450744628903,179.76531982421875,-122.3220672607422,-158.25975036621094,996.3770141601562,-101.90448760986328,-297.3786315917969,534.7884521484375,-186.3233795166016,-173.61831665039062,853.1787719726562
122.0120849609375,-14.412565231323242,132.3975830078125,181.8728179931641,-190.7198181152344,987.047607421875,147.94564819335938,-100.39954376220705,490.0695495605469,265.5299377441406,-353.7460327148437,896.2777099609375,-102.51343536376952,-260.2266845703125,174.44607543945312,-122.67889404296876,-157.83897399902344,995.419189453125,-101.4883270263672,-296.09765625,533.3267822265625,-186.52786254882807,-171.35171508789062,851.7774047851562
121.7783660888672,-4.760009288787842,132.47457885742188,181.60455322265625,-189.1697540283203,985.5443725585938,147.7035675048828,-94.36359405517578,489.5455627441406,263.0561218261719,-356.3787536621094,897.080810546875,-102.75386810302734,-278.9298095703125,169.78932189941406,-123.0684051513672,-157.53125,994.2954711914062,-101.23570251464844,-294.3534851074219,531.4253540039062,-186.71034240722656,-169.24310302734375,850.2775268554688
121.55792236328124,4.819558143615723,132.58753967285156,181.31228637695312,-187.7250213623047,983.9921875,147.53321838378906,-88.5858383178711,488.9850769042969,260.5246887207031,-358.7160949707031,897.64404296875,-102.86344146728516,-297.2596435546875,165.84718322753906,-123.48765563964844,-157.3499298095703,993.0249633789062,-101.13350677490234,-292.2295837402344,529.1380004882812,-186.8784027099609,-167.29714965820312,848.687255859375
121.3568878173828,14.316246032714844,132.74928283691406,181.000244140625,-186.39566040039065,982.401611328125,147.433349609375,-83.0774154663086,488.38671875,257.9530639648437,-360.7554321289063,897.9600219726562,-102.81997680664062,-314.9932556152344,162.6431884765625,-123.93457794189452,-157.3064422607422,991.630615234375,-101.16049194335938,-289.8271484375,526.5317993164062,-187.0398101806641,-165.5184326171875,847.0162963867188
121.17999267578124,23.72090148925781,132.97305297851562,180.67025756835935,-185.19357299804688,980.7841796875,147.3960723876953,-77.85169219970703,487.7496948242188,255.3588409423828,-362.4942321777344,898.0237426757812,-102.60435485839844,-331.8961181640625,160.1696319580078,-124.40804290771484,-157.41000366210938,990.1388549804688,-101.28861236572266,-287.2621765136719,523.684814453125,-187.2023468017578,-163.91151428222656,845.2760620117188
121.02974700927734,33.02501678466797,133.27261352539062,180.3218231201172,-184.13247680664065,979.1517333984376,147.4067840576172,-72.92420959472656,487.0745544433594,252.7597198486328,-363.9298400878906,897.832763671875,-102.20169830322266,-347.7312316894531,158.3870086669922,-124.90777587890624,-157.6675567626953,988.578857421875,-101.48478698730467,-284.6606140136719,520.683349609375,-187.37380981445312,-162.48094177246094,843.4794921875
120.9059829711914,42.22035598754883,133.66249084472656,179.95228576660156,-183.2275390625,977.5170288085938,147.44435119628906,-68.31216430664062,486.3633728027344,250.1731719970703,-365.0594787597656,897.38720703125,-101.60248565673828,-362.2699279785156,157.22610473632812,-125.43426513671876,-158.083740234375,986.9820556640624,-101.71295928955078,-282.15191650390625,517.6192016601562,-187.5618896484375,-161.23129272460938,841.6415405273438
120.8056411743164,51.29850387573242,134.15821838378906,179.557373046875,-182.4947509765625,975.8931884765624,147.48202514648438,-64.03370666503906,485.6204528808594,247.6163024902344,-365.8801574707031,896.6900024414062,-100.80349731445312,-375.3035278320313,156.59274291992188,-125.98859405517578,-158.66091918945312,985.3812866210938,-101.93643951416016,-279.86114501953125,514.5860595703125,-187.77420043945312,-160.16726684570312,839.7788696289062
120.72303771972656,60.2504768371582,134.776611328125,179.1318817138672,-181.95013427734372,974.2942504882812,147.4885711669922,-60.10729217529297,484.8521423339844,245.10557556152344,-366.3887023925781,895.7469482421875,-99.80876159667967,-386.6551818847656,156.37522888183594,-126.57219696044922,-159.39935302734375,983.81005859375,-102.12025451660156,-277.9011535644531,511.67529296875,-188.0181579589844,-159.2936553955078,837.9097900390625
120.6504135131836,69.06642150878906,135.53578186035156,178.67034912109375,-181.60874938964844,972.7347412109376,147.4300994873047,-56.55131912231445,484.0670776367188,242.6566619873047,-366.581787109375,894.5665893554688,-98.63052368164062,-396.1905212402344,156.45355224609375,-127.18672943115234,-160.29722595214844,982.3016967773438,-102.23350524902344,-276.365234375,508.9714965820313,-188.3009185791016,-158.61537170410156,836.05419921875
120.57884216308594,77.73538208007812,136.45480346679688,178.16781616210938,-181.483642578125,971.230224609375,147.2723846435547,-53.38410186767578,483.2755737304688,240.28436279296875,-366.4560241699219,893.159912109375,-97.29022979736328,-403.8262634277344,156.70912170410156,-127.8338394165039,-161.3507537841797,980.8884887695312,-102.25170135498048,-275.32135009765625,506.5485534667969,-188.6293029785156,-158.1373748779297,834.2335205078125
120.49948120117188,86.24495697021484,137.55343627929688,177.62010192871094,-181.58506774902344,969.7964477539062,146.98374938964844,-50.624271392822266,482.4891052246094,238.0023956298828,-366.0081787109375,891.540771484375,-95.81916046142578,-409.5360107421875,157.03363037109375,-128.51512145996094,-162.5541229248047,979.60107421875,-102.1591567993164,-274.8088684082031,504.4666137695313,-189.0097198486328,-157.86473083496094,832.4701538085938
120.40489196777344,94.580810546875,138.8514862060547,177.02392578125,-181.9199676513672,968.4492797851562,146.53810119628906,-48.29141616821289,481.7195129394531,235.82334899902344,-365.235107421875,889.7251586914062,-94.2584991455078,-413.3519592285156,157.3357696533203,-129.23193359375,-163.89947509765625,978.4677124023438,-101.9515151977539,-274.8376770019531,502.7704772949219,-189.44798278808597,-157.8024139404297,830.7872924804688
120.29027557373048,102.72594451904295,140.36843872070312,176.3768310546875,-182.4914093017578,967.2041625976562,145.91824340820312,-46.406864166259766,480.9782409667969,233.7586212158203,-364.1341552734375,887.7310180664062,-92.6583023071289,-415.3624572753906,157.54518127441406,-129.98545837402344,-165.3768310546875,977.5135498046876,-101.63793182373048,-275.3898010253906,501.4884948730469,-189.94918823242188,-157.95526123046875,829.2084350585938
120.15457153320312,110.65980529785156,142.1229705810547,175.67706298828125,-183.29830932617188,966.0753784179688,145.11891174316406,-44.99444580078125,480.2755737304688,231.81829833984372,-362.70318603515625,885.5783081054688,-91.0753936767578,-415.70501708984375,157.6135711669922,-130.77664184570312,-166.97398376464844,976.760009765625,-101.24226379394533,-276.4229736328125,500.63287353515625,-190.51763916015625,-158.32785034179688,827.757080078125
120.0012664794922,118.35723876953124,144.1327362060547,174.92337036132812,-184.3351593017578,965.0756225585938,144.14930725097656,-44.08111572265625,479.6197204589844,230.0111541748047,-360.94091796875,883.288330078125,-89.5700912475586,-414.5554504394531,157.51365661621094,-131.60614013671875,-168.6764678955078,976.22412109375,-100.80268096923828,-277.8750915527344,500.2001647949219,-191.15663146972656,-158.92430114746094,826.4561157226562
119.83885955810548,125.78751373291016,146.41415405273438,174.11485290527344,-185.5917816162109,964.2152709960938,143.03500366210938,-43.69740295410156,479.016357421875,228.3445587158203,-358.8470764160156,880.883544921875,-88.2021484375,-412.1138916015625,157.2370147705078,-132.47438049316406,-170.46768188476562,975.9179077148438,-100.36961364746094,-279.6695556640625,500.1722412109375,-191.86834716796875,-159.7480926513672,825.3274536132812
119.68096923828124,132.91311645507812,148.98243713378906,173.25091552734375,-187.0531463623047,963.5022583007812,141.81869506835938,-43.87749481201172,478.4676818847656,226.82444763183597,-356.422607421875,878.38720703125,-87.0259017944336,-408.5887451171875,156.7909698486328,-133.3815460205078,-172.32901000976562,975.84814453125,-100.00212097167967,-281.7209167480469,500.51702880859375,-192.65377807617188,-160.80197143554688,824.391357421875
119.54646301269533,139.68817138671875,151.85084533691406,172.331298828125,-188.6991424560547,962.94140625,140.55967712402344,-44.658809661865234,477.9716491699219,225.455322265625,-353.6698608398437,875.8229370117188,-86.0848388671875,-404.1813049316406,156.19412231445312,-134.32757568359375,-174.24014282226562,976.0155639648438,-99.7629852294922,-283.93975830078125,501.1886596679688,-193.51266479492188,-162.08763122558594,823.666259765625
119.4593276977539,146.0565948486328,155.02989196777344,171.35635375976562,-190.50466918945312,962.5344848632812,139.33120727539062,-46.080810546875,477.5212097167969,224.24017333984372,-350.59283447265625,873.2144165039062,-85.40656280517578,-399.07269287109375,155.4722442626953,-135.3121337890625,-176.17945861816406,976.4152221679688,-99.71286010742188,-286.2365417480469,502.127685546875,-194.4434051513672,-163.6056365966797,823.16796875
119.44796752929688,151.95068359375,158.5264434814453,170.32720947265625,-192.43972778320312,962.2803955078124,138.21556091308594,-48.18278121948242,477.1036682128906,223.18055725097656,-347.1973876953125,870.5849609375,-84.99945831298828,-393.4143371582031,154.65525817871094,-136.3345489501953,-178.12451171875,977.0361328125,-99.90373229980467,-288.52349853515625,503.2619018554688,-195.44314575195312,-165.35519409179688,822.9097900390625
119.54364776611328,157.29046630859375,162.34352111816406,169.2460479736328,-194.47010803222656,962.1752319335938,137.29678344726562,-51.000518798828125,476.7007141113281,222.27664184570312,-343.4911499023437,867.9574584960938,-84.85186767578125,-387.3229064941406,153.77532958984375,-137.3938446044922,-180.05239868164062,977.8618774414062,-100.37242126464844,-290.7146911621094,504.5086059570313,-196.5077362060547,-167.3340301513672,822.901611328125
119.7778778076172,161.98435974121094,166.48046875,168.1162872314453,-196.5581970214844,962.2130737304688,136.65206909179688,-54.56268310546875,476.28948974609375,221.5272216796875,-339.4838256835937,865.3536987304688,-84.93382263183594,-380.8787536621094,152.8654327392578,-138.48849487304688,-181.9402313232422,978.87158203125,-101.13511657714844,-292.7247314453125,505.7793884277344,-197.63186645507807,-169.53829956054688,823.150146484375
120.17911529541016,165.93138122558594,170.93359375,166.94261169433594,-198.6641082763672,962.3861694335938,136.34344482421875,-58.8876953125,475.8446960449219,220.9298095703125,-335.18707275390625,862.7946166992188,-85.2010269165039,-374.1282043457031,151.95765686035156,-139.61636352539062,-183.765380859375,980.0403442382812,-102.18399810791016,-294.4670715332031,506.9872131347656,-198.80911254882807,-171.96243286132812,823.65869140625
120.7692413330078,169.02476501464844,175.6959686279297,165.7308807373047,-200.7471466064453,962.6856079101562,136.4109344482422,-63.981842041015625,475.3421936035156,220.4808349609375,-330.614501953125,860.2998046875,-85.60035705566406,-367.0894165039063,151.08151245117188,-140.77444458007812,-185.50543212890625,981.3412475585938,-103.48719024658205,-295.8533630371094,508.0547180175781,-200.0321044921875,-174.59912109375,824.4268188476562
121.56035614013672,171.1569366455078,180.75613403320312,164.48794555664062,-202.76739501953125,963.101806640625,136.8686981201172,-69.83872985839844,474.762939453125,220.17562866210935,-325.7815856933594,857.887451171875,-86.0761489868164,-359.7602233886719,150.2623748779297,-141.95875549316406,-187.1380157470703,982.7459716796876,-104.99232482910156,-296.7936096191406,508.92181396484375,-201.2926177978516,-177.43930053710938,825.4508666992188
122.55239868164062,172.22564697265625,186.09580993652344,163.221435546875,-204.6875457763672,963.6250610351562,137.70431518554688,-76.43983459472656,474.097412109375,220.0086975097656,-320.7054443359375,855.5744018554688,-86.57630920410156,-352.1277160644531,149.5201873779297,-143.16419982910156,-188.6407012939453,984.2266235351562,-106.6330108642578,-297.1979675292969,509.5509338378906,-202.5817108154297,-180.47218322753903,826.7236938476562
123.73199462890624,172.14097595214844,191.68655395507807,161.93930053710938,-206.4745941162109,964.2462768554688,138.8806915283203,-83.75550842285156,473.3486022949219,219.9737701416016,-315.4046325683594,853.3759155273438,-87.05717468261719,-344.1772155761719,148.86862182617188,-144.38465881347656,-189.9908142089844,985.7565307617188,-108.33673858642578,-296.9796142578125,509.9296875,-203.889892578125,-183.6853485107422,828.2352294921875
125.07228088378906,170.8330841064453,197.48651123046875,160.6494903564453,-208.1013336181641,964.957275390625,140.3402099609375,-91.7462387084961,472.5339050292969,220.06393432617188,-309.8988952636719,851.3057861328125,-87.48665618896484,-335.900146484375,148.31468200683594,-145.61318969726562,-191.1655120849609,987.3114013671876,-110.03292846679688,-296.0589904785156,510.0698547363281,-205.20730590820312,-187.06483459472656,829.9727172851562
126.53447723388672,168.2597198486328,203.4390411376953,159.3594207763672,-209.54721069335935,965.751220703125,142.01025390625,-100.3641357421875,471.6853637695313,220.27182006835935,-304.2090148925781,849.3761596679688,-87.84532928466797,-327.2996520996094,147.85891723632812,-146.84231567382812,-192.1419982910156,988.8698120117188,-111.66004180908205,-294.36895751953125,510.0037841796875,-206.52381896972656,-190.5954132080078,831.9209594726562
128.07078552246094,164.4126434326172,209.47412109375,158.07557678222656,-210.7987518310547,966.6232299804688,143.80967712402344,-109.55402374267578,470.8484191894531,220.5895538330078,-298.3564147949219,847.5975952148438,-88.12591552734375,-318.3930053710937,147.49595642089844,-148.06442260742188,-192.8980255126953,990.4132080078124,-113.17118072509766,-291.8609924316406,509.7781677246094,-207.8292388916016,-194.2606658935547,834.062744140625
129.62814331054688,159.3214111328125,215.5118865966797,156.8031463623047,-211.84954833984372,967.570068359375,145.65513610839844,-119.25421905517578,470.0794372558594,221.00894165039065,-292.3630676269531,845.9788818359375,-88.33162689208984,-309.2108764648437,147.21566772460938,-149.2721710205078,-193.4124755859375,991.9261474609376,-114.53761291503906,-288.5113830566406,509.4465637207031,-209.11349487304688,-198.04335021972656,836.3795166015625
131.15245056152344,153.05381774902344,221.46730041503903,155.54568481445312,-212.69973754882807,968.5904541015624,147.46688842773438,-129.3970184326172,469.44232177734375,221.5214080810547,-286.2512512207031,844.527099609375,-88.4736557006836,-299.7936096191406,147.0048370361328,-150.4588623046875,-193.66622924804688,993.395751953125,-115.74972534179688,-284.3267517089844,509.0614013671875,-210.36680603027344,-201.9255523681641,838.8513793945312
132.59249877929688,145.7118377685547,227.2546844482422,154.30502319335938,-213.35525512695312,969.6845092773438,149.17361450195312,-139.90908813476562,469.0047302246094,222.11801147460935,-280.0433349609375,843.2473754882812,-88.5681381225586,-290.1866149902344,146.8489227294922,-151.6187286376953,-193.6430206298828,994.8113403320312,-116.8155746459961,-279.3472595214844,508.6668701171875,-211.5798492431641,-205.8889923095703,841.4577026367188
133.9031982421875,137.42356872558594,232.79087829589844,153.0812225341797,-213.8268280029297,970.853271484375,150.7161407470703,-150.71212768554688,468.8336486816406,222.78948974609372,-273.7616882324219,842.1429443359375,-88.63298034667969,-280.43621826171875,146.73374938964844,-152.74713134765625,-193.3302459716797,996.164306640625,-117.75704193115234,-273.6456298828125,508.2943115234375,-212.74388122558597,-209.91526794433597,844.177490234375
135.04750061035156,128.33155822753906,237.9961700439453,151.87290954589844,-214.12876892089844,972.097900390625,152.04965209960938,-161.72364807128906,468.9911804199219,223.5261993408203,-267.4283447265625,841.2147827148438,-88.68482971191406,-270.5858764648437,146.64691162109375,-153.8405303955078,-192.7198486328125,997.4473266601562,-118.60443878173828,-267.3215026855469,507.96038818359375,-213.85093688964844,-213.98605346679688,846.9896850585938
135.99708557128906,118.5796356201172,242.7933807373047,150.67767333984375,-214.2775115966797,973.4188842773438,153.1444549560547,-172.85800170898438,469.5301513671875,224.3181610107422,-261.06494140625,840.4617919921875,-88.73687744140625,-260.6736755371094,146.57882690429688,-154.8964080810547,-191.8090057373047,998.6544189453124,-119.39022827148438,-260.491943359375,507.6684265136719,-214.89385986328125,-218.08331298828125,849.87353515625
136.73202514648438,108.30004119873048,247.1063690185547,149.4927215576172,-214.29019165039065,974.8150634765624,153.9851531982422,-184.02764892578125,470.4904174804688,225.1550445556641,-254.6923828125,839.8804931640625,-88.79759216308594,-250.73069763183597,146.52322387695312,-155.91294860839844,-190.6006317138672,999.7808837890624,-120.1430206298828,-253.2800750732422,507.4117126464844,-215.86642456054688,-222.1894989013672,852.8086547851562
137.2397918701172,97.60282135009766,250.85940551757807,148.31561279296875,-214.1832427978516,976.28271484375,154.56846618652344,-195.14480590820312,471.8958740234375,226.0261993408203,-248.3309326171875,839.4650268554688,-88.87065124511719,-240.7803649902344,146.47706604003906,-156.8887481689453,-189.1038055419922,1000.8229370117188,-120.88262939453124,-245.8039093017578,507.17822265625,-216.7633514404297,-226.28770446777344,855.7755737304688
137.51475524902344,86.56878662109375,253.9779510498047,147.1448974609375,-213.97105407714844,977.8151245117188,154.90011596679688,-206.12350463867188,473.75244140625,226.9207305908203,-241.99993896484372,839.2072143554688,-88.95543670654297,-230.8388214111328,146.43980407714844,-157.8223876953125,-187.3338165283203,1001.7777099609376,-121.61721801757812,-238.16680908203125,506.9557189941406,-217.580322265625,-230.3617706298828,858.7554931640625
137.55880737304688,75.2465591430664,256.3908386230469,145.980712890625,-213.6651611328125,979.4021606445312,154.99134826660156,-216.88201904296875,476.04693603515625,227.8275146484375,-235.71778869628903,839.0966186523438,-89.0481948852539,-220.91583251953125,146.41249084472656,-158.71212768554688,-185.31202697753903,1002.6433715820312,-122.34288024902344,-230.4506378173828,506.7359008789063,-218.31393432617188,-234.3963623046875,861.7306518554688
137.3827667236328,63.65354919433594,258.0330505371094,144.82528686523438,-213.27377319335935,981.030029296875,154.8555145263672,-227.3453063964844,478.7478637695313,228.73541259765625,-229.50180053710935,839.1205444335938,-89.14363098144531,-211.0159454345703,146.39674377441406,-159.5556182861328,-183.06532287597656,1003.4189453125,-123.04583740234376,-222.7123870849609,506.5169982910156,-218.96165466308597,-238.3771209716797,864.6839599609375
137.00726318359375,51.780269622802734,258.8485717773437,143.68310546875,-212.8016662597656,982.6817016601562,154.5053253173828,-237.4470672607422,481.8071899414063,229.6332855224609,-223.3681488037109,839.2642822265625,-89.23658752441406,-201.1394805908203,146.3939666748047,-160.34976196289062,-180.6253204345703,1004.1038818359376,-123.70671081542967,-214.98440551757807,506.303955078125,-219.52169799804688,-242.2906036376953,867.5994262695312
136.46209716796875,39.59668731689453,258.7926330566406,142.5609893798828,-212.25050354003903,984.33740234375,153.9510955810547,-247.130859375,485.1636657714844,230.51026916503903,-217.33184814453125,839.5111694335938,-89.32334899902344,-191.28370666503903,146.4047393798828,-161.09059143066406,-178.0271453857422,1004.6985473632812,-124.30573272705078,-207.2779541015625,506.10687255859375,-219.99295043945312,-246.12437438964844,870.4615478515625
135.7841339111328,27.059160232543945,257.8337097167969,141.46791076660156,-211.6195373535156,985.9752197265624,153.1999053955078,-256.3501892089844,488.7470397949219,231.3558807373047,-211.40667724609372,839.8431396484375,-89.40237426757812,-181.44400024414065,146.4286346435547,-161.77337646484375,-175.30813598632812,1005.2034912109376,-124.8275909423828,-199.58908081054688,505.93792724609375,-220.374755859375,-249.8669586181641,873.2556762695312
135.01470947265625,14.116618156433104,255.95594787597656,140.41468811035156,-210.9063720703125,987.5718994140624,152.2559051513672,-265.0675964355469,492.4821472167969,232.16021728515625,-205.6051177978516,840.24072265625,-89.4744644165039,-171.61488342285156,146.464111328125,-162.39295959472656,-172.50636291503906,1005.6197509765624,-125.26461791992188,-191.9053955078125,505.8081359863281,-220.6668243408203,-253.5077362060547,875.9672241210938
134.19705200195312,0.7158544063568115,253.1619110107422,139.41343688964844,-210.108154296875,989.1041870117188,151.12123107910156,-273.25299072265625,496.2931518554688,232.9141387939453,-199.93841552734372,840.6834716796875,-89.54239654541016,-161.79075622558594,146.50869750976562,-162.94407653808594,-169.65911865234375,1005.9486083984376,-125.61770629882812,-184.21237182617188,505.7246398925781,-220.8690948486328,-257.0370178222656,878.582275390625
133.37359619140625,-13.193851470947266,249.47532653808597,138.47691345214844,-209.22251892089844,990.54931640625,149.7976531982422,-280.8817138671875,500.10650634765625,233.609375,-194.41647338867188,841.1503295898438,-89.61022186279297,-151.9664306640625,146.5594482421875,-163.4218292236328,-166.80148315429688,1006.1913452148438,-125.89515686035156,-176.49803161621094,505.6897583007813,-220.98150634765625,-260.4458923339844,881.0866088867188
132.5831756591797,-27.656871795654297,244.94290161132807,137.6177520751953,-208.24842834472656,991.8858032226562,148.28858947753906,-287.9327087402344,503.8531494140625,234.23878479003903,-189.0479278564453,841.6201171875,-89.68241882324219,-142.1373748779297,146.6134490966797,-163.82205200195312,-163.96514892578125,1006.3493041992188,-126.11009979248048,-168.7557830810547,505.701171875,-221.0040435791016,-263.72613525390625,883.4663696289062
131.85821533203125,-42.70799255371094,239.6350860595703,136.84751892089844,-207.186767578125,993.0939331054688,146.60110473632812,-294.38702392578125,507.46966552734375,234.7963409423828,-183.8402557373047,842.0716552734375,-89.76298522949219,-132.30003356933594,146.66831970214844,-164.14166259765625,-161.17733764648438,1006.4237670898438,-126.27760314941406,-160.98558044433594,505.75335693359375,-220.9365081787109,-266.87017822265625,885.7073364257812
131.2222137451172,-58.3694953918457,233.6451873779297,136.17584228515625,-206.0408477783203,994.1558837890624,144.7476806640625,-300.2269287109375,510.8986511230469,235.27728271484372,-178.79977416992188,842.4840698242188,-89.85475158691406,-122.4521942138672,146.72262573242188,-164.37901306152344,-158.46022033691406,1006.4157104492188,-126.41205596923828,-153.19400024414062,505.8390808105469,-220.7785797119141,-269.8711242675781,887.7953491210938
130.6880645751953,-74.6485824584961,227.08718872070312,135.609619140625,-204.81655883789065,995.0557250976562,142.7476043701172,-305.4361267089844,514.0885620117188,235.6781311035156,-173.9318084716797,842.8375244140625,-89.95894622802734,-112.59332275390624,146.77609252929688,-164.53402709960938,-155.83078002929688,1006.3257446289062,-126.52535247802734,-145.39366149902344,505.9508666992188,-220.52981567382807,-272.7225036621094,889.716064453125
130.2568817138672,-91.53534698486328,220.09228515625,135.15243530273438,-203.5224609375,995.7794799804688,140.62745666503906,-310.00018310546875,516.993408203125,235.99668884277344,-169.2407684326172,843.1130981445312,-90.07505798339844,-102.72467803955078,146.82962036132812,-164.6084442138672,-153.30084228515625,1006.1541137695312,-126.62615203857422,-137.60231018066406,506.0818176269531,-220.18968200683597,-275.4183959960937,891.455078125
129.918212890625,-109.00135040283205,212.80398559570312,134.80445861816406,-202.16949462890625,996.31494140625,138.4209442138672,-313.9079284667969,519.5726318359375,236.23204040527344,-164.73037719726562,843.2933349609375,-90.20089721679688,-92.8490982055664,146.8851318359375,-164.60580444335938,-150.87753295898438,1005.900634765625,-126.71996307373048,-129.84165954589844,506.22601318359375,-219.7576446533203,-277.9533386230469,892.9984130859375
129.65145874023438,-126.99898529052734,205.37274169921875,134.5625,-200.77072143554688,996.6520385742188,136.1677703857422,-317.15283203125,521.7908935546875,236.38449096679688,-160.40370178222656,843.3623657226562,-90.33282470703124,-82.97050476074219,146.9453887939453,-164.53138732910156,-148.5637969970703,1005.5643920898438,-126.80979919433594,-122.13628387451172,506.3783874511719,-219.2333221435547,-280.3222045898437,894.3320922851562
129.42864990234375,-145.46141052246094,197.9503326416016,134.42027282714844,-199.3408203125,996.7827758789062,133.91195678710938,-319.7347717285156,523.6187744140625,236.4554901123047,-156.2633819580078,843.3062133789062,-90.4661865234375,-73.09342956542969,147.0136260986328,-164.3920135498047,-146.35910034179688,1005.144287109375,-126.89716339111328,-114.51235961914062,506.5339050292969,-218.6166229248047,-282.52032470703125,895.4431762695312
129.21829223632812,-164.30349731445312,190.6841583251953,134.36903381347656,-197.89572143554688,996.7012939453124,131.69937133789062,-321.6617736816406,525.0333862304688,236.44760131835935,-152.31173706054688,843.1129760742188,-90.5957260131836,-63.22255325317383,147.09315490722656,-164.1957550048828,-144.26051330566406,1004.638671875,-126.98291778564452,-106.99668884277344,506.68695068359375,-217.90792846679688,-284.5433959960937,896.3192749023438
128.9889678955078,-183.4227294921875,183.71197509765625,134.39820861816406,-196.4521484375,996.4043579101562,129.57505798339844,-322.9518127441406,526.0194702148438,236.3644561767578,-148.5509033203125,842.7730712890625,-90.71609497070312,-53.36246109008789,147.18719482421875,-163.95150756835938,-142.2637176513672,1004.0459594726562,-127.06804656982422,-99.6156997680664,506.8305358886719,-217.1082000732422,-286.3874206542969,896.949462890625
128.7121124267578,-202.6995849609375,177.15711975097656,134.4961700439453,-195.02728271484372,995.8911743164062,127.58041381835938,-323.6340637207031,526.5706787109375,236.210693359375,-144.98289489746094,842.2792358398438,-90.8222885131836,-43.51755142211914,147.2985076904297,-163.6685791015625,-140.3642120361328,1003.3642578125,-127.15391540527344,-92.39439392089844,506.9559020996094,-216.21917724609372,-288.0487670898437,897.3244018554688
128.3637237548828,-221.99749755859372,171.1239471435547,134.65103149414062,-193.63836669921875,995.1638793945312,125.75045776367188,-323.7500915527344,526.6908569335938,235.9918670654297,-141.60975646972656,841.626953125,-90.91012573242188,-33.69220352172852,147.42929077148438,-163.356201171875,-138.5584259033203,1002.5922241210938,-127.24225616455078,-85.35530853271484,507.0528259277344,-215.2434844970703,-289.52410888671875,897.4366455078125
127.92539978027344,-241.1632080078125,165.6939697265625,134.85137939453125,-192.30239868164065,994.2274780273438,124.1115493774414,-323.3534851074219,526.3943481445312,235.7145538330078,-138.43360900878906,840.8141479492188,-90.97662353515624,-23.89134788513184,147.58111572265625,-163.0231170654297,-136.84466552734375,1001.7285766601562,-127.33474731445312,-78.51753234863281,507.1101684570313,-214.18472290039065,-290.8103942871094,897.2809448242188
127.38471221923828,-260.0281982421875,160.9229278564453,135.08680725097656,-191.03575134277344,993.0904541015624,122.6798095703125,-322.5090026855469,525.7064208984375,235.3861389160156,-135.45664978027344,839.8417358398438,-91.02025604248048,-14.121145248413086,147.7550811767578,-162.6772003173828,-135.22398376464844,1000.7728271484376,-127.43253326416016,-71.89627075195312,507.1171875,-213.04754638671875,-291.90478515625,896.8546142578125
126.73532104492188,-278.4115600585937,156.8389434814453,135.34840393066406,-189.8539581298828,991.7647094726562,121.46031188964844,-321.2904052734375,524.6624145507812,235.01495361328125,-132.68124389648438,838.7132568359375,-91.04106903076172,-4.389501571655273,147.95240783691406,-162.32516479492188,-133.70065307617188,999.7254028320312,-127.53557586669922,-65.50314331054688,507.0646057128906,-211.837646484375,-292.8047790527344,896.15771484375
125.9767837524414,-296.1243591308594,153.4419708251953,135.62901306152344,-188.7715759277344,990.2657470703124,120.4472198486328,-319.7772827148437,523.3063354492188,234.61007690429688,-130.1099090576172,837.4352416992188,-91.04049682617188,5.293883323669434,148.1751708984375,-161.97230529785156,-132.2824249267578,998.5877685546876,-127.6421127319336,-59.34706115722656,506.9455871582031,-210.5618133544922,-293.50799560546875,895.1934814453125
125.11442565917967,-312.97509765625,150.705078125,135.92340087890625,-187.8020172119141,988.6128540039062,119.62467193603516,-318.0514831542969,521.6882934570312,234.1814117431641,-127.74528503417967,836.0169067382812,-91.02117156982422,14.917724609375,148.42694091796875,-161.6223907470703,-130.98052978515625,997.36279296875,-127.74823760986328,-53.43509292602539,506.756591796875,-209.22776794433597,-294.01226806640625,893.9680786132812
124.15886688232422,-328.776611328125,148.57725524902344,136.22825622558594,-186.9575042724609,986.8289184570312,118.96851348876952,-316.1930847167969,519.86181640625,233.73948669433597,-125.5900650024414,834.4703979492188,-90.98663330078124,24.46952247619629,148.7133026123047,-161.27760314941406,-129.80923461914062,996.0550537109376,-127.84774017333984,-47.773475646972656,506.498046875,-207.8441467285156,-294.3156433105469,892.4910278320312
123.12527465820312,-343.3533020019531,146.9878387451172,136.54202270507812,-186.24899291992188,984.9402465820312,118.448486328125,-314.2768249511719,517.8810424804688,233.29541015625,-123.6470184326172,832.8103637695312,-90.94107818603516,33.93613052368164,149.04196166992188,-160.9386749267578,-128.78509521484375,994.6708374023438,-127.93192291259766,-42.368534088134766,506.1743774414063,-206.4203643798828,-294.4162902832031,890.775146484375
122.03229522705078,-356.5481872558594,145.85220336914062,136.8647003173828,-185.686279296875,982.976318359375,118.03101348876952,-312.3691711425781,515.7982177734375,232.8607635498047,-121.91888427734376,831.0540771484375,-90.8889617919922,43.30441284179688,149.4225616455078,-160.6050262451172,-127.92593383789062,993.2184448242188,-127.9896240234375,-37.2275276184082,505.7937316894531,-204.9663543701172,-294.31268310546875,888.8363647460938
120.90056610107422,-368.22845458984375,145.07798767089844,137.1975555419922,-185.2778778076172,980.96923828125,117.68216705322266,-310.5263977050781,513.6621704101562,232.4473571777344,-120.40838623046876,829.2210693359375,-90.83474731445312,52.56184768676758,149.86636352539062,-160.27503967285156,-127.2497787475586,991.7083740234376,-128.0072479248047,-32.35935592651367,505.3673706054688,-203.49252319335935,-294.00347900390625,886.6937255859375
119.75080108642578,-378.289794921875,144.57110595703125,137.5427703857422,-185.0311584472656,978.9530029296876,117.37083435058594,-308.79351806640625,511.5171508789063,232.06712341308597,-119.11823272705078,827.3330078125,-90.7826690673828,61.6970329284668,150.38575744628906,-159.94631958007812,-126.77383422851562,990.1527099609376,-127.96908569335938,-27.7751407623291,504.9085998535156,-202.00942993164065,-293.4877319335937,884.369140625
118.6017608642578,-386.65911865234375,144.2410125732422,137.9031524658203,-184.95211791992188,976.962890625,117.07144927978516,-307.2043151855469,509.40325927734375,231.73193359375,-118.05120086669922,825.4130859375,-90.73668670654295,70.70000457763672,150.99391174316406,-159.61593627929688,-126.51356506347656,988.5654296875,-127.8580322265625,-23.488704681396484,504.43157958984375,-200.527587890625,-292.764892578125,881.8871459960938
117.46914672851562,-393.2967529296875,144.00567626953125,138.2819061279297,-185.0452423095703,975.0345458984376,116.76608276367188,-305.7818298339844,507.35650634765625,231.45343017578125,-117.2101593017578,823.4859619140625,-90.7005386352539,79.56228637695312,151.7044677734375,-159.28060913085938,-126.48189544677734,986.9617309570312,-127.65666198730467,-19.517009735107425,503.9500122070313,-199.05734252929688,-291.8349304199219,879.2744140625
116.36575317382812,-398.1987609863281,143.7960968017578,138.68238830566406,-185.3130798339844,973.203369140625,116.44554138183594,-304.5399475097656,505.4093933105469,231.2427673339844,-116.59817504882812,821.577392578125,-90.67780303955078,88.27660369873047,152.53135681152344,-158.93690490722656,-126.6884765625,985.3578491210938,-127.34866333007812,-15.88059139251709,503.4761352539063,-197.6085357666016,-290.6983947753906,876.5596923828125
115.30249786376952,-401.3982543945313,143.5596466064453,139.10792541503906,-185.755859375,971.5034790039062,116.10953521728516,-303.4851989746094,503.5916748046875,231.1104736328125,-116.21858215332033,819.7135009765625,-90.67201232910156,96.83625793457033,153.48854064941406,-158.58128356933594,-127.13907623291016,983.7705688476562,-126.92033386230467,-12.603903770446776,503.0200500488281,-196.19046020507807,-289.3565979003906,873.7728881835938
114.28977966308594,-402.9653625488281,143.26174926757812,139.56170654296875,-186.37094116210935,969.9674072265624,115.76598358154295,-302.6187438964844,501.9305114746094,231.06622314453125,-116.07498168945312,817.9207763671875,-90.68677520751952,105.2341766357422,154.58987426757812,-158.21022033691406,-127.83509826660156,982.2169799804688,-126.36173248291016,-9.715304374694824,502.5893249511719,-194.81163024902344,-287.81170654296875,870.945068359375
113.33871459960938,-403.0051879882813,142.8850860595703,140.04678344726562,-187.15237426757807,968.6248779296876,115.42981719970705,-301.9385070800781,500.45123291015625,231.1186981201172,-116.17129516601562,816.2252197265625,-90.72583770751952,113.46170806884766,155.84886169433594,-157.8202362060547,-128.77330017089844,980.7140502929688,-125.66747283935548,-7.246617794036865,502.1891174316406,-193.47970581054688,-286.0668640136719,868.107666015625
112.46189880371094,-401.6529541015625,142.4267120361328,140.56582641601562,-188.09054565429688,967.5025634765624,115.12146759033205,-301.4405212402344,499.1770935058594,231.27532958984372,-116.51171112060548,814.6522827148438,-90.79320526123048,121.50715637207033,157.27838134765625,-157.40792846679688,-129.945556640625,979.278076171875,-124.83761596679688,-5.232746601104736,501.82232666015625,-192.201416015625,-284.1261901855469,865.2921752929688
111.67324829101562,-399.0664978027344,141.8935546875,141.12120056152344,-189.1720428466797,966.623291015625,114.86531829833984,-301.1195373535156,498.1291809082031,231.54229736328125,-117.10063934326172,813.2264404296875,-90.893798828125,129.3538360595703,158.89071655273438,-156.9700469970703,-131.3386688232422,977.9248657226562,-123.8788833618164,-3.711460113525391,501.4898681640625,-190.9825439453125,-281.9951477050781,862.5294799804688
110.98695373535156,-395.415771484375,141.29795837402344,141.7147674560547,-190.37960815429688,966.005126953125,114.6880340576172,-300.96856689453125,497.3252868652344,231.9242401123047,-117.94257354736328,811.9703979492188,-91.03428649902344,136.9778289794922,160.6976776123047,-156.50352478027344,-132.93397521972656,976.6687622070312,-122.8059310913086,-2.7230703830718994,501.1905212402344,-189.82791137695312,-279.68035888671875,859.8494262695312
110.41548919677734,-390.8708190917969,140.65472412109375,142.3478240966797,-191.6925048828125,965.661376953125,114.6168441772461,-300.9774475097656,496.7780456542969,232.4243011474609,-119.0419464111328,810.9052734375,-91.22372436523438,144.3459014892578,162.71107482910156,-156.005615234375,-134.70729064941406,975.5230102539062,-121.64250183105467,-2.3096187114715576,500.9208068847656,-188.74143981933597,-277.1898803710937,857.2803955078125
109.96710205078124,-385.5892639160156,139.97940063476562,143.02093505859375,-193.0869140625,965.5993041992188,114.677490234375,-301.13018798828125,496.4925842285156,233.04391479492188,-120.40294647216795,810.0497436523438,-91.47368621826172,151.4136199951172,164.943359375,-155.47393798828125,-136.6287078857422,974.4988403320312,-120.42200469970705,-2.513340473175049,500.6744995117188,-187.72622680664065,-274.5331726074219,854.8486938476562
109.6435546875,-379.7066345214844,139.28773498535156,143.73391723632812,-194.5366668701172,965.8204956054688,114.89183807373048,-301.40185546875,496.4639892578125,233.78289794921875,-122.02926635742188,809.420166015625,-91.79779052734376,158.1237030029297,167.4080047607422,-154.90672302246094,-138.6629180908203,973.6055297851562,-119.18720245361328,-3.3743786811828613,500.4415283203125,-186.78466796875,-271.7210693359375,852.5782470703125
109.43894958496094,-373.3307800292969,138.59588623046875,144.4856719970703,-196.01388549804688,966.31982421875,115.27522277832033,-301.7552185058594,496.6753540039063,234.63934326171875,-123.92385864257812,809.0298461914062,-92.21055603027344,164.4054412841797,170.12001037597656,-154.3029022216797,-140.7696533203125,972.8499145507812,-117.98873901367188,-4.927906513214111,500.20703125,-185.91860961914065,-268.7659606933594,850.4900512695312
109.3401107788086,-366.5416259765625,137.91981506347656,145.2742156982422,-197.48980712890625,967.0859985351562,115.83397674560548,-302.1376647949219,497.0966796875,235.60964965820312,-126.08865356445312,808.8890380859375,-92.72584533691406,170.1752166748047,173.09580993652344,-153.662353515625,-142.90481567382812,972.236083984375,-116.88232421875,-7.201037883758545,499.9503784179688,-185.12950134277344,-265.6815795898437,848.6021118164062
109.32813262939452,-359.39361572265625,137.27415466308594,146.09669494628906,-198.9354705810547,968.1012573242188,116.5635757446289,-302.4792785644531,497.6857604980469,236.6885986328125,-128.5243377685547,809.0046997070312,-93.35511016845705,175.33853149414062,176.35256958007812,-152.9860076904297,-145.0219268798828,971.7651977539062,-115.92469024658205,-10.210076332092283,499.6451110839844,-184.41860961914065,-262.4830017089844,846.9290161132812
109.38059997558594,-351.9205017089844,136.6713409423828,146.9494171142578,-200.32229614257807,969.3421630859376,117.44800567626952,-302.69244384765625,498.3907165527344,237.86935424804688,-131.23007202148438,809.380126953125,-94.1057586669922,179.79312133789062,179.9066162109375,-152.27597045898438,-147.07383728027344,971.435546875,-115.16853332519533,-13.958657264709473,499.2603149414063,-183.78726196289065,-259.1864318847656,845.4817504882812
109.47412872314452,-344.1407165527344,136.1209259033203,147.82794189453125,-201.6227264404297,970.7804565429688,118.4606475830078,-302.6739196777344,499.1538696289063,239.1436309814453,-134.2033233642578,810.01513671875,-94.97968292236328,183.4331970214844,183.77072143554688,-151.53550720214844,-149.0144805908203,971.2427368164062,-114.6571273803711,-18.437156677246094,498.7632751464844,-183.23692321777344,-255.8090667724609,844.2678833007812
109.58650207519533,-336.0632629394531,135.629150390625,148.7271728515625,-202.8105010986328,972.3837890625,119.5667953491211,-302.3092956542969,499.9165344238281,240.50177001953125,-137.43971252441406,810.906005859375,-95.97225952148438,186.1547393798828,187.95089721679688,-150.76898193359375,-150.80072021484375,971.1799926757812,-114.41939544677734,-23.62345314025879,498.1242370605469,-182.7693634033203,-252.3688507080078,843.291259765625
109.69828033447266,-327.6933288574219,135.1989288330078,149.6415252685547,-203.8611297607422,974.1174926757812,120.72737121582033,-301.4798889160156,500.6235961914063,241.93292236328125,-140.93280029296875,812.045654296875,-97.07210540771484,187.86175537109372,192.44287109375,-149.98170471191406,-152.39395141601562,971.238525390625,-114.46661376953124,-29.484771728515625,497.32135009765625,-182.38673400878903,-248.8841552734375,842.5523681640625
109.7939224243164,-319.0370178222656,134.82997131347656,150.5650177001953,-204.7520446777344,975.9454345703124,121.90342712402344,-300.071044921875,501.22796630859375,243.4252014160156,-144.67413330078125,813.4237060546875,-98.26166534423828,188.47303771972656,197.22935485839844,-149.17979431152344,-153.76138305664062,971.4085083007812,-114.79177856445312,-35.98024368286133,496.345703125,-182.09146118164065,-245.37342834472656,842.04833984375
109.86256408691406,-310.1049499511719,134.51904296875,151.49143981933594,-205.4629669189453,977.8317260742188,123.06082916259766,-297.9817810058594,501.6936645507813,244.9659118652344,-148.65309143066406,815.0270385742188,-99.51840209960938,187.92919921875,202.2783660888672,-148.3699188232422,-154.87738037109375,971.6796264648438,-115.3717041015625,-43.06373977661133,495.2049865722656,-181.8863220214844,-241.8548583984375,841.773193359375
109.89840698242188,-300.9140014648437,134.26040649414062,152.41464233398438,-205.9759979248047,979.74169921875,124.17434692382812,-295.1335754394531,501.9977111816406,246.54173278808597,-152.85708618164062,816.8400268554688,-100.81632995605467,186.19888305664065,207.54324340820312,-147.5589141845703,-155.72427368164062,972.0415649414062,-116.17097473144533,-50.68624496459961,493.92572021484375,-181.774169921875,-238.3458709716797,841.71826171875
109.90059661865234,-291.48760986328125,134.04629516601562,153.32875061035156,-206.2757873535156,981.643310546875,125.23082733154295,-291.4781494140625,502.1307678222656,248.13890075683597,-157.27151489257812,818.8451538085938,-102.12784576416016,183.2833404541016,212.9644775390625,-146.7535400390625,-156.29295349121094,972.4850463867188,-117.14685821533205,-58.79769134521485,492.5533142089844,-181.75787353515625,-234.86282348632807,841.8723754882812
109.87272644042967,-281.8547058105469,133.86769104003906,154.22866821289062,-206.34939575195312,983.5075073242188,126.23062133789062,-287.0019836425781,502.0965881347656,249.7434539794922,-161.8800811767578,821.0234375,-103.4260482788086,179.21815490722656,218.47280883789065,-145.9600830078125,-156.5830535888672,973.0018920898438,-118.25420379638672,-67.34812927246094,491.1504211425781,-181.8399658203125,-231.42063903808597,842.222412109375
109.82199096679688,-272.0485534667969,133.715087890625,155.1106414794922,-206.18609619140625,985.3093872070312,127.18702697753906,-281.7278747558594,501.9099731445313,251.34146118164065,-166.6649627685547,823.3549194335938,-104.6871337890625,174.07156372070312,223.99305725097656,-145.18409729003906,-156.6025390625,973.5859375,-119.44964599609376,-76.28792572021484,489.7926940917969,-182.0224151611328,-228.03245544433597,842.7532958984375
109.75799560546876,-262.10516357421875,133.57919311523438,155.97276306152344,-205.77728271484372,987.028076171875,128.1234893798828,-275.7123718261719,501.5941467285156,252.91912841796875,-171.60711669921875,825.8192749023438,-105.89249420166016,167.93923950195312,229.4474334716797,-144.4302215576172,-156.36692810058594,974.2329711914062,-120.6943588256836,-85.56689453125,488.5632934570313,-182.3062896728516,-224.7093963623047,843.44873046875
109.69129180908205,-252.06126403808597,133.45181274414062,156.81504821777344,-205.1164703369141,988.6470336914062,129.06858825683594,-269.0400390625,501.1773986816406,254.4630279541016,-176.68653869628906,828.3961791992188,-107.03006744384766,160.9354705810547,234.75762939453125,-143.7020263671875,-155.89810180664062,974.94091796875,-121.95536041259766,-95.13264465332033,487.5462646484375,-182.69143676757807,-221.46038818359372,844.291259765625
109.63182067871094,-241.95184326171875,133.3264617919922,157.6392822265625,-204.19949340820312,990.1538696289062,130.04974365234375,-261.81512451171875,500.689697265625,255.960205078125,-181.88253784179688,831.0657958984375,-108.09459686279295,153.18202209472656,239.8446807861328,-143.00196838378906,-155.22265625,975.7095947265624,-123.20541381835938,-104.9283218383789,486.81982421875,-183.1761932373047,-218.29209899902344,845.2625122070312
109.58737182617188,-231.80767822265625,133.19888305664062,158.4486846923828,-203.02474975585935,991.5396728515624,131.086181640625,-254.15203857421875,500.1597900390625,257.3983459472656,-187.17393493652344,833.8091430664062,-109.08678436279295,144.79617309570312,244.62733459472656,-142.3314208984375,-154.37022399902344,976.5401000976562,-124.4217758178711,-114.88995361328124,486.4503479003906,-183.757080078125,-215.20880126953125,846.3434448242188
109.56244659423828,-221.65374755859372,133.06729125976562,159.2471160888672,-201.593505859375,992.7988891601562,132.18295288085938,-246.1657867431641,499.61279296875,258.7658386230469,-192.5393829345703,836.6084594726562,-110.01158905029295,135.88047790527344,249.0200958251953,-141.6908721923828,-153.3716278076172,977.4342041015624,-125.584228515625,-124.94412994384766,486.4878234863281,-184.4287109375,-212.2125244140625,847.5146484375
109.55760955810548,-211.5086669921875,132.932373046875,160.03834533691406,-199.9102325439453,993.92822265625,133.3267364501953,-237.9639587402344,499.0686340332031,260.0519104003906,-197.95751953125,839.4473266601562,-110.87614440917967,126.51597595214844,252.9332733154297,-141.0801544189453,-152.25706481933594,978.3936157226562,-126.67369842529295,-135.00701904296875,486.9632873535156,-185.18365478515625,-209.30311584472656,848.7564086914062
109.56950378417967,-201.3849334716797,132.79693603515625,160.82501220703125,-197.98291015625,994.92626953125,134.48495483398438,-229.6405487060547,498.54150390625,261.24664306640625,-203.4071502685547,842.3107299804688,-111.68773651123048,116.75975799560548,256.2758178710937,-140.49876403808594,-151.0544891357422,979.419189453125,-127.67156219482422,-144.98562622070312,487.8881530761719,-186.01242065429688,-206.47840881347656,850.0487060546875
109.59156799316406,-191.2896881103516,132.6652069091797,161.60812377929688,-195.8233337402344,995.7928466796876,135.60894775390625,-221.2723693847656,498.0399169921875,262.3410949707031,-208.86740112304688,845.1853637695312,-112.45246124267578,106.64627838134766,258.96044921875,-139.9462432861328,-149.78834533691406,980.5097045898438,-128.55958557128906,-154.78134155273438,489.2549743652344,-186.90367126464844,-203.73455810546875,851.3716430664062
109.61522674560548,-181.22569274902344,132.5421905517578,162.38653564453125,-193.4472503662109,996.52880859375,136.640869140625,-212.91751098632807,497.5674133300781,263.3271179199219,-214.31787109375,848.0592651367188,-113.17474365234376,96.19113159179688,260.9096984863281,-139.42251586914062,-148.47848510742188,981.66162109375,-129.3202667236328,-164.29586791992188,491.0390319824219,-187.8444061279297,-201.0662384033203,852.7055053710938
109.63130950927734,-171.19247436523438,132.432861328125,163.15687561035156,-190.8742218017578,997.1356201171876,137.52362060546875,-204.6154937744141,497.1238403320313,264.197509765625,-219.73873901367188,850.9220581054688,-113.85761260986328,85.39585876464844,262.06109619140625,-138.9281768798828,-147.13975524902344,982.868408203125,-129.9374237060547,-173.43881225585938,493.2001037597656,-188.82032775878903,-198.46697998046875,854.0307006835938
109.63147735595705,-161.18728637695312,132.3415069580078,163.91354370117188,-188.1273651123047,997.6157836914062,138.21144104003906,-196.38885498046875,496.7066650390625,264.9458923339844,-225.1108245849609,853.7643432617188,-114.50324249267578,74.25302124023438,262.3713073730469,-138.46469116210938,-145.78189086914062,984.1200561523438,-130.39627075195312,-182.13421630859372,495.6852416992188,-189.81625366210935,-195.92955017089844,855.3280639648438
109.60928344726562,-151.20596313476562,132.2711181640625,164.64883422851562,-185.23269653320312,997.972412109375,138.67819213867188,-188.2460479736328,496.312255859375,265.5666809082031,-230.41567993164065,856.5777587890625,-115.11343383789062,62.75072860717773,261.8182678222656,-138.03448486328125,-144.40989685058594,985.403564453125,-130.6833038330078,-190.3251953125,498.4323120117188,-190.8165740966797,-193.4462890625,856.5791625976562
109.56077575683594,-141.2438201904297,132.22329711914062,165.3533477783203,-182.21820068359372,998.2095336914062,138.92105102539062,-180.1853790283203,495.9366149902344,266.05499267578125,-235.6356506347656,859.3545532226562,-115.68978118896484,50.876102447509766,260.4015197753906,-137.640869140625,-143.02484130859375,986.702880859375,-130.78672790527344,-197.97540283203125,501.3743286132813,-191.80572509765625,-191.00938415527344,857.7660522460938
109.48445129394533,-131.29653930664062,132.19825744628906,166.0164031982422,-179.1128387451172,998.331787109375,138.9587860107422,-172.19940185546875,495.5758056640625,266.4067077636719,-240.7538604736328,862.0874633789062,-116.233642578125,38.61760711669922,258.141357421875,-137.2878875732422,-141.62486267089844,987.9994506835938,-130.69711303710938,-205.06773376464844,504.44378662109375,-192.7687530517578,-188.6112365722656,858.8719482421875
109.38082885742188,-121.36060333251952,132.19509887695312,166.62669372558594,-175.9456787109375,998.3444213867188,138.8254852294922,-164.27911376953125,495.22601318359375,266.6183166503906,-245.75433349609372,864.7692260742188,-116.74578094482422,25.96591186523437,255.07667541503903,-136.98001098632812,-140.20619201660156,989.2731323242188,-130.4086456298828,-211.60043334960935,507.5758361816406,-193.6918029785156,-186.2447204589844,859.881103515625
109.25177764892578,-111.43367767333984,132.21209716796875,167.17312622070312,-172.74514770507812,998.2528076171876,138.5622100830078,-156.4169921875,494.883544921875,266.6869506835937,-250.6219482421875,867.392333984375,-117.2259750366211,12.913463592529297,251.26272583007807,-136.72171020507812,-138.76417541503906,990.5029296875,-129.92074584960938,-217.5819396972656,510.7102661132813,-194.5625,-183.9033660888672,860.779052734375
109.09973907470705,-101.5147705078125,132.24691772460938,167.6455841064453,-169.53848266601562,998.0624389648438,138.2091522216797,-148.6092071533203,494.5447692871094,266.6103820800781,-255.3424835205078,869.9489135742188,-117.67274475097656,-0.5469152927398682,246.76844787597656,-136.51708984375,-137.29420471191406,991.6675415039062,-129.23959350585938,-223.02581787109372,513.7914428710938,-195.37034606933597,-181.58160400390625,861.552734375
108.92713165283205,-91.60409545898438,132.2968292236328,168.03565979003906,-166.3513946533203,997.7782592773438,137.79965209960938,-140.8568878173828,494.2058715820313,266.3871459960937,-259.90252685546875,872.4305419921875,-118.08342742919922,-14.423696517944336,241.6740264892578,-136.3695526123047,-135.79258728027344,992.7463989257812,-128.3795623779297,-227.9461669921875,516.76806640625,-196.10708618164065,-179.27490234375,862.19091796875
108.73596954345705,-81.70288848876953,132.35882568359375,168.33714294433594,-163.20777893066406,997.4043579101562,137.35719299316406,-133.1669464111328,493.8628234863281,266.01641845703125,-264.28961181640625,874.8279418945312,-118.4548110961914,-28.72781562805176,236.0688934326172,-136.28146362304688,-134.257080078125,993.7200927734376,-127.3639678955078,-232.354736328125,519.591796875,-196.7668914794922,-176.97982788085938,862.6838989257812
108.52769470214844,-71.81322479248047,132.42965698242188,168.54644775390625,-160.1294708251953,996.9441528320312,136.89501953125,-125.55184173583984,493.5113525390625,265.49810791015625,-268.4920349121094,877.1309814453125,-118.78410339355467,-43.47266387939453,230.0499267578125,-136.25401306152344,-132.6874542236328,994.5707397460938,-126.22500610351562,-236.2593688964844,522.2172241210938,-197.3464508056641,-174.694091796875,863.0238647460938
108.30318450927734,-61.937721252441406,132.5058135986328,168.66258239746094,-157.13613891601562,996.3999633789062,136.4181365966797,-118.02842712402344,493.1472778320313,264.8330078125,-272.4988098144531,879.3287353515625,-119.070068359375,-58.67247772216797,223.72024536132807,-136.28707885742188,-131.08575439453125,995.2823486328124,-125.00267028808594,-239.66412353515625,524.601806640625,-197.84503173828125,-172.41661071777344,863.2047119140625
108.0628433227539,-52.07920837402344,132.5836639404297,168.68714904785156,-154.24502563476562,995.7731323242188,135.92630004882812,-110.61544036865234,492.76702880859375,264.02276611328125,-276.29986572265625,881.409423828125,-119.31351470947266,-74.339111328125,217.1878967285156,-136.37925720214844,-129.45643615722656,995.8411254882812,-123.74284362792967,-242.5703582763672,526.7064819335938,-198.2644500732422,-170.1473846435547,863.2222290039062
107.80679321289062,-42.240230560302734,132.65953063964844,168.62393188476562,-151.4708251953125,995.0641479492188,135.4174041748047,-103.33051300048828,492.3680725097656,263.0699462890625,-279.8857421875,883.3604736328125,-119.51692962646484,-90.47774505615234,210.5645294189453,-136.5280303955078,-127.80643463134766,996.2352905273438,-122.49476623535156,-244.97836303710935,528.4970703125,-198.60882568359372,-167.88754272460938,863.073974609375
107.53515625,-32.4226188659668,132.7298583984375,168.4785614013672,-148.82554626464844,994.2730102539062,134.89016723632812,-96.18751525878906,491.94921875,261.9781188964844,-283.2476501464844,885.1686401367188,-119.68379974365234,-107.08275604248048,203.9632568359375,-136.72984313964844,-126.14509582519533,996.4556884765624,-121.3081512451172,-246.8892517089844,529.9443359375,-198.88442993164065,-165.63917541503906,862.7592163085938
107.24820709228516,-22.62730598449707,132.79153442382812,168.2580108642578,-146.3186798095703,993.3990478515624,134.3457794189453,-89.19497680664062,491.5106506347656,260.7518615722656,-286.3775329589844,886.8203735351562,-119.81805419921876,-124.13426971435548,197.49627685546875,-136.98043823242188,-124.4839859008789,996.4954833984376,-120.23014068603516,-248.30670166015625,531.025146484375,-199.099365234375,-163.4052734375,862.2787475585938
106.94647216796876,-12.854357719421388,132.84217834472656,167.9702606201172,-143.9572296142578,992.4415893554688,133.78872680664062,-82.35578155517578,491.0535278320313,259.39678955078125,-289.267822265625,888.3016357421875,-119.92366027832033,-141.59532165527344,191.27235412597656,-137.2750701904297,-122.8366470336914,996.3504638671876,-119.30219268798828,-249.2382354736328,531.7232666015625,-199.26319885253903,-161.18954467773438,861.6349487304688
106.63077545166016,-3.103281021118164,132.88050842285156,167.62379455566406,-141.74606323242188,991.4000244140624,133.22677612304688,-75.6679916381836,490.5794372558594,257.91961669921875,-291.9115295410156,889.5986938476562,-120.00432586669922,-159.40933227539062,185.3940887451172,-137.60879516601562,-121.21829986572266,996.019287109375,-118.55726623535156,-249.6962890625,532.0303344726562,-199.38668823242188,-158.9963836669922,860.8314208984375
106.3022689819336,6.626531600952148,132.9066619873047,167.2272186279297,-139.6881561279297,990.2741088867188,132.67034912109375,-69.12635803222656,490.0897521972656,256.3279724121094,-294.3020935058594,890.6978149414062,-120.06319427490234,-177.4979248046875,179.9552001953125,-137.97674560546875,-119.64544677734376,995.5032958984376,-118.01742553710938,-249.69906616210935,531.94677734375,-199.4813537597656,-156.83062744140625,859.8731079101562
105.96253204345705,16.335186004638672,132.9225616455078,166.78883361816406,-137.78492736816406,989.0643920898438,132.13145446777344,-62.72453689575195,489.5851745605469,254.63059997558597,-296.4334411621094,891.5861206054688,-120.10220336914062,-195.75900268554688,175.03775024414062,-138.3744659423828,-118.13548278808594,994.8070678710938,-117.69226837158205,-249.2713165283203,531.4824829101562,-199.55923461914065,-154.69754028320312,858.7661743164062
105.6136474609375,26.02157592773437,132.93223571777344,166.3163604736328,-136.03656005859375,987.7723388671876,131.622314453125,-56.45746994018555,489.0653381347656,252.83712768554688,-298.2996826171875,892.2513427734375,-120.12134552001952,-214.0659942626953,170.70913696289062,-138.79806518554688,-116.7062759399414,993.9381103515624,-117.57826232910156,-248.44552612304688,530.6561889648438,-199.6324462890625,-152.60267639160156,857.51806640625
105.25865936279295,35.68269348144531,132.94207763671875,165.81658935546875,-134.4423370361328,986.40087890625,131.15399169921875,-50.323543548583984,488.5287780761719,250.9580841064453,-299.89532470703125,892.6825561523438,-120.11783599853516,-232.26821899414065,167.0191650390625,-139.2444305419922,-115.37574005126952,992.9072875976562,-117.65911865234376,-247.2633514404297,529.495361328125,-199.7130279541016,-150.55177307128906,856.1371459960938
104.90184783935548,45.31320571899414,132.96102905273438,165.29527282714844,-133.0010528564453,984.9545288085938,130.73536682128906,-44.32616424560547,487.9730529785156,249.00482177734372,-301.2149963378906,892.8704223632812,-120.0855484008789,-250.1925811767578,163.99685668945312,-139.71136474609375,-114.16146850585938,991.7286376953124,-117.90723419189452,-245.77720642089844,528.0347290039062,-199.8126373291016,-148.55076599121094,854.6331787109375
104.54882049560548,54.90537643432617,133.00030517578125,164.75698852539062,-131.7113800048828,983.4396362304688,130.3721160888672,-38.47467803955078,487.3952026367188,246.98936462402344,-302.2534484863281,892.8073120117188,-120.01480865478516,-267.6470031738281,161.6475372314453,-140.1976318359375,-113.08047485351562,990.419189453125,-118.28600311279295,-244.05145263671875,526.3150634765625,-199.94235229492188,-146.6056365966797,853.0169677734375
104.20596313476562,64.44940185546875,133.0727996826172,164.20513916015625,-130.5723876953125,981.8644409179688,130.06629943847656,-32.784549713134766,486.7921447753906,244.9244079589844,-303.0055236816406,892.4876708984375,-119.89293670654295,-284.4257202148437,159.9506072998047,-140.70297241210938,-112.14891815185548,988.999267578125,-118.75299835205078,-242.16256713867188,524.3825073242188,-200.112548828125,-144.7224578857422,851.3007202148438
103.87976837158205,73.93389892578125,133.19271850585938,163.64195251464844,-129.5840301513672,980.2394409179688,129.81578063964844,-27.276891708374023,486.1614990234375,242.82313537597656,-303.466064453125,891.9083862304688,-119.70547485351562,-300.31719970703125,158.8585205078125,-141.22799682617188,-111.38195037841795,987.4917602539062,-119.26370239257812,-240.1978454589844,522.2881469726562,-200.332763671875,-142.9073486328125,849.4979248046875
103.57618713378906,83.34638977050781,133.37542724609375,163.06861877441406,-128.74746704101562,978.5769653320312,129.61415100097656,-21.97749710083008,485.5022277832031,240.6991424560547,-303.6300048828125,891.06884765625,-119.43805694580078,-315.11376953125,158.29786682128906,-141.77410888671875,-110.7936553955078,985.9222412109376,-119.77531433105467,-238.2526397705078,520.0878295898438,-200.611572265625,-141.1664581298828,847.6234741210938
103.3000717163086,92.67374420166016,133.6374969482422,162.48529052734375,-128.0653839111328,976.8912963867188,129.45062255859375,-16.91555404663086,484.8152160644531,238.5663909912109,-303.4921569824219,889.9711303710938,-119.07798767089844,-328.6219787597656,158.17327880859375,-142.34327697753906,-110.39697265625,984.3182983398438,-120.2500991821289,-236.42579650878903,517.84130859375,-200.9565887451172,-139.5060577392578,845.6937255859375
103.05449676513672,101.90264129638672,133.99676513671875,161.8912811279297,-127.54206848144533,975.1984252929688,129.31011962890625,-12.122271537780762,484.1038513183594,236.43893432617188,-303.0474548339844,888.6202392578125,-118.61520385742188,-340.6717834472656,158.3738555908203,-142.9378662109375,-110.20349884033205,982.7091674804688,-120.65788269042967,-234.81332397460935,515.610595703125,-201.3743896484375,-137.9325408935547,843.7261962890625
102.84033203125,111.01988983154295,134.47216796875,161.28512573242188,-127.1833724975586,973.515625,129.17347717285156,-7.6296586990356445,483.3740539550781,234.3309783935547,-302.2909545898437,887.0239868164062,-118.04254150390624,-351.1242370605469,158.78126525878906,-143.5604248046875,-110.2231903076172,981.1251831054688,-120.97721862792967,-233.50119018554688,513.4560546875,-201.87045288085935,-136.4524383544922,841.7399291992188
102.65583801269533,120.01266479492188,135.08363342285156,160.6645965576172,-126.99649810791016,971.8609619140624,129.01792907714844,-3.469554901123047,482.6342468261719,232.25657653808597,-301.2179260253906,885.1932373046875,-117.35560607910156,-359.8776550292969,159.27854919433594,-144.21353149414062,-110.4639129638672,979.5972900390624,-121.19530487060548,-232.5578155517578,511.4333190917969,-202.4492645263672,-135.07252502441406,839.7549438476562
102.49684143066406,128.8685302734375,135.851806640625,160.02671813964844,-126.98969268798828,970.2529296875,128.81802368164062,0.3269830048084259,481.8945617675781,230.2295379638672,-299.8240661621094,883.1415405273438,-116.5531005859375,-366.8728332519531,159.7592010498047,-144.8996124267578,-110.9309310913086,978.15625,-121.30702209472656,-232.0277099609375,509.5892333984375,-203.11419677734372,-133.79983520507812,837.792236328125
102.3572235107422,137.57501220703125,136.79776000976562,159.3677215576172,-127.17176818847656,968.7095336914062,128.5469512939453,3.729881048202514,481.166015625,228.2632293701172,-298.1055603027344,880.88525390625,-115.6376495361328,-372.0973510742188,160.1354217529297,-145.62088012695312,-111.6263656616211,976.83203125,-121.31390380859376,-231.9278106689453,507.9598693847656,-203.86752319335935,-132.64169311523438,835.8735961914062
102.22998046875,146.1189727783203,137.94281005859375,158.6830291748047,-127.55147552490234,967.2479248046876,128.17849731445312,6.709799289703369,480.4594421386719,226.3703155517578,-296.0595092773437,878.4434204101562,-114.6168975830078,-375.5877685546875,160.3442840576172,-146.379150390625,-112.54871368408205,975.6531372070312,-121.22347259521484,-232.24734497070312,506.5696105957031,-204.71047973632807,-131.60580444335938,834.02099609375
102.10843658447266,154.4853057861328,139.30809020996094,157.96737670898438,-128.13687133789062,965.884033203125,127.68936157226562,9.237525939941406,479.7844543457031,224.56265258789065,-293.6839904785156,875.8372192382812,-113.50434112548828,-377.4283142089844,160.35064697265625,-147.17587280273438,-113.69242095947266,974.6455688476562,-121.04893493652344,-232.95101928710935,505.43206787109375,-205.6431579589844,-130.70018005371094,832.2565307617188
101.98758697509766,162.65576171875,140.91409301757812,157.21484375,-128.93441772460938,964.6316528320312,127.06201934814452,11.283157348632812,479.1487731933594,222.8509521484375,-290.9783935546875,873.0899047851562,-112.31990051269533,-377.7456665039063,160.14593505859375,-148.01197814941406,-115.04763793945312,973.8324584960938,-120.80889129638672,-233.985107421875,504.5517272949219,-206.6645965576172,-129.93313598632812,830.601806640625
101.86536407470705,170.6073455810547,142.77999877929688,156.4192657470703,-129.94802856445312,963.5028686523438,126.2875518798828,12.815255165100098,478.5574645996094,221.2447052001953,-287.9436950683594,870.2264404296875,-111.09031677246094,-376.6998901367188,159.7432861328125,-148.88783264160156,-116.60023498535156,973.23291015625,-120.52689361572266,-235.2847595214844,503.9264831542969,-207.7727203369141,-129.31329345703125,829.0778198242188
101.74361419677734,178.31097412109375,144.9228515625,155.5746612548828,-131.17788696289062,962.5074462890624,125.36847686767578,13.800164222717283,478.0128173828125,219.75192260742188,-284.58270263671875,867.2732543945312,-109.84932708740234,-374.4728698730469,159.1703643798828,-149.80313110351562,-118.33195495605467,972.8616333007812,-120.23099517822266,-236.7817230224609,503.5498962402344,-208.96432495117188,-128.84938049316406,827.7042236328125
101.62873077392578,185.73004150390625,147.3568572998047,154.67581176757812,-132.61932373046875,961.6531372070312,124.3209228515625,14.201678276062012,477.513916015625,218.3790740966797,-280.9003295898437,864.2576293945312,-108.63703918457033,-371.2545776367188,158.4621124267578,-150.75680541992188,-120.2209243774414,972.7281494140624,-119.95328521728516,-238.41087341308597,503.4121398925781,-210.2351837158203,-128.55026245117188,826.4992065429688
101.53148651123048,192.819580078125,150.09280395507812,153.7187957763672,-134.26197814941406,960.9454956054688,123.17599487304688,13.981237411499023,477.0562744140625,217.1309814453125,-276.90380859375,861.2073974609375,-107.49774932861328,-367.2288513183594,157.65512084960938,-151.74691772460938,-122.2422332763672,972.836669921875,-119.72928619384766,-240.11441040039065,503.5001831054688,-211.57997131347656,-128.42465209960938,825.47900390625
101.46627807617188,199.5258636474609,153.13775634765625,152.70130920410156,-136.08920288085938,960.3875732421876,121.9797821044922,13.098832130432127,476.6316223144531,216.01077270507807,-272.6029663085937,858.150634765625,-106.47611236572266,-362.5607299804688,156.7836456298828,-152.7707061767578,-124.36874389648438,973.1856689453124,-119.59689331054688,-241.84329223632807,503.7959899902344,-212.992431640625,-128.4810791015625,824.6577758789062
101.4499969482422,205.78631591796875,156.4951934814453,151.62306213378906,-138.07786560058594,959.9796142578124,120.79177856445312,11.51474380493164,476.2275085449219,215.0199279785156,-268.0103454589844,855.1152954101562,-105.61217498779295,-357.3874206542969,155.8771209716797,-153.82452392578125,-126.57183837890624,973.7678833007812,-119.5945281982422,-243.5553436279297,504.2744140625,-214.4652862548828,-128.7276153564453,824.0469360351562
101.50138092041016,211.5296630859375,160.1660919189453,150.48590087890625,-140.19857788085938,959.7191772460938,119.68142700195312,9.192167282104492,475.8272705078125,214.15838623046875,-263.1413269042969,852.1285400390625,-104.93636322021484,-351.8138732910156,154.95953369140625,-154.9038848876953,-128.8221893310547,974.5708618164062,-119.7583999633789,-245.2110290527344,504.90142822265625,-215.99044799804688,-129.1717529296875,823.6552734375
101.64034271240234,216.67613220214844,164.15000915527344,149.29388427734375,-142.41632080078125,959.6009521484376,118.7227554321289,6.100521087646484,475.41058349609375,213.4245758056641,-258.0140991210937,849.216796875,-104.46560668945312,-345.9122314453125,154.05014038085938,-156.0034942626953,-131.09034729003906,975.5773315429688,-120.11907196044922,-246.76773071289065,505.633544921875,-217.5590362548828,-129.82017517089844,823.4884033203125
101.8865966796875,221.1384429931641,168.4454345703125,148.05325317382812,-144.69146728515625,959.616943359375,117.9874496459961,2.219045162200928,474.9544982910156,212.81570434570312,-252.64968872070312,846.4049072265625,-104.20174407958984,-339.7250671386719,153.16452026367188,-157.11737060546875,-133.34727478027344,976.7657470703124,-120.6978759765625,-248.1743621826172,506.419677734375,-219.1614990234375,-130.6785888671875,823.5489501953125
102.25740814208984,224.82440185546875,173.04922485351562,146.77236938476562,-146.98118591308594,959.757080078125,117.53732299804688,-2.4599878787994385,474.4352416992188,212.3277740478516,-247.07183837890625,843.7161865234375,-104.13216400146484,-333.2702941894531,152.3154296875,-158.23895263671875,-135.5646209716797,978.1116333007812,-121.50389099121094,-249.36769104003903,507.2054443359375,-220.78762817382807,-131.75152587890625,823.836181640625
102.7652587890625,227.64108276367188,177.95570373535156,145.46156311035156,-149.2409210205078,960.0098266601562,117.41778564453124,-7.929372787475586,473.8314514160156,211.95591735839844,-241.3066864013672,841.1719360351562,-104.23267364501952,-326.54718017578125,151.51333618164062,-159.36134338378906,-137.7148895263672,979.5881958007812,-122.5321044921875,-250.2715759277344,507.9384460449219,-222.4267425537109,-133.0421600341797,824.3462524414062
103.4159164428711,229.50001525878903,183.1551055908203,144.13284301757812,-151.42591857910156,960.3627319335938,117.6532745361328,-14.16662311553955,473.1277465820313,211.69448852539065,-235.3824157714844,838.791259765625,-104.47150421142578,-319.5429077148437,150.76670837402344,-160.4774932861328,-139.77154541015625,981.1677856445312,-123.76324462890624,-250.7992248535156,508.5738220214844,-224.06765747070312,-134.55215454101562,825.0721435546875
104.2074737548828,230.3228302001953,188.63113403320312,142.7993927001953,-153.49301147460938,960.8034057617188,118.24497985839844,-21.13483428955078,472.3182373046875,211.53726196289065,-229.32896423339844,836.591064453125,-104.81377410888672,-312.2390441894531,150.08201599121094,-161.5804901123047,-141.70904541015625,982.8226318359376,-125.1651382446289,-250.8582763671875,509.0786743164063,-225.69883728027344,-136.2815399169922,826.0039672851562
105.12979888916016,230.04714965820312,194.3573760986328,141.47500610351562,-155.40237426757812,961.3200073242188,119.1715316772461,-28.7844295501709,471.4093627929688,211.47760009765625,-223.1774139404297,834.5856323242188,-105.22516632080078,-304.6176147460937,149.46371459960938,-162.66387939453125,-143.5028533935547,984.5260620117188,-126.69540405273438,-250.3577880859375,509.4346923828125,-227.3084716796875,-138.2286376953125,827.1294555664062
106.16453552246094,228.6320343017578,200.29367065429688,140.1732940673828,-157.11936950683594,961.9022827148438,120.392333984375,-37.05558395385742,470.4216613769531,211.5086975097656,-216.95953369140625,832.787109375,-105.67444610595705,-296.6663513183594,148.91415405273438,-163.72195434570312,-145.12953186035156,986.2529296875,-128.30490112304688,-249.215576171875,509.6386413574219,-228.8845367431641,-140.38995361328125,828.4340209960938
107.28578186035156,226.06265258789065,206.3845367431641,138.90695190429688,-158.6160430908203,962.5416870117188,121.8525848388672,-45.88094711303711,469.3900146484375,211.6236572265625,-210.7072296142578,831.2048950195312,-106.13489532470705,-288.38250732421875,148.43344116210938,-164.75006103515625,-146.56695556640625,987.9806518554688,-129.94186401367188,-247.36558532714844,509.7010192871094,-230.4149475097656,-142.7602996826172,829.9015502929688
108.4616928100586,222.3531036376953,212.5599365234375,137.68710327148438,-159.8721923828125,963.2321166992188,123.48892974853516,-55.18824005126953,468.3627014160156,211.81561279296875,-204.45193481445312,829.8462524414062,-106.58489227294922,-279.7751159667969,148.01947021484375,-165.74481201171875,-147.79452514648438,989.6890258789062,-131.55625915527344,-244.76409912109372,509.6429748535156,-231.88766479492188,-145.33277893066406,831.5147705078125
109.65703582763672,217.54708862304688,218.73822021484372,136.52259826660156,-160.87571716308594,963.9700927734376,125.2347640991211,-64.90254974365234,467.3988952636719,212.07781982421875,-198.22413635253903,828.7158203125,-107.00813293457033,-270.8656921386719,147.66796875,-166.7042694091797,-148.79351806640625,991.3609008789062,-133.10391235351562,-241.3948974609375,509.4920654296875,-233.29086303710935,-148.09889221191406,833.2557373046875
110.836181640625,211.7154083251953,224.83004760742188,135.4197235107422,-161.62249755859375,964.7550659179688,127.02466583251952,-74.94823455810547,466.5653076171875,212.40365600585935,-192.0528259277344,827.8157958984375,-107.3936004638672,-261.6866760253906,147.3728790283203,-167.62799072265625,-149.5474853515625,992.9817504882812,-134.54995727539062,-237.2722930908203,509.2777099609375,-234.61309814453125,-151.04872131347656,835.1063842773438
111.96598052978516,204.95001220703125,230.74261474609372,134.38204956054688,-162.11581420898438,965.5889892578124,128.7979736328125,-85.25057220458984,465.931884765625,212.7865753173828,-185.96517944335935,827.1461791992188,-107.7352523803711,-252.2782440185547,147.12696838378906,-168.51698303222656,-150.04263305664062,994.539794921875,-135.87106323242188,-232.44151306152344,509.0271301269531,-235.8433837890625,-154.171142578125,837.0491943359375
113.01778411865234,197.35491943359372,236.38287353515625,133.41055297851562,-162.3653564453125,966.4761352539062,130.50132751464844,-95.7369384765625,465.5671081542969,213.22010803222656,-179.986083984375,826.704345703125,-108.031494140625,-242.68453979492188,146.9226531982422,-169.37347412109375,-150.26828002929688,996.0255126953124,-137.05613708496094,-226.9759063720703,508.7623901367188,-236.9714508056641,-157.45388793945312,839.0672607421875
113.96863555908205,189.03585815429688,241.6593170166016,132.50393676757812,-162.3859405517578,967.4220581054688,132.09043884277344,-106.33756256103516,465.5330810546875,213.69769287109372,-174.1379852294922,826.4854736328125,-108.2843246459961,-232.9499664306641,146.7527618408203,-170.20062255859375,-150.21730041503906,997.431396484375,-138.10537719726562,-220.9708251953125,508.4989318847656,-237.98779296875,-160.8839111328125,841.14501953125
114.80160522460938,180.09121704101562,246.4827423095703,131.6591033935547,-162.19615173339844,968.4326782226562,133.53074645996094,-116.98566436767578,465.8810119628906,214.2126617431641,-168.440673828125,826.4822387695312,-108.4983901977539,-223.11618041992188,146.6111297607422,-171.00201416015625,-149.88644409179688,998.751708984375,-139.0279083251953,-214.53501892089844,508.24554443359375,-238.88380432128903,-164.44744873046875,843.2682495117188
115.5057373046875,170.606201171875,250.7671661376953,130.87176513671875,-161.81678771972656,969.5133056640624,134.79718017578125,-127.6170883178711,466.6474914550781,214.7581024169922,-162.9112091064453,826.6849975585938,-108.67981719970705,-213.22000122070312,146.49295043945312,-171.78118896484375,-149.27682495117188,999.9820556640624,-139.8385467529297,-207.7807464599609,508.005615234375,-239.65182495117188,-168.1303253173828,845.4243774414062
116.07573699951172,160.64956665039062,254.43148803710935,130.1370849609375,-161.26947021484375,970.6676025390624,135.8731689453125,-138.16976928710938,467.85198974609375,215.3267517089844,-157.56390380859375,827.081787109375,-108.8350830078125,-203.2918701171875,146.39479064941406,-172.54100036621094,-148.3941192626953,1001.1190185546876,-140.5543670654297,-200.81407165527344,507.7788391113281,-240.2852783203125,-171.9180908203125,847.6025390625
116.51174926757812,150.27264404296875,257.401611328125,129.45022583007812,-160.57546997070312,971.8964233398438,136.74891662597656,-148.58351135253906,469.4960632324219,215.9110870361328,-152.41038513183594,827.6585083007812,-108.9702377319336,-193.35487365722656,146.31439208984375,-173.2831573486328,-147.248779296875,1002.16015625,-141.19149780273438,-193.726806640625,507.5633850097656,-240.778564453125,-175.79615783691406,849.7935791015625
116.8196258544922,139.51002502441406,259.613037109375,128.8068389892578,-159.75485229492188,973.1973876953124,137.4195098876953,-158.79998779296875,471.5638122558594,216.5032196044922,-147.45973205566406,828.3988037109375,-109.09040069580078,-183.42481994628903,146.2503204345703,-174.00784301757812,-145.85604858398438,1003.1035766601562,-141.76304626464844,-186.59075927734372,507.35784912109375,-241.12716674804688,-179.74998474121094,851.9898681640625
117.0111312866211,128.38177490234375,261.0133361816406,128.20361328125,-158.82582092285156,974.5643310546876,137.8830108642578,-168.76287841796875,474.0237426757813,217.094970703125,-142.71856689453125,829.2844848632812,-109.19957733154295,-173.51112365722656,146.20155334472656,-174.71347045898438,-144.2357940673828,1003.9481201171876,-142.27809143066406,-179.45455932617188,507.1623229980469,-241.32760620117188,-183.76519775390625,854.1849365234375
117.10326385498048,116.89672088623048,261.5635986328125,127.63851928710938,-157.80442810058594,975.9872436523438,138.13885498046875,-178.41827392578125,476.8314208984375,217.677978515625,-138.19125366210938,830.29541015625,-109.30072784423828,-163.61795043945312,146.1671905517578,-175.39674377441406,-142.4120330810547,1004.6929321289062,-142.7421417236328,-172.3433380126953,506.9790344238281,-241.3773193359375,-187.8276214599609,856.3734741210938
117.11651611328124,105.05583953857422,261.2391967773437,127.11089324951172,-156.70428466796875,977.4522705078124,138.18682861328125,-187.7151336669922,479.93267822265625,218.24383544921875,-133.88006591796875,831.4100341796875,-109.39614868164062,-153.74557495117188,146.14622497558594,-176.05270385742188,-140.4121551513672,1005.3377075195312,-143.1585693359375,-165.26083374023438,506.8118286132813,-241.2747039794922,-191.9233245849609,858.5509033203125
117.0729751586914,92.85474395751952,260.02984619140625,126.62144470214844,-155.5365753173828,978.9423217773438,138.02659606933594,-196.60580444335935,483.2669982910156,218.7841644287109,-129.7854461669922,832.6054077148438,-109.48773193359376,-143.89151000976562,146.13739013671875,-176.67495727539062,-138.26611328125,1005.8825073242188,-143.53038024902344,-158.19381713867188,506.6650085449219,-241.01893615722656,-196.0387725830078,860.712890625
116.9947738647461,80.28480529785156,257.93927001953125,126.1719970703125,-154.3101043701172,980.4371948242188,137.65792846679688,-205.04638671875,486.7708435058594,219.29087829589844,-125.90614318847656,833.857666015625,-109.5771026611328,-134.05148315429688,146.13922119140625,-177.25616455078125,-136.0052947998047,1006.3278198242188,-143.86141967773438,-151.118408203125,506.5420837402344,-240.6099395751953,-200.16067504882807,862.8551025390625
116.9028778076172,67.33358764648438,254.9853515625,125.76527404785156,-153.0318145751953,981.9149169921876,137.08139038085938,-212.9969787597656,490.3798522949219,219.7562561035156,-122.23944854736328,835.1423950195312,-109.66549682617188,-124.22051239013672,146.15020751953125,-177.78839111328125,-133.66151428222656,1006.674560546875,-144.15667724609375,-144.00706481933594,506.4446411132813,-240.04830932617188,-204.27615356445312,864.972900390625
116.81623077392578,53.984901428222656,251.1999969482422,125.40453338623048,-151.70721435546875,983.3521728515624,136.29931640625,-220.4220428466797,494.0308532714844,220.1732177734375,-118.78140258789062,836.4349975585938,-109.75360870361328,-114.39366912841795,146.16900634765625,-178.2635955810547,-131.26577758789062,1006.9236450195312,-144.421630859375,-136.83493041992188,506.3718872070313,-239.3352203369141,-208.37266540527344,867.0609741210938
116.75143432617188,40.21880722045898,246.6297149658203,125.09320831298828,-150.341064453125,984.725341796875,135.31695556640625,-227.2903594970703,497.6626281738281,220.53538513183597,-115.5269775390625,837.7109985351562,-109.84152221679688,-104.56696319580078,146.19451904296875,-178.67417907714844,-128.8473663330078,1007.0765380859376,-144.66111755371094,-129.58462524414062,506.3209228515625,-238.47238159179688,-212.43801879882807,869.1129760742188
116.72283172607422,26.01202774047852,241.33631896972656,124.83451080322266,-148.9379119873047,986.0109252929688,134.14373779296875,-233.5748291015625,501.2166137695313,220.8373260498047,-112.47023010253906,838.9464111328125,-109.92861938476562,-94.73779296875,146.2259063720703,-179.01339721679688,-126.43297576904295,1007.1345825195312,-144.87840270996094,-122.24911499023438,506.2873840332031,-237.4620513916016,-216.46046447753903,871.121826171875
116.74266052246094,11.339069366455078,235.3973388671875,124.63109588623048,-147.5026397705078,987.1864013671876,132.7943115234375,-239.2525177001953,504.6369323730469,221.07456970214844,-109.60440063476562,840.1185302734375,-110.0137176513672,-84.90507507324219,146.26258850097656,-179.2757568359375,-124.04625701904295,1007.0990600585938,-145.07485961914062,-114.83280181884766,506.2661743164063,-236.30697631835935,-220.42855834960935,873.0789794921875
116.82091522216795,-3.826008081436157,228.90560913085935,124.48475646972656,-146.04095458984375,988.2303466796876,131.28941345214844,-244.30499267578125,507.8707885742188,221.2437896728516,-106.9220199584961,841.2056274414062,-110.09525299072266,-75.06909942626953,146.30410766601562,-179.45741271972656,-121.70759582519533,1006.9710693359376,-145.25021362304688,-107.35098266601562,506.251953125,-235.01052856445312,-224.33123779296875,874.9749145507812
116.96492767333984,-19.507064819335938,221.9679718017578,124.39620208740234,-144.55963134765625,989.1231079101562,129.65614318847656,-248.7187957763672,510.8686218261719,221.34278869628903,-104.41500854492188,842.1878051757812,-110.1716079711914,-65.23135375976562,146.34999084472656,-179.55641174316406,-119.43400573730467,1006.7515869140624,-145.4031524658203,-99.82810974121094,506.2394104003906,-233.57676696777344,-228.15771484375,876.7989501953125
117.17903137207033,-35.72269058227539,214.7032470703125,124.36493682861328,-143.0667724609375,989.8468017578124,127.92774963378906,-252.486083984375,513.5848388671875,221.3705902099609,-102.0747528076172,843.0469360351562,-110.24150848388672,-55.39424896240234,146.3998260498047,-179.57278442382812,-117.23909759521484,1006.4410400390624,-145.5323028564453,-92.29510498046876,506.22357177734375,-232.01048278808597,-231.8974456787109,878.5394897460938
117.4642333984375,-52.48253631591797,207.2397003173828,124.38924407958984,-141.57179260253906,990.3860473632812,126.14257049560548,-255.60540771484372,515.9785766601562,221.32749938964844,-99.89227294921876,843.7669067382812,-110.30423736572266,-45.56086730957031,146.45309448242188,-179.5086669921875,-115.1331024169922,1006.03955078125,-145.63710021972656,-84.78622436523438,506.1998901367188,-230.31735229492188,-235.5401611328125,880.1839599609375
117.81827545166016,-69.78372955322266,199.7119903564453,124.46623229980467,-140.08535766601562,990.7279663085938,124.34259796142578,-258.0824890136719,518.0145874023438,221.21502685546875,-97.85833740234376,844.3338012695312,-110.35972595214844,-35.734649658203125,146.5092010498047,-179.3680419921875,-113.12296295166016,1005.546875,-145.7183837890625,-77.33573913574219,506.1643371582031,-228.5039520263672,-239.07591247558597,881.71923828125
118.23616027832033,-87.60791778564453,192.25753784179688,124.59202575683594,-138.61915588378906,990.8626098632812,122.57135772705078,-259.9310302734375,519.6643676757812,221.0360565185547,-95.96361541748048,844.7359619140625,-110.40833282470705,-25.919042587280277,146.56765747070312,-179.15660095214844,-111.21265411376952,1004.9625854492188,-145.7786102294922,-69.97494506835938,506.113525390625,-226.57786560058597,-242.4951171875,883.1321411132812
118.71088409423828,-105.91898345947266,185.0123443603516,124.76192474365234,-137.1857452392578,990.7830810546876,120.87164306640624,-261.1737365722656,520.9072875976562,220.7947235107422,-94.1987762451172,844.964111328125,-110.45051574707033,-16.117136001586914,146.62808227539062,-178.8813934326172,-109.4036865234375,1004.2862548828124,-145.82168579101562,-62.7300910949707,506.0445556640625,-224.5476226806641,-245.7886505126953,884.4092407226562
119.2336654663086,-124.6606903076172,178.1066131591797,124.97068786621094,-135.7982635498047,990.4859619140624,119.28305053710938,-261.8428955078125,521.7317504882812,220.49647521972656,-92.55465698242188,845.0113525390625,-110.4864501953125,-6.331460475921631,146.6904754638672,-178.550537109375,-107.6957778930664,1003.5175170898438,-145.85238647460938,-55.62142181396485,505.9548034667969,-222.4227600097656,-248.94786071777344,885.5375366210938
119.79373931884766,-143.75418090820312,171.66053771972656,125.21279907226562,-134.47027587890625,989.9712524414062,117.83965301513672,-261.9811096191406,522.1358642578125,220.1479949951172,-91.02235412597656,844.8731689453125,-110.51570129394533,3.4360005855560303,146.75531005859375,-178.17279052734375,-106.08755493164062,1002.656494140625,-145.8756866455078,-48.66337966918945,505.8416137695313,-220.2137756347656,-251.96453857421875,886.5048828125
120.37799072265624,-163.095947265625,165.78033447265625,125.4827651977539,-133.2154998779297,989.2426147460938,116.56794738769533,-261.6413269042969,522.1282958984375,219.7572326660156,-89.59335327148438,844.5475463867188,-110.53709411621094,13.183457374572754,146.8236083984375,-177.7572479248047,-104.57717895507812,1001.7037963867188,-145.89598083496094,-41.86550521850586,505.7017822265625,-217.93202209472656,-254.83099365234372,887.2998657226562
120.9707260131836,-182.5570068359375,160.55418395996094,125.7755126953125,-132.0476837158203,988.3074340820312,115.4851531982422,-260.8863830566406,521.7279663085938,219.33328247070312,-88.25961303710938,844.0347900390625,-110.54866027832033,22.90865135192871,146.8970184326172,-177.31298828125,-103.1627960205078,1000.66064453125,-145.91653442382812,-35.23393249511719,505.5314331054688,-215.5896759033203,-257.5399169921875,887.9127197265625
121.5537338256836,-201.98318481445312,156.04800415039062,126.08663940429688,-130.9804229736328,987.1768798828124,114.59812927246094,-259.7880554199219,520.963623046875,218.8863220214844,-87.01364135742188,843.337646484375,-110.54788970947266,32.60801696777344,146.97792053222656,-176.84877014160156,-101.8427963256836,999.5294799804688,-145.93885803222656,-28.773216247558597,505.3260192871094,-213.19964599609372,-260.0844421386719,888.335205078125
122.10657501220705,-221.1968536376953,152.30148315429688,126.41268157958984,-130.02711486816406,985.86572265625,113.90306091308594,-258.42498779296875,519.872802734375,218.427490234375,-85.84860229492188,842.4612426757812,-110.53221130371094,42.27589797973633,147.069580078125,-176.37274169921875,-100.61598205566406,998.3137817382812,-145.96221923828125,-22.48824691772461,505.0806884765625,-210.77542114257807,-262.4580078125,888.5612182617188
122.60720825195312,-240.00059509277344,149.32467651367188,126.7513198852539,-129.2008514404297,984.3924560546876,113.38603973388672,-256.8805236816406,518.5,217.96876525878903,-84.75836944580078,841.4130859375,-110.49979400634766,51.90394592285156,147.17652893066406,-175.8922119140625,-99.4817886352539,997.0186767578124,-145.9833221435547,-16.385976791381836,504.7908020019531,-208.33102416992188,-264.6542663574219,888.5868530273438
123.0328369140625,-258.1824951171875,147.09616088867188,127.10134887695312,-128.51431274414062,982.7789916992188,113.0244369506836,-255.2396545410156,516.894775390625,217.52276611328125,-83.73766326904297,840.2030029296875,-110.45026397705078,61.480953216552734,147.30508422851562,-175.41331481933594,-98.44070434570312,995.6507568359376,-145.99609375,-10.47689151763916,504.452880859375,-205.8808135986328,-266.6671447753906,888.41064453125
123.36122131347656,-275.5230407714844,145.5632781982422,127.46273803710938,-127.97976684570312,981.0505981445312,112.78911590576172,-253.5856170654297,515.1094970703125,217.10260009765625,-82.78209686279297,838.843017578125,-110.38479614257812,70.99349975585938,147.4640350341797,-174.94064331054688,-97.49475860595705,994.2183837890624,-145.99169921875,-4.7761077880859375,504.0651550292969,-203.43931579589844,-268.4906005859375,888.0338134765625
123.57209777832033,-291.8035888671875,144.64476013183594,127.83641815185548,-127.60887145996094,979.2354736328124,112.6470184326172,-251.9966278076172,513.197021484375,216.7215881347656,-81.8883056640625,837.347412109375,-110.30593872070312,80.42694854736328,147.6649932861328,-174.47689819335938,-96.64805603027344,992.7314453125,-145.95864868164062,0.6960185766220093,503.628173828125,-201.02117919921875,-270.1187438964844,887.4603271484375
123.64883422851562,-306.8155517578125,144.23599243164062,128.2241973876953,-127.41260528564452,977.3645629882812,112.56404876708984,-250.5426788330078,511.20892333984375,216.3930206298828,-81.05399322509766,835.7324829101562,-110.21733856201172,89.76622009277344,147.9223175048828,-174.02249145507812,-95.9072265625,991.201416015625,-145.88304138183594,5.913832664489746,503.1451110839844,-198.640869140625,-271.54571533203125,886.69677734375
123.58020782470705,-320.3695068359375,144.2166290283203,128.62850952148438,-127.40110778808594,975.4708251953124,112.50778198242188,-249.2830352783203,509.19427490234375,216.1299591064453,-80.27804565429688,834.0164794921875,-110.12345123291016,98.99622344970705,148.25277709960938,-173.57542419433594,-95.2817611694336,989.640869140625,-145.7490997314453,10.846885681152344,502.6217956542969,-196.3126373291016,-272.76568603515625,885.7525024414062
123.36211395263672,-332.3038024902344,144.45953369140625,129.0522918701172,-127.58338165283205,973.588623046875,112.45003509521484,-248.2644195556641,507.1988830566406,215.94497680664065,-79.56058502197266,832.2193603515625,-110.02906799316406,108.1020965576172,148.67486572265625,-173.1312713623047,-94.7839584350586,988.0634155273438,-145.53961181640625,15.46091651916504,502.0662841796875,-194.0502166748047,-273.7729187011719,884.6394653320312
122.9986343383789,-342.4921264648437,144.84059143066406,129.49871826171875,-127.96700286865234,971.7532958984376,112.36884307861328,-247.51998901367188,505.26507568359375,215.84991455078125,-78.90303039550781,830.3626098632812,-109.9388198852539,117.06926727294922,149.20819091796875,-172.68362426757812,-94.4286117553711,986.4833374023438,-145.2366943359375,19.719148635864254,501.4884338378906,-191.86676025390625,-274.5618591308594,883.3718872070312
122.5022201538086,-350.84912109375,145.24774169921875,129.97113037109375,-128.55763244628906,970.0001220703124,112.25000762939452,-247.0691680908203,503.431640625,215.8556365966797,-78.30816650390625,828.4688110351562,-109.85690307617188,125.8834457397461,149.87266540527344,-172.2246856689453,-94.23216247558594,984.9151000976562,-144.82249450683594,23.58364486694336,500.8993835449219,-189.7745361328125,-275.1270751953125,881.9662475585938
121.892822265625,-357.3349609375,145.58802795410156,130.4728240966797,-129.35858154296875,968.3638305664062,112.087890625,-246.91815185546875,501.7335205078125,215.9718475341797,-77.7802505493164,826.5615234375,-109.78679656982422,134.5304412841797,150.68789672851562,-171.74609375,-94.21175384521484,983.3733520507812,-144.2802276611328,27.01650619506836,500.3108825683594,-187.78485107421875,-275.46356201171875,880.4406127929688
121.19691467285156,-361.95794677734375,145.7928009033203,131.00697326660156,-130.37026977539062,966.877685546875,111.8857192993164,-247.0613555908203,500.2016296386719,216.2069091796875,-77.32503509521484,824.66455078125,-109.73128509521484,142.9958038330078,151.67262268066406,-171.23951721191406,-94.38422393798828,981.8720092773438,-143.59518432617188,29.980775833129883,499.7347106933594,-185.9078826904297,-275.5666809082031,878.814697265625
120.44635772705078,-364.7752380371094,145.82012939453125,131.5765380859375,-131.58973693847656,965.57275390625,111.65535736083984,-247.4835662841797,498.86273193359375,216.567626953125,-76.94981384277344,822.8018798828125,-109.69256591796876,151.26402282714844,152.84432983398438,-170.69711303710938,-94.76509857177734,980.42431640625,-142.75599670410156,32.44097137451172,499.1819763183594,-184.15249633789065,-275.43243408203125,877.1090698242188
119.6768569946289,-365.8909606933594,145.654052734375,132.18411254882812,-133.01023864746094,964.4772338867188,111.41661071777344,-248.16253662109372,497.7393798828125,217.05918884277344,-76.663330078125,820.9970092773438,-109.67253875732422,159.3174285888672,154.21893310546875,-170.11184692382812,-95.36752319335938,979.0421752929688,-141.75604248046875,34.36319351196289,498.6625061035156,-182.52621459960935,-275.0575866699219,875.3450927734375
118.92589569091795,-365.4503479003906,145.30039978027344,132.83184814453125,-134.62109375,963.6156005859376,111.19607543945312,-249.0716857910156,496.8497924804688,217.68505859375,-76.47571563720703,819.2726440429688,-109.6732406616211,167.1346893310547,155.81077575683594,-169.47789001464844,-96.20114135742188,977.7359619140624,-140.59483337402344,35.714786529541016,498.1839294433594,-181.0350799560547,-274.4397277832031,873.5442504882812
118.2302703857422,-363.63079833984375,144.7803192138672,133.52125549316406,-136.40756225585938,963.0078125,111.02577209472656,-250.1822509765625,496.2075805664063,218.4469757080078,-76.39833068847656,817.6503295898438,-109.69715881347656,174.6892547607422,157.6327667236328,-168.79071044921875,-97.27091979980467,976.5140991210938,-139.27940368652344,36.46389389038086,497.7508239746094,-179.68365478515625,-273.57763671875,871.7277221679688
117.62349700927734,-360.6297302246094,144.12322998046875,134.2530975341797,-138.3512420654297,962.6686401367188,110.9413070678711,-251.4644927978516,495.8210754394531,219.34487915039065,-76.44357299804688,816.1500854492188,-109.74750518798828,181.9475250244141,159.696533203125,-168.04745483398438,-98.57596588134766,975.3834228515624,-137.82553100585938,36.57911682128906,497.3638305664063,-178.4749298095703,-272.4711608886719,869.9163208007812
117.13319396972656,-356.6496276855469,143.3615264892578,135.02716064453125,-140.4304962158203,962.6068725585938,110.97965240478516,-252.8876800537109,495.6920166015625,220.37701416015625,-76.62460327148438,814.7898559570312,-109.82823181152344,188.8673248291016,162.0126953125,-167.24703979492188,-100.10853576660156,974.3485107421876,-136.2584686279297,36.02964401245117,497.0184020996094,-177.41043090820312,-271.1215515136719,868.1295776367188
116.77859497070312,-351.8827209472656,142.5272674560547,135.84219360351562,-142.6211395263672,962.8248901367188,111.1761474609375,-254.41897583007807,495.8140869140625,221.53988647460935,-76.95511627197266,813.5855712890625,-109.94381713867188,195.39630126953125,164.5908660888672,-166.39031982421875,-101.85319519042967,973.412353515625,-134.61338806152344,34.785926818847656,496.7041015625,-176.49017333984375,-269.531494140625,866.3858642578125
116.56855010986328,-346.4977722167969,141.6505584716797,136.69583129882812,-144.89706420898438,963.318603515625,111.56082153320312,-256.02130126953125,496.1711120605469,222.8284454345703,-77.44903564453125,812.5504150390625,-110.09867095947266,201.47122192382807,167.4399871826172,-165.48004150390625,-103.78639221191406,972.576171875,-132.9348907470703,32.82102966308594,496.4035034179688,-175.7128448486328,-267.7052001953125,864.7018432617188
116.50038146972656,-340.6309814453125,140.75904846191406,137.5846710205078,-147.23085021972656,964.0769653320312,112.15470886230467,-257.65045166015625,496.7357482910156,224.23614501953125,-78.1202621459961,811.6952514648438,-110.2962646484375,207.0178375244141,170.5686492919922,-164.5208740234375,-105.87646484375,971.839599609375,-131.2756805419922,30.1125431060791,496.0921936035156,-175.07582092285156,-265.64849853515625,863.0924072265625
116.56002807617188,-334.3823547363281,139.87841796875,138.50439453125,-149.59429931640625,965.0827026367188,112.96658325195312,-259.2518310546875,497.4690856933594,225.7550506591797,-78.9824447631836,811.0279541015625,-110.53804779052734,211.9518585205078,173.98545837402344,-163.5192413330078,-108.08412170410156,971.201171875,-129.69375610351562,26.644939422607425,495.7389831542969,-174.57534790039062,-263.36883544921875,861.5701293945312
116.72372436523438,-327.8168334960937,139.0316925048828,139.44984436035156,-151.9588623046875,966.3128051757812,113.99071502685548,-260.7581787109375,498.3218688964844,227.37600708007807,-80.04873657226562,810.5537109375,-110.82235717773438,216.18052673339844,177.69883728027344,-162.4832305908203,-110.36359405517578,970.658447265625,-128.2482452392578,22.41202163696289,495.3078918457031,-174.20675659179688,-260.875244140625,860.1456298828125
116.96086883544922,-320.96893310546875,138.2384490966797,140.41531372070312,-154.29603576660156,967.7394409179688,115.20604705810548,-262.0889587402344,499.2375183105469,229.0886993408203,-81.33162689208984,810.2750854492188,-111.14350128173828,219.60569763183597,181.7163543701172,-161.42221069335938,-112.664306640625,970.2085571289062,-126.99397277832033,17.418994903564453,494.7611389160156,-173.964599609375,-258.1783142089844,858.8272705078125
117.23744201660156,-313.8493957519531,137.5139923095703,141.3946533203125,-156.5776824951172,969.3311767578124,116.57705688476562,-263.1520080566406,500.1567077636719,230.8818359375,-82.84266662597656,810.1920166015625,-111.49105834960938,222.12826538085935,186.0431060791016,-160.34637451171875,-114.93309783935548,969.8484497070312,-125.97541046142578,11.683717727661133,494.0641784667969,-173.84288024902344,-255.29000854492188,857.62109375
117.51953887939452,-306.4532775878906,136.86880493164062,142.38153076171875,-158.77615356445312,971.054443359375,118.0564422607422,-263.8478088378906,501.0226135253906,232.7432098388672,-84.59231567382812,810.3021850585938,-111.84976196289062,223.653564453125,190.6793212890625,-159.26614379882812,-117.11675262451172,969.5752563476562,-125.2210922241211,5.236939907073975,493.1912841796875,-173.83526611328125,-252.2235565185547,856.53125
117.7768325805664,-298.7682189941406,136.3084259033203,143.36976623535156,-160.86451721191406,972.8750610351562,119.58972930908205,-264.0750427246094,501.78564453125,234.65985107421875,-86.58975982666016,810.6011962890625,-112.20000457763672,224.09754943847656,195.6174468994141,-158.1913299560547,-119.16458129882812,969.3865966796876,-124.73999786376952,-1.8786379098892207,492.1314697265625,-173.935302734375,-248.9931640625,855.559814453125
117.98529815673828,-290.7821655273437,135.83343505859375,144.35354614257812,-162.8166046142578,974.759521484375,121.12120056152344,-263.7378234863281,502.4073486328125,236.6181182861328,-88.84270477294922,811.0829467773438,-112.51902770996094,223.3933563232422,200.8393096923828,-157.1307373046875,-121.03069305419922,969.2808837890624,-124.52066040039062,-9.610421180725098,490.8927917480469,-174.1365203857422,-245.61383056640625,854.7073974609375
118.12889099121094,-282.48944091796875,135.43992614746094,145.3278045654297,-164.6072540283203,976.6766357421876,122.60032653808594,-262.7528991699219,502.8624877929688,238.60382080078125,-91.3572769165039,811.740234375,-112.78240966796876,221.49757385253903,206.31399536132807,-156.09190368652344,-122.6759796142578,969.257568359375,-124.5333480834961,-17.898775100708008,489.50531005859375,-174.4326171875,-242.10108947753903,853.9730834960938
118.2001724243164,-273.89459228515625,135.1202850341797,146.28842163085938,-166.21261596679688,978.59814453125,123.98766326904295,-261.0567321777344,503.1396789550781,240.6023406982422,-94.13780975341795,812.5648193359375,-112.96578216552734,218.3954162597656,211.9969940185547,-155.08102416992188,-124.06963348388672,969.3173828125,-124.7346649169922,-26.6801872253418,488.0211486816406,-174.8175048828125,-238.4707794189453,853.3547973632812
118.1998062133789,-265.0141906738281,134.8641357421875,147.23245239257812,-167.61061096191406,980.4994506835938,125.2592315673828,-258.6115417480469,503.24029541015625,242.5987701416016,-97.1867446899414,813.5477905273438,-113.04666900634766,214.1040802001953,217.8311462402344,-154.10299682617188,-125.19014739990234,969.4622802734376,-125.07357025146484,-35.89015197753906,486.5120849609375,-175.28526306152344,-234.73880004882807,852.8494873046875
118.13525390625,-255.8763885498047,134.65939331054688,148.15817260742188,-168.78164672851562,982.3599243164062,126.40869903564452,-255.40896606445312,503.1766662597656,244.5780792236328,-100.50450897216795,814.6802368164062,-113.00638580322266,208.67384338378903,223.7488555908203,-153.16139221191406,-126.02571105957033,969.6956176757812,-125.49787139892578,-45.46537399291992,485.0646667480469,-175.83009338378906,-230.92092895507807,852.4534301757812
118.01895141601562,-246.5178680419922,134.49354553222656,149.0650177001953,-169.70928955078125,984.1622924804688,127.44698333740234,-251.47125244140625,502.9691467285156,246.52523803710935,-104.08935546875,815.9530639648438,-112.83206939697266,202.18572998046875,229.67466735839844,-152.2584991455078,-126.57400512695312,970.0219116210938,-125.96005249023438,-55.34507369995117,483.773193359375,-176.4462127685547,-227.03253173828125,852.1621704101562
117.86628723144533,-236.9804229736328,134.35470581054688,149.95339965820312,-170.3810577392578,985.8927001953124,128.39920043945312,-246.8492889404297,502.6434020996094,248.4254302978516,-107.93737030029295,817.3576049804688,-112.51837921142578,194.74557495117188,235.5272216796875,-151.395263671875,-126.84168243408205,970.4462890625,-126.42194366455078,-65.47132873535156,482.7318420410156,-177.12770080566406,-223.0884704589844,851.9705200195312
117.69344329833984,-227.3070068359375,134.23251342773438,150.82455444335938,-170.7890167236328,987.5397338867188,129.29908752441406,-241.6176300048828,502.2272033691406,250.26419067382807,-112.04236602783205,818.8853759765625,-112.06842041015624,186.4747314453125,241.21958923339844,-150.57139587402344,-126.8433609008789,970.9742431640624,-126.85758972167967,-75.78839111328125,482.02679443359375,-177.86830139160156,-219.1028289794922,851.872802734375
117.5154800415039,-217.5386657714844,134.11888122558594,151.6802215576172,-170.93019104003906,989.0938720703124,130.1817169189453,-235.86740112304688,501.7479553222656,252.0276031494141,-116.3959503173828,820.5286865234375,-111.49363708496094,177.49851989746094,246.6578063964844,-149.78549194335938,-126.60025787353516,971.61083984375,-127.25428771972656,-86.24116516113281,481.7297058105469,-178.6612091064453,-215.08888244628903,851.8626708984375
117.3448257446289,-207.71206665039065,134.0084228515625,152.52236938476562,-170.80662536621094,990.547119140625,131.07569885253906,-229.69775390625,501.2305603027344,253.7024383544922,-120.98760986328124,822.2799682617188,-110.81270599365234,167.9346923828125,251.7390289306641,-149.03526306152344,-126.13851928710938,972.3599853515624,-127.61148071289062,-96.7727508544922,481.89251708984375,-179.4989471435547,-211.0588836669922,851.9330444335938
117.19009399414062,-197.85777282714844,133.89854431152344,153.35284423828125,-170.42518615722656,991.8923950195312,131.99624633789062,-223.2076873779297,500.6956787109375,255.2762756347656,-125.80484771728516,824.132568359375,-110.0496063232422,157.88385009765625,256.3512268066406,-148.31784057617188,-125.48737335205078,973.2236938476562,-127.93800354003906,-107.32168579101562,482.5446472167969,-180.37326049804688,-207.02403259277344,852.0761108398438
117.05554962158205,-187.9994201660156,133.78927612304688,154.1730194091797,-169.7969970703125,993.1234741210938,132.9408721923828,-216.48883056640625,500.1589050292969,256.7377014160156,-130.8333740234375,826.080078125,-109.23157501220705,147.42333984375,260.3760681152344,-147.6302032470703,-124.67736053466795,974.201171875,-128.24862670898438,-117.82006072998048,483.6918640136719,-181.27496337890625,-202.9944610595703,852.2833862304688
116.94113159179688,-178.15347290039062,133.6826934814453,154.9834747314453,-168.9368438720703,994.2350463867188,133.88858032226562,-209.6200714111328,499.6302490234375,258.076171875,-136.0572052001953,828.1165161132812,-108.38754272460938,136.60467529296875,263.69488525390625,-146.96949768066406,-123.73867797851562,975.2882690429688,-128.5603485107422,-128.19346618652344,485.3170471191406,-182.1940460205078,-198.97915649414065,852.5454711914062
116.84305572509766,-168.32972717285156,133.582275390625,155.78372192382812,-167.8623504638672,995.2222900390624,134.80322265625,-202.6641540527344,499.1146240234375,259.2823791503906,-141.45889282226562,830.236083984375,-107.54751586914062,125.4538803100586,266.1964111328125,-146.33343505859375,-122.69973754882812,976.47705078125,-128.88844299316406,-138.3627166748047,487.382568359375,-183.11978149414065,-194.986083984375,852.8521728515625
116.7549285888672,-158.53201293945312,133.49197387695312,156.57199096679688,-166.59312438964844,996.081298828125,135.6407012939453,-195.66574096679688,498.6125793457031,260.34783935546875,-147.01968383789062,832.4331665039062,-106.7428970336914,113.9737548828125,267.7848815917969,-145.72064208984375,-121.58614349365234,977.7556762695312,-129.24266052246094,-148.24740600585938,489.834228515625,-184.0408172607422,-191.022216796875,853.1926879882812
116.66924285888672,-148.75950622558594,133.41542053222656,157.34512329101562,-165.14996337890625,996.80908203125,136.35829162597656,-188.65081787109372,498.1218566894531,261.26531982421875,-152.7196502685547,834.701904296875,-106.00682830810548,102.14765167236328,268.387451171875,-145.13087463378906,-120.4200439453125,979.1082763671876,-129.6241455078125,-157.77105712890625,492.60595703125,-184.9455108642578,-187.0936584472656,853.5553588867188
116.57882690429688,-139.0083770751953,133.355224609375,158.09860229492188,-163.5540771484375,997.4035034179688,136.92376708984375,-181.6279144287109,497.6389770507813,262.02838134765625,-158.53794860839844,837.0362548828125,-105.3740005493164,89.94422912597656,267.9597473144531,-144.56520080566406,-119.21995544433594,980.515625,-130.02346801757812,-166.8664093017578,495.625,-185.82223510742188,-183.20578002929688,853.9280395507812
116.47801208496094,-129.27345275878906,133.31268310546875,158.82669067382812,-161.8265838623047,997.8635864257812,137.32168579101562,-174.59188842773438,497.1604919433594,262.631591796875,-164.45297241210938,839.4296875,-104.87976837158205,77.32295989990234,266.4889221191406,-144.02584838867188,-118.00086975097656,981.9554443359376,-130.4204864501953,-175.47975158691406,498.8170776367188,-186.6597442626953,-179.36334228515625,854.2981567382812
116.36336517333984,-119.54954528808594,133.28759765625,159.5227813720703,-159.98809814453125,998.1895751953124,137.5551300048828,-167.5296173095703,496.6841125488281,263.0703430175781,-170.44252014160156,841.8749389648438,-104.55805206298828,64.239990234375,263.9946594238281,-143.51614379882812,-116.7746124267578,983.4036865234376,-130.7861328125,-183.5731964111328,502.1109008789063,-187.4475860595703,-175.57061767578125,854.6528930664062
116.23379516601562,-109.83248901367188,133.27857971191406,160.17970275878906,-158.0584259033203,998.3829956054688,137.64303588867188,-160.42628479003906,496.2088623046875,263.34088134765625,-176.48402404785156,844.364013671875,-104.43851470947266,50.654296875,260.5281677246094,-143.0400848388672,-115.55036926269533,984.8350219726562,-131.08584594726562,-191.1246337890625,505.4410095214844,-188.1764678955078,-171.83152770996094,854.9793090820312
116.09009552001952,-100.11956787109376,133.28330993652344,160.7902374267578,-156.05618286132812,998.4466552734376,137.61436462402344,-153.27059936523438,495.7351989746094,263.44012451171875,-182.5547332763672,846.8880615234375,-104.54383087158205,36.53276824951172,256.1693420410156,-142.60206604003906,-114.33535766601562,986.2242431640624,-131.28396606445312,-198.12579345703125,508.7488708496094,-188.83865356445312,-168.14976501464844,855.2647705078125
115.93417358398438,-90.40966796875,133.2991180419922,161.34747314453125,-153.99844360351562,998.3848266601562,137.50144958496094,-146.05828857421875,495.2644348144531,263.3657531738281,-188.63185119628903,849.4373168945312,-104.88787078857422,21.853307723999023,251.02218627929688,-142.2064208984375,-113.1354751586914,987.546875,-131.3477783203125,-204.57843017578125,511.9826049804688,-189.42823791503903,-164.52883911132812,855.496826171875
115.76808166503906,-80.70304107666016,133.3232421875,161.84527587890625,-151.9003448486328,998.2027587890624,137.33421325683594,-138.7936248779297,494.79827880859375,263.1161804199219,-194.69271850585935,852.0009765625,-105.47457885742188,6.6063642501831055,245.20919799804688,-141.8570556640625,-111.95584106445312,988.7803344726562,-131.2509765625,-210.4894561767578,515.095703125,-189.9413604736328,-160.97227478027344,855.6636962890625
115.59326934814452,-71.00089263916016,133.35325622558594,162.27874755859375,-149.77499389648438,997.9066162109376,137.13629150390625,-131.48922729492188,494.337890625,262.69061279296875,-200.7148895263672,854.5673828125,-106.29747009277344,-9.204339981079102,238.8654937744141,-141.55715942382812,-110.80135345458984,989.9044189453124,-130.9761962890625,-215.86659240722656,518.045654296875,-190.3763885498047,-157.4835662841797,855.7542724609375
115.41011810302734,-61.30492401123047,133.38729858398438,162.64454650878906,-147.6335906982422,997.50341796875,136.92327880859375,-124.16471862792967,493.8837585449219,262.08892822265625,-206.67637634277344,857.1239013671875,-107.3396987915039,-25.56104850769043,232.13323974609372,-141.30892944335938,-109.67699432373048,990.901611328125,-130.516845703125,-220.71534729003903,520.79296875,-190.7339324951172,-154.0663604736328,855.7582397460938
115.21770477294922,-51.6169548034668,133.4241180419922,162.94126892089844,-145.48558044433594,997.0005493164062,136.70301818847656,-116.84416961669922,493.4353942871094,261.3118896484375,-212.55563354492188,859.6572875976562,-108.57444763183594,-42.43143081665039,225.1566925048828,-141.1134796142578,-108.5881118774414,991.7574462890624,-129.8778839111328,-225.0375061035156,523.3004150390625,-191.01683044433597,-150.72434997558594,855.6663208007812
115.01385498046876,-41.93861770629883,133.46322631835938,163.1696014404297,-143.33917236328125,996.405517578125,136.4771270751953,-109.55305480957033,492.9917907714844,260.361083984375,-218.331787109375,862.1533203125,-109.96571350097656,-59.76875686645508,218.07769775390625,-140.9707794189453,-107.54051971435548,992.4603881835938,-129.07569885253906,-228.8312530517578,525.5336303710938,-191.2300262451172,-147.46144104003906,855.4701538085938
114.79541015625,-32.271217346191406,133.5048065185547,163.33221435546875,-141.2017364501953,995.7258911132812,136.24319458007812,-102.3150405883789,492.5517578125,259.2389831542969,-223.98458862304688,864.5972290039062,-111.46961975097656,-77.51295471191406,211.03184509277344,-140.87969970703125,-106.54048919677734,993.0016479492188,-128.13711547851562,-232.0923614501953,527.4614868164062,-191.38038635253903,-144.2816619873047,855.1624145507812
114.55873107910156,-22.61575508117676,133.54959106445312,163.4336395263672,-139.08033752441406,994.9688110351562,135.99728393554688,-95.14955139160156,492.1142578125,257.948974609375,-229.4946136474609,866.9739379882812,-113.03649139404295,-95.59275817871094,204.14498901367188,-140.83816528320312,-105.5947494506836,993.3750610351562,-127.09772491455078,-234.81610107421875,529.0567626953125,-191.47640991210935,-141.18923950195312,854.7368774414062
114.30032348632812,-12.97312068939209,133.59873962402344,163.4798126220703,-136.98228454589844,994.1408081054688,135.73582458496094,-88.07057189941406,491.6785888671875,256.4953308105469,-234.8432159423828,869.267822265625,-114.6142120361328,-113.92899322509766,197.53077697753903,-140.84339904785156,-104.7103042602539,993.5765991210938,-125.99984741210938,-236.9996337890625,530.296875,-191.52793884277344,-138.18853759765625,854.1883544921875
114.01751708984376,-3.344372272491455,133.65371704101562,163.47755432128906,-134.9156036376953,993.2476196289062,135.45730590820312,-81.08663177490234,491.2444458007813,254.8833465576172,-240.0126800537109,871.463134765625,-116.1524658203125,-132.43833923339844,191.2886962890625,-140.8921661376953,-103.89434051513672,993.6041259765624,-124.88990783691406,-238.64427185058597,531.1643676757812,-191.54583740234372,-135.28408813476562,853.5128173828125
113.70912170410156,6.269042015075684,133.7162322998047,163.43397521972656,-132.88943481445312,992.2938842773438,135.16323852539062,-74.20172119140625,490.8117980957031,253.1191864013672,-244.9861297607422,873.5442504882812,-117.6068878173828,-151.035888671875,185.5030059814453,-140.98104858398438,-103.15402221679688,993.4576416015624,-123.81566619873048,-239.75753784179688,531.6481323242188,-191.5416412353516,-132.48056030273438,852.707275390625
113.37593841552734,15.86509609222412,133.78848266601562,163.3558349609375,-130.914306640625,991.2830810546876,134.8584442138672,-67.41693115234375,490.3810729980469,251.2100067138672,-249.74766540527344,875.4956665039062,-118.94205474853516,-169.6353302001953,180.24203491210935,-141.10678100585938,-102.49645233154295,993.138671875,-122.82317352294922,-240.3549652099609,531.7440185546875,-191.52723693847656,-129.78269958496094,851.7701416015625
113.02104949951172,25.440975189208984,133.8733673095703,163.24893188476562,-129.00228881835938,990.2174682617188,134.55087280273438,-60.73247909545898,489.95263671875,249.16387939453125,-254.2823028564453,877.302490234375,-120.13284301757812,-188.1470947265625,175.5576171875,-141.2664031982422,-101.92852020263672,992.6508178710938,-121.9539031982422,-240.46142578125,531.45556640625,-191.51461791992188,-127.19539642333984,850.7009887695312
112.64996337890624,34.9927864074707,133.97482299804688,163.11766052246094,-127.16682434082033,989.0979614257812,134.25074768066406,-54.150150299072266,489.526611328125,246.98977661132807,-258.575927734375,878.9503784179688,-121.16384887695312,-206.4746856689453,171.48443603515625,-141.45753479003906,-101.45696258544922,991.9996337890624,-121.2420654296875,-240.1125640869141,530.7941284179688,-191.5155487060547,-124.72354125976562,849.5008544921875
112.2704086303711,44.51522445678711,134.09825134277344,162.96469116210938,-125.42263793945312,987.9249267578124,133.9692840576172,-47.67557144165039,489.102294921875,244.697509765625,-262.6153564453125,880.4261474609375,-122.02767944335938,-224.5106964111328,168.03948974609375,-141.67852783203125,-101.08837127685548,991.193115234375,-120.71250915527344,-239.35568237304688,529.7786254882812,-191.5414276123047,-122.3721160888672,848.1724243164062
111.89191436767578,54.00126647949219,134.2509002685547,162.79083251953125,-123.78546142578124,986.6981201171876,133.71734619140625,-41.3200569152832,488.6777648925781,242.29771423339844,-266.3880920410156,881.7175903320312,-122.72277069091795,-242.1339111328125,165.2213897705078,-141.92845153808594,-100.82927703857422,990.2417602539062,-120.37905883789062,-238.2506256103516,528.4351196289062,-191.60304260253903,-120.1461410522461,846.7202758789062
111.52515411376952,63.44192123413086,134.44192504882812,162.5952911376953,-122.27174377441406,985.41748046875,133.5039825439453,-35.1015739440918,488.2496948242188,239.80178833007807,-269.8824768066406,882.8140869140625,-123.2512435913086,-259.2085266113281,163.01026916503906,-142.20716857910156,-100.68616485595705,989.1588134765624,-120.24346160888672,-236.86959838867188,526.7968139648438,-191.71041870117188,-118.0506820678711,845.1508178710938
111.18106079101562,72.82622528076172,134.68211364746094,162.3758544921875,-120.89820098876952,984.0841674804688,133.33523559570312,-29.04469108581543,487.8136291503906,237.22186279296875,-273.0875244140625,883.7066650390625,-123.6169891357422,-275.585693359375,161.36798095703125,-142.5152587890625,-100.66548919677734,987.9605712890624,-120.29481506347656,-235.29611206054688,524.9042358398438,-191.87278747558597,-116.09088897705078,843.47265625
110.8693618774414,82.14167785644531,134.9831085205078,162.1292724609375,-119.68148040771484,982.7005615234376,133.21304321289062,-23.179668426513672,487.36431884765625,234.5707092285156,-275.9928283691406,884.3882446289062,-123.82418823242188,-291.1065673828125,160.23936462402344,-142.8538360595703,-100.77371978759766,986.6660766601562,-120.5099105834961,-233.62258911132807,522.8055419921875,-192.0984039306641,-114.27203369140624,841.6964721679688
110.59725952148438,91.37482452392578,135.35650634765625,161.8516082763672,-118.63787841796876,981.2711181640624,133.13442993164062,-17.540863037109375,486.8966369628906,231.86178588867188,-278.588623046875,884.853759765625,-123.87625885009766,-305.6073303222656,159.55421447753906,-143.2244110107422,-101.01737213134766,985.2973022460938,-120.8546371459961,-231.94677734375,520.5570068359375,-192.3945159912109,-112.59947967529295,839.8355712890625
110.36854553222656,100.51175689697266,135.81346130371094,161.53857421875,-117.78299713134766,979.80224609375,133.09080505371094,-12.164692878723145,486.406494140625,229.10906982421875,-280.86578369140625,885.1001586914062,-123.77533721923828,-318.92559814453125,159.23049926757812,-143.62867736816406,-101.40303802490234,983.878662109375,-121.28654479980467,-230.3668670654297,518.2214965820312,-192.76727294921875,-111.07880401611328,837.9052734375
110.18327331542967,109.53864288330078,136.36488342285156,161.1859130859375,-117.13145446777344,978.3026123046876,133.0678253173828,-7.087419509887695,485.89166259765625,226.32711791992188,-282.8157653808594,885.1267700195312,-123.52225494384766,-330.9081420898437,159.17855834960938,-144.0682830810547,-101.93724822998048,982.4368896484376,-121.75828552246094,-228.97564697265625,515.8665161132812,-193.2217254638672,-109.71574401855467,835.9231567382812
110.03793334960938,118.44224548339844,137.02223205566406,160.78973388671875,-116.69654083251952,976.7828979492188,133.04550170898438,-2.3430957794189453,485.3524169921875,223.53094482421875,-284.4308166503906,884.9349975585938,-123.11703491210938,-341.4193725585937,159.3060760498047,-144.5447235107422,-102.62628173828124,981.0003051757812,-122.22166442871094,-227.8544921875,513.5607299804688,-193.76177978515625,-108.51627349853516,833.9088745117188
109.92587280273438,127.21033477783205,137.7979278564453,160.3468017578125,-116.48988342285156,975.2557373046876,132.99891662597656,2.038010835647583,484.7919921875,220.73602294921875,-285.70391845703125,884.5283203125,-122.5600814819336,-350.3500366210937,159.52362060546875,-145.05911254882812,-103.4758071899414,979.5985717773438,-122.63170623779295,-227.0674285888672,511.37005615234375,-194.39013671875,-107.48653411865234,831.8838500976562
109.83811950683594,135.83189392089844,138.7054443359375,159.8546905517578,-116.5211410522461,973.735107421875,132.899658203125,6.030196666717529,484.2165832519531,217.95822143554688,-286.6289367675781,883.9125366210938,-121.8538589477539,-357.6252136230469,159.75,-145.6121063232422,-104.49034881591795,978.2621459960938,-122.95034790039062,-226.6564178466797,509.3539123535156,-195.10829162597656,-106.63282775878906,829.8706665039062
109.76436614990234,144.29684448242188,139.7593231201172,159.311767578125,-116.79772186279295,972.2362060546876,132.7176971435547,9.61209774017334,483.6345520019531,215.2137451171875,-287.2007751464844,883.0950317382812,-121.00496673583984,-363.2107238769531,159.91714477539062,-146.20382690429688,-105.67268371582033,977.021240234375,-123.14959716796876,-226.63873291015625,507.5622863769531,-195.91653442382807,-105.96157836914062,827.8931274414062
109.69406127929688,152.59547424316406,140.97494506835938,158.71719360351562,-117.32447052001952,970.7745971679688,132.42381286621094,12.765403747558594,483.05572509765625,212.51898193359372,-287.4154968261719,882.0853271484375,-120.02615356445312,-367.11724853515625,159.97396850585938,-146.83392333984375,-107.02308654785156,975.905517578125,-123.21421813964844,-227.00704956054688,506.0335388183594,-196.81385803222656,-105.47926330566406,825.9754028320312
109.61746978759766,160.71713256835938,142.36827087402344,158.07069396972656,-118.1033172607422,969.3660278320312,131.99227905273438,15.472726821899414,482.4898681640625,209.8905334472656,-287.2704772949219,880.8943481445312,-118.9379653930664,-369.4013366699219,159.888427734375,-147.50152587890625,-108.5386199951172,974.943115234375,-123.14359283447266,-227.73223876953125,504.7937622070313,-197.7979888916016,-105.19239807128906,824.1417846679688
109.52651977539062,168.6488037109375,143.9555206298828,157.3724365234375,-119.13287353515624,968.0257568359376,131.40342712402344,17.71501922607422,481.9452819824219,207.34495544433597,-286.7645874023437,879.534423828125,-117.76966857910156,-370.1629943847656,159.6472930908203,-148.20545959472656,-110.21243286132812,974.1597290039062,-122.95271301269533,-228.7681121826172,503.8567504882813,-198.86541748046875,-105.10741424560548,822.4161987304688
109.41547393798828,176.37338256835938,145.7530975341797,156.62294006347656,-120.40789794921876,966.7681274414062,130.64622497558594,19.46898651123047,481.4275207519531,204.8986968994141,-285.89825439453125,878.019287109375,-116.5592041015625,-369.5390930175781,159.25344848632812,-148.94422912597656,-112.0333023071289,973.5780639648438,-122.67166900634766,-230.05718994140625,503.2252502441406,-200.01141357421875,-105.23062133789062,820.8217163085938
109.28133392333984,183.86805725097656,147.7773895263672,155.82308959960938,-121.91886138916016,965.6061401367188,129.72021484375,20.70497131347656,480.938232421875,202.5678253173828,-284.6737670898437,876.3636474609375,-115.3520050048828,-367.6934509277344,158.7212371826172,-149.7161865234375,-113.98535919189452,973.2166137695312,-122.34358215332033,-231.53672790527344,502.8927001953125,-201.23008728027344,-105.56808471679688,819.3799438476562
109.12403106689452,191.1027374267578,150.04486083984375,154.9740753173828,-123.6514129638672,964.5511474609376,128.6371612548828,21.38573265075684,480.4744262695313,200.36798095703125,-283.09527587890625,874.5830078125,-114.19843292236328,-364.8037414550781,158.07162475585938,-150.51956176757812,-116.0482177734375,973.0890502929688,-122.0211410522461,-233.14414978027344,502.8449096679688,-202.51451110839844,-106.12548065185548,818.1110229492188
108.9463882446289,198.03890991210935,152.5722198486328,154.07766723632812,-125.58609008789062,963.6124267578124,127.42176818847656,21.46649169921875,480.0281372070313,198.3140106201172,-281.1688842773437,872.693603515625,-113.14996337890624,-361.0475769042969,157.32855224609375,-151.35264587402344,-118.19743347167967,973.2037353515624,-121.7622528076172,-234.8210906982422,503.0608825683594,-203.85682678222656,-106.90805053710938,817.0330200195312
108.75398254394533,204.6287384033203,155.37669372558594,153.13619995117188,-127.69820404052734,962.7969360351562,126.11176300048828,20.896390914916992,479.5867309570313,196.41989135742188,-278.90289306640625,870.7122192382812,-112.2541961669922,-356.58966064453125,156.5164031982422,-152.21372985839844,-120.40530395507812,973.5628051757812,-121.62535095214844,-236.51559448242188,503.51263427734375,-205.2484893798828,-107.92037963867188,816.16162109375
108.55498504638672,210.81460571289065,158.4761505126953,152.15269470214844,-129.9580535888672,962.10888671875,124.75700378417967,19.621261596679688,479.1332092285156,194.6985321044922,-276.3076477050781,868.6559448242188,-111.5494384765625,-351.5721130371094,155.65853881835938,-153.1012420654297,-122.64200592041016,974.1621704101562,-121.66429138183594,-238.18186950683597,504.1642761230469,-206.6802978515625,-109.16631317138672,815.5101318359375
108.3598403930664,216.5284118652344,161.8886260986328,151.13082885742188,-132.3314971923828,961.5498046875,123.41732788085938,17.587440490722656,478.647216796875,193.1615295410156,-273.3957214355469,866.5420532226562,-111.05996704101562,-346.1086730957031,154.7766571044922,-154.01380920410156,-124.87686157226562,974.991455078125,-121.92335510253906,-239.77786254882807,504.9714660644531,-208.1427154541016,-110.64881134033205,815.0888671875
108.18087005615234,221.69114685058597,165.6311492919922,150.0747528076172,-134.7808380126953,961.1184692382812,122.15906524658205,14.746317863464355,478.1060180664063,191.81907653808597,-270.1817932128906,864.3878173828125,-110.79309844970705,-340.2831420898437,153.8905792236328,-154.95022583007812,-127.07958221435548,976.0342407226562,-122.43238067626952,-241.2613677978516,505.8815612792969,-209.6259307861328,-112.36980438232422,814.9055786132812
108.03160095214844,226.2133331298828,169.7178497314453,148.9891357421875,-137.26596069335938,960.811279296875,121.05001831054688,11.059125900268556,477.48626708984375,190.6798248291016,-266.6826171875,862.2106323242188,-110.73868560791016,-334.1509094238281,153.018310546875,-155.90940856933594,-129.22119140625,977.2688598632812,-123.20303344726562,-242.5854949951172,506.8363342285156,-211.1200714111328,-114.32999420166016,814.9647216796875
107.92581939697266,229.99703979492188,174.15768432617188,147.87904357910156,-139.74563598632812,960.6224365234376,120.15339660644533,6.501325607299805,476.7659912109375,189.7507781982422,-262.9169311523437,860.027587890625,-110.8712158203125,-327.7427673339844,152.1759796142578,-156.89015197753906,-131.27476501464844,978.6692504882812,-124.22689056396484,-243.6952972412109,507.7763366699219,-212.61524963378903,-116.52870178222656,815.2681274414062
107.87646484375,232.9397125244141,178.95187377929688,146.7498321533203,-142.1788787841797,960.5448608398438,119.52118682861328,1.0659581422805786,475.9270935058594,189.0372314453125,-258.9051818847656,857.8556518554688,-111.1538314819336,-321.0697021484375,151.3777618408203,-157.89108276367188,-133.21571350097656,980.206298828125,-125.4760971069336,-244.5260009765625,508.6464538574219,-214.10174560546875,-118.96365356445312,815.8145751953125
107.89447784423828,234.9393310546875,184.0911865234375,145.60707092285156,-144.52647399902344,960.5701904296876,119.18827056884766,-5.234611034393311,474.9584655761719,188.54275512695312,-254.66937255859372,855.7116088867188,-111.54360961914062,-314.1286315917969,150.6355438232422,-158.91036987304688,-135.0220184326172,981.8491821289062,-126.90672302246094,-245.0034027099609,509.4012145996094,-215.5700225830078,-121.63079071044922,816.6001586914062
107.98771667480467,235.9003753662109,189.55308532714844,144.45635986328125,-146.75233459472656,960.690185546875,119.16845703125,-12.368818283081056,473.8589172363281,188.2691650390625,-250.23265075683597,853.6118774414062,-111.99700927734376,-306.9086608886719,149.95849609375,-159.94557189941406,-136.67396545410156,983.56689453125,-128.4642333984375,-245.04653930664065,510.00872802734375,-217.0108184814453,-124.52413940429688,817.618408203125
108.1598892211914,235.739990234375,195.29965209960935,143.30328369140625,-148.8248291015625,960.896728515625,119.45330810546876,-20.28774070739746,472.6398620605469,188.21649169921875,-245.61907958984372,851.5726928710938,-112.47444915771484,-299.39678955078125,149.35272216796875,-160.9935302734375,-138.15396118164062,985.3292846679688,-130.09019470214844,-244.57179260253903,510.4524536132813,-218.4151306152344,-127.63573455810548,818.8606567382812
108.40946197509766,234.3942108154297,201.2765655517578,142.15330505371094,-150.7177734375,961.1830444335938,120.01396942138672,-28.928075790405277,471.3269348144531,188.38302612304688,-240.85313415527344,849.60986328125,-112.943603515625,-291.5832824707031,148.82101440429688,-162.0503387451172,-139.446044921875,987.1083984375,-131.72900390625,-243.4987335205078,510.7311706542969,-219.7743682861328,-130.95562744140625,820.3162231445312
108.72882080078124,231.82298278808597,207.4136962890625,141.0115966796875,-152.41110229492188,961.5441284179688,120.8051528930664,-38.21567153930664,469.960693359375,188.7653350830078,-235.9594268798828,847.7389526367188,-113.38101959228516,-283.4652099609375,148.36273193359375,-163.11131286621094,-140.53575134277344,988.8795166015624,-133.33384704589844,-241.7567901611328,510.8564147949219,-221.08029174804688,-134.4718475341797,821.972900390625
109.10426330566406,228.01409912109372,213.6274261474609,139.8829345703125,-153.89141845703125,961.9772338867188,121.77039337158205,-48.0690803527832,468.5953063964844,189.3582305908203,-230.9623107910156,845.9750366210938,-113.77242279052734,-275.048828125,147.97415161132812,-164.17129516601562,-141.40988159179688,990.6212768554688,-134.87107849121094,-239.29258728027344,510.8488159179688,-222.3251037597656,-138.17062377929688,823.8171997070312
109.51712799072266,222.98550415039065,219.82403564453125,138.7714385986328,-155.15219116210938,962.4822387695312,122.8473663330078,-58.40290069580078,467.2965087890625,190.15475463867188,-225.88563537597656,844.3324584960938,-114.11185455322266,-266.3502502441406,147.6489715576172,-165.22488403320312,-142.05667114257812,992.3162841796876,-136.3223114013672,-236.07635498046875,510.7336120605469,-223.5015563964844,-142.0364532470703,825.8349609375
109.94583129882812,216.78526306152344,225.9036865234375,137.68017578125,-156.19383239746094,963.0616455078124,123.97286224365234,-69.13063049316406,466.1380004882813,191.14627075195312,-220.75254821777344,842.8248901367188,-114.40013885498048,-257.39508056640625,147.3789825439453,-166.2667236328125,-142.46603393554688,993.9506225585938,-137.6841583251953,-232.10667419433597,510.5364379882813,-224.6029357910156,-146.05235290527344,828.0113525390625
110.36833190917967,209.48834228515625,231.764404296875,136.61102294921875,-157.02337646484375,963.7201538085938,125.08697509765624,-80.16693115234375,465.197021484375,192.32237243652344,-215.58529663085935,841.4649658203125,-114.6430892944336,-248.21636962890625,147.15492248535156,-167.2919158935547,-142.62979125976562,995.5139770507812,-138.96563720703125,-227.4126739501953,510.2798767089844,-225.6232147216797,-150.2000732421875,830.3316040039062
110.7644271850586,201.18991088867188,237.3051300048828,135.56439208984375,-157.65370178222656,964.4642944335938,126.13658905029295,-91.42918395996094,464.5494995117188,193.67092895507807,-210.40512084960935,840.2639770507812,-114.84954071044922,-238.85166931152344,146.96749877929688,-168.29623413085938,-142.54212951660156,996.9986572265624,-140.1837615966797,-222.05311584472656,509.9816589355469,-226.5570831298828,-154.46044921875,832.781005859375
111.11744689941406,191.99679565429688,242.42730712890625,134.53936767578125,-158.1024932861328,965.3018798828124,127.07781219482422,-102.83822631835938,464.2648315429688,195.17816162109372,-205.2320709228516,839.2315673828125,-115.02943420410156,-229.3397674560547,146.80828857421875,-169.2762451171875,-142.19989013671875,998.3995361328124,-141.3583526611328,-216.1123046875,509.6542053222656,-227.3999938964844,-158.81361389160156,835.3450927734375
111.4150390625,182.01882934570312,247.03530883789065,133.53390502929688,-158.390869140625,966.2408447265624,127.87744903564452,-114.3180923461914,464.4010925292969,196.8286895751953,-200.0850830078125,838.3751831054688,-115.19197082519533,-219.71804809570312,146.670654296875,-170.2294464111328,-141.60296630859375,999.7130737304688,-142.506591796875,-209.6932373046875,509.3057861328125,-228.148193359375,-163.23934936523438,838.0101928710938
111.64904022216795,171.36122131347656,251.0368804931641,132.5452117919922,-158.5418701171875,967.2886962890624,128.51329040527344,-125.79515838623048,465.0005798339844,198.6056365966797,-194.9818420410156,837.6998901367188,-115.34422302246094,-210.02093505859372,146.55027770996094,-171.1540069580078,-140.7546844482422,1000.9370727539062,-143.63851928710938,-202.9087371826172,508.9423828125,-228.7987365722656,-167.71737670898438,840.7630004882812
111.81462860107422,160.11878967285156,254.3447113037109,131.57015991210938,-158.5789794921875,968.4511108398438,128.97325134277344,-137.19688415527344,466.0868225097656,200.4908142089844,-189.93893432617188,837.2080078125,-115.49022674560548,-200.27838134765625,146.44517517089844,-172.0486297607422,-139.66195678710938,1002.0701904296876,-144.75396728515625,-195.87208557128903,508.5700073242188,-229.3495178222656,-172.2276611328125,843.5909423828125
111.90951538085938,148.37246704101562,256.8790283203125,130.60589599609375,-158.5245819091797,969.7310180664062,129.25347900390625,-148.45098876953125,467.6630859375,202.4649353027344,-184.9718017578125,836.8985595703125,-115.63078308105467,-190.51499938964844,146.3554229736328,-172.9121856689453,-138.3354949951172,1003.1117553710938,-145.84165954589844,-188.6884002685547,508.1964111328125,-229.79913330078125,-176.75059509277344,846.4818725585938
111.93370056152344,136.18772888183594,258.5708923339844,129.65028381347656,-158.3987274169922,971.1273803710938,129.3558349609375,-159.48509216308594,469.7123718261719,204.50784301757807,-180.09481811523438,836.7674560546875,-115.7637939453125,-180.7497711181641,146.2825164794922,-173.74339294433594,-136.7899627685547,1004.0614013671876,-146.88035583496094,-181.4470672607422,507.831787109375,-230.14691162109372,-181.2673492431641,849.424072265625
111.88982391357422,123.61434173583984,259.365478515625,128.70240783691406,-158.21824645996094,972.6348876953124,129.2851104736328,-170.2274627685547,472.1990661621094,206.5988006591797,-175.32125854492188,836.8068237304688,-115.8850326538086,-170.99661254882812,146.22854614257812,-174.54052734375,-135.04376220703125,1004.9188842773438,-147.84207153320312,-174.21627807617188,507.4884948730469,-230.3927764892578,-185.75991821289065,852.4058837890625
111.78337860107422,110.68708038330078,259.22479248046875,127.76290893554688,-157.99598693847656,974.2432250976562,129.04673767089844,-180.6083831787109,475.0720520019531,208.7168731689453,-170.66331481933594,837.0054321289062,-115.98926544189452,-161.2650146484375,146.1955108642578,-175.30108642578125,-133.11895751953125,1005.6842651367188,-148.69671630859375,-167.03997802734375,507.1795654296875,-230.5372314453125,-190.21144104003903,855.4158325195312
111.62249755859376,97.42681884765624,258.12921142578125,126.834228515625,-157.7406463623047,975.9373168945312,128.64512634277344,-190.5620880126953,478.2682495117188,210.8412170410156,-166.13211059570312,837.3485717773438,-116.0714340209961,-151.56076049804688,146.18482971191406,-176.02171325683594,-131.0407257080078,1006.357421875,-149.41729736328125,-159.93821716308594,506.9169616699219,-230.5811767578125,-194.60617065429688,858.4419555664062
111.4174575805664,83.84169006347656,256.0787658691406,125.92074584960938,-157.4568634033203,977.6971435546876,128.08299255371094,-200.0286865234375,481.717041015625,212.951416015625,-161.73756408691406,837.8182373046875,-116.1276626586914,-141.88673400878906,146.19688415527344,-176.6980743408203,-128.83689880371094,1006.9384155273438,-149.98439025878906,-152.91094970703125,506.7095947265625,-230.52593994140625,-198.9296875,861.4718627929688
111.17987060546876,69.92850494384766,253.09364318847656,125.0287094116211,-157.1456298828125,979.4986572265624,127.3616714477539,-208.9555206298828,485.3442077636719,215.02789306640625,-157.48838806152344,838.3937377929688,-116.15585327148438,-132.24351501464844,146.2310791015625,-177.32489013671875,-126.53720092773438,1007.4271240234376,-150.38925170898438,-145.944091796875,506.5618286132813,-230.37310791015625,-203.1688690185547,864.4923706054688
110.92171478271484,55.67469024658203,249.21420288085935,124.16609954833984,-156.80502319335938,981.3141479492188,126.48224639892578,-217.298095703125,489.0753479003906,217.0520782470703,-153.39198303222656,839.0517578125,-116.1558074951172,-122.62995147705078,146.28590393066406,-177.89596557617188,-124.1724853515625,1007.8234252929688,-150.6347198486328,-139.01661682128906,506.4723510742188,-230.1244659423828,-207.31195068359372,867.489501953125
110.65461730957033,41.060829162597656,244.50059509277344,123.3423309326172,-156.4311981201172,983.1134033203124,125.44709777832033,-225.0203094482422,492.8385620117188,219.0067596435547,-149.45440673828125,839.7672729492188,-116.12894439697266,-113.04357147216795,146.35919189453125,-178.40452575683594,-121.77381134033205,1008.127197265625,-150.73367309570312,-132.10678100585938,506.4344787597656,-229.78195190429688,-211.3485412597656,870.4481811523438
110.38956451416016,26.06352424621582,239.0321044921875,122.56787109375,-156.01925659179688,984.8641357421876,124.26154327392578,-232.0939178466797,496.5656127929688,220.8762664794922,-145.68026733398438,840.513916015625,-116.07788848876952,-103.48101806640624,146.44842529296875,-178.843505859375,-119.37152099609376,1008.3379516601562,-150.705810546875,-125.19696807861328,506.43743896484375,-229.3475646972656,-215.26953125,873.3522338867188
110.13672637939452,10.658042907714844,232.9058074951172,121.85367584228516,-155.56411743164062,986.5335693359376,122.9354476928711,-238.4978179931641,500.1927185058594,222.6466064453125,-142.07278442382812,841.2646484375,-116.00595092773438,-93.93844604492188,146.55099487304688,-179.2059783935547,-116.99423217773438,1008.4552001953124,-150.5738983154297,-118.27648162841795,506.46820068359375,-228.8233795166016,-219.0670623779297,876.184326171875
109.90516662597656,-5.179781913757324,226.23440551757807,121.2106475830078,-155.06121826171875,988.0888671875,121.48464965820312,-244.2175750732422,503.6604309082031,224.3055725097656,-138.6336669921875,841.9924926757812,-115.91670989990234,-84.41178131103516,146.6645050048828,-179.4856414794922,-114.66809844970705,1008.4784545898438,-150.36073303222656,-111.34256744384766,506.5138244628906,-228.21157836914065,-222.7343597412109,878.9261474609375
109.70238494873048,-21.47212600708008,219.1431121826172,120.6490249633789,-154.50718688964844,989.498779296875,119.93196105957033,-249.24526977539065,506.9136352539063,225.8427581787109,-135.36325073242188,842.6710205078125,-115.81375122070312,-74.8970947265625,146.7869110107422,-179.67724609375,-112.41629791259766,1008.4071044921876,-150.0869903564453,-104.40033721923828,506.562744140625,-227.51446533203125,-226.26556396484372,881.558349609375
109.53392028808594,-38.237266540527344,211.7662506103516,120.1778793334961,-153.90028381347656,990.7339477539062,118.30754089355467,-253.57994079589844,509.9015197753906,227.2496032714844,-132.2605438232422,843.2749633789062,-115.70046997070312,-65.39093780517578,146.91671752929688,-179.77691650390625,-110.2587432861328,1008.2403564453124,-149.77041625976562,-97.46165466308594,506.6059875488281,-226.7346343994141,-229.6555938720703,884.060791015625
109.40322875976562,-55.48709487915039,204.2438201904297,119.80469512939452,-153.24075317382812,991.7681884765624,116.6484832763672,-257.2281188964844,512.5781860351562,228.5193023681641,-129.32337951660156,843.7808227539062,-115.58000183105467,-55.8906364440918,147.0530242919922,-179.78250122070312,-108.21198272705078,1007.9776611328124,-149.4257049560547,-90.5434799194336,506.637451171875,-225.87493896484372,-232.8999938964844,886.412841796875
109.31198120117188,-73.22420501708984,196.71804809570312,119.53507995605467,-152.5310516357422,992.5790405273438,114.99747467041016,-260.2045288085937,514.9037475585938,229.646728515625,-126.54854583740234,844.1671142578125,-115.45520782470705,-46.394474029541016,147.1954345703125,-179.69369506835938,-106.28916931152344,1007.6183471679688,-149.06491088867188,-83.66584777832031,506.6538696289063,-224.9387359619141,-235.99478149414065,888.5935668945312
109.26081085205078,-91.43870544433594,189.329833984375,119.37259674072266,-151.77578735351562,993.148193359375,113.4005889892578,-262.5330505371094,516.8456420898438,230.62831115722656,-123.93209075927734,844.4149169921875,-115.3287124633789,-36.90174102783203,147.3439178466797,-179.51202392578125,-104.5000457763672,1007.1618041992188,-148.6981201171875,-76.84980010986328,506.6544494628906,-223.92990112304688,-238.93637084960935,890.5822143554688
109.25037384033205,-110.10478973388672,182.2151031494141,119.31874084472656,-150.9816131591797,993.4622802734376,111.90436553955078,-264.24761962890625,518.3802490234375,231.4619140625,-121.46947479248048,844.50830078125,-115.20293426513672,-27.412673950195312,147.4986572265625,-179.24073791503906,-102.85103607177734,1006.6074829101562,-148.33401489257812,-70.11556243896484,506.6399841308594,-222.85287475585935,-241.72149658203125,892.358642578125
109.28225708007812,-129.17726135253906,175.50083923339844,119.3730697631836,-150.1571044921875,993.5128173828124,110.55247497558594,-265.3927917480469,519.493896484375,232.1467742919922,-119.15585327148438,844.43408203125,-115.0799789428711,-17.928403854370117,147.65969848632812,-178.88455200195312,-101.34537506103516,1005.9549560546876,-147.9804229736328,-63.48138046264648,506.61181640625,-221.71286010742188,-244.34710693359372,893.9036865234375
109.35938262939452,-148.58834838867188,169.30108642578125,119.5333480834961,-149.3124237060547,993.296630859375,109.38241577148438,-266.0241394042969,520.1842651367188,232.6833648681641,-116.9863052368164,844.1826171875,-114.96155548095705,-8.450996398925781,147.82681274414062,-178.4492645263672,-99.98356628417967,1005.2041625976562,-147.6446533203125,-56.96316909790039,506.5706481933594,-220.5157012939453,-246.8102264404297,895.19970703125
109.48594665527344,-168.24508666992188,163.71290588378906,119.79576110839844,-148.45907592773438,992.816162109375,108.42269897460938,-266.2076110839844,520.4608764648438,233.0733642578125,-114.95606994628906,843.7474975585938,-114.84886169433594,1.016356348991394,147.99949645996094,-177.9414825439453,-98.763916015625,1004.3555297851562,-147.33349609375,-50.57476806640625,506.5155029296875,-219.2680511474609,-249.1078948974609,896.23095703125
109.66680908203124,-188.0277099609375,158.8126983642578,120.15518188476562,-147.6097869873047,992.0789184570312,107.69065856933594,-266.0181884765625,520.3451538085938,233.3196563720703,-113.06069946289062,843.1257934570312,-114.74260711669922,10.469170570373535,148.177001953125,-177.3682861328125,-97.68326568603516,1003.4099731445312,-147.052734375,-44.32852935791016,506.4430541992188,-217.97720336914065,-251.23699951171875,896.9840698242188
109.90666198730467,-207.78956604003903,154.65292358398438,120.60540008544922,-146.77830505371094,991.097900390625,107.19139099121094,-265.53790283203125,519.8699951171875,233.4263458251953,-111.29623413085938,842.318115234375,-114.64302825927734,19.901546478271484,148.358642578125,-176.73695373535156,-96.7375717163086,1002.3695068359376,-146.80638122558594,-38.23614501953125,506.3475341796875,-216.6511688232422,-253.19419860839844,897.4484252929688
110.20912170410156,-227.35885620117188,151.25936889648438,121.1393814086914,-145.97950744628906,989.8909912109376,106.9176025390625,-264.8534240722656,519.078125,233.39886474609372,-109.65936279296876,841.3284912109375,-114.54993438720705,29.30606460571289,148.54417419433594,-176.05470275878906,-95.92255401611328,1001.2369384765624,-146.59573364257812,-32.309513092041016,506.2209777832031,-215.2984619140625,-254.9757537841797,897.61669921875
110.57608032226562,-246.54226684570312,148.62928771972656,121.74949645996094,-145.2294921875,988.480712890625,106.85075378417967,-264.0530090332031,518.0201416015625,233.2439117431641,-108.14743041992188,840.1643676757812,-114.46258544921876,38.67377853393555,148.73452758789062,-175.32855224609375,-95.23419952392578,1000.016357421875,-146.41867065429688,-26.561355590820312,506.0538635253906,-213.92807006835935,-256.5775756835937,897.48486328125
111.00731658935548,-265.130126953125,146.730712890625,122.42771911621094,-144.54563903808594,986.8937377929688,106.96307373046876,-263.2236328125,516.7515869140625,232.9696502685547,-106.75851440429688,838.8365478515625,-114.37957000732422,47.99431991577149,148.9326934814453,-174.56517028808594,-94.66917419433594,998.7130737304688,-146.2691192626953,-21.005695343017575,505.8361206054688,-212.5492248535156,-257.9950256347656,897.0527954101562
111.50038146972656,-282.9026794433594,145.50303649902344,123.16580963134766,-143.94667053222656,985.1605224609376,107.22049713134766,-262.4474182128906,515.3301391601562,232.58567810058597,-105.49137115478516,837.35888671875,-114.29881286621094,57.25596618652344,149.14456176757812,-173.7708282470703,-94.22515869140624,997.3339233398438,-146.13673400878906,-15.658164024353027,505.5584411621094,-211.17120361328125,-259.2229309082031,896.3240356445312
112.05062866210938,-299.6375427246094,144.85977172851562,123.95549011230467,-143.45248413085938,983.3145141601562,107.58607482910156,-261.7982177734375,513.8125610351562,232.10304260253903,-104.34538269042967,835.748291015625,-114.21765899658205,66.44575500488281,149.37940979003906,-172.9513397216797,-93.90096282958984,995.8873291015624,-146.00698852539062,-10.53627872467041,505.2136535644531,-209.80319213867188,-260.2556457519531,895.306396484375
112.65154266357422,-315.1180114746094,144.693115234375,124.7886199951172,-143.08389282226562,981.3917236328124,108.0234603881836,-261.33795166015625,512.2520141601562,231.5342559814453,-103.32051849365234,834.0241088867188,-114.1331558227539,75.54977416992188,149.6500244140625,-172.11209106445312,-93.69679260253906,994.38330078125,-145.86148071289062,-5.659729957580566,504.7980041503906,-208.4540100097656,-261.0870056152344,894.0115356445312
113.2951202392578,-329.1419677734375,144.88064575195312,125.6573715209961,-142.86215209960938,979.4298095703124,108.50008392333984,-261.1131591796875,510.6956481933594,230.89324951171875,-102.41734313964844,832.2080688476562,-114.0423583984375,84.55390930175781,149.97264099121094,-171.25787353515625,-93.6144027709961,992.8335571289062,-145.67840576171875,-1.0507465600967407,504.3121643066406,-207.13201904296875,-261.71044921875,892.4551391601562
113.97223663330078,-341.5311279296875,145.2933349609375,126.55447387695312,-142.8083038330078,977.46728515625,108.98960876464844,-261.1523742675781,509.1831359863281,230.1952362060547,-101.63702392578124,830.3235473632812,-113.94264221191406,93.44465637207033,150.3666534423828,-170.39279174804688,-93.6574249267578,991.2510375976562,-145.43321228027344,3.2655844688415527,503.7616882324219,-205.8448638916016,-262.119140625,890.656494140625
114.6725616455078,-352.139892578125,145.80409240722656,127.47342681884766,-142.94239807128906,975.5429077148438,109.47342681884766,-261.4643859863281,507.7454223632813,229.45654296875,-100.9814224243164,828.3953857421875,-113.83191680908205,102.2097396850586,150.8539581298828,-169.5200653076172,-93.83152770996094,989.6498413085938,-145.0997314453125,7.261188983917236,503.1569213867188,-204.59939575195312,-262.3061218261719,888.638427734375
115.38410186767578,-360.8631286621094,146.29612731933594,128.40879821777344,-143.28244018554688,973.6946411132812,109.94123077392578,-262.0382080078125,506.40423583984375,228.6944580078125,-100.45310974121094,826.4493408203125,-113.70874786376952,110.83818817138672,151.4580535888672,-168.641845703125,-94.14450073242188,988.044677734375,-144.65127563476562,10.905155181884766,502.51220703125,-203.40147399902344,-262.26446533203125,886.4268798828125
116.09317779541016,-367.6429138183594,146.6710205078125,129.3564910888672,-143.84336853027344,971.9590454101562,110.39070892333984,-262.8445129394531,505.1726379394531,227.92698669433597,-100.05547332763672,824.5114135742188,-113.57238006591795,119.31981658935548,152.20303344726562,-167.7591094970703,-94.60604858398438,986.4506225585938,-144.062255859375,14.16413688659668,501.8446960449219,-202.255859375,-261.9877014160156,884.0504150390625
116.78506469726562,-372.4732971191406,146.8556365966797,130.31393432617188,-144.6359100341797,970.3705444335938,110.82665252685548,-263.8390808105469,504.0560302734375,227.1725616455078,-99.79273223876952,822.6074829101562,-113.42277526855467,127.64427947998048,153.11260986328125,-166.87159729003906,-95.2273941040039,984.8825073242188,-143.30982971191406,17.002809524536133,501.1727294921875,-201.1661376953125,-261.4698486328125,881.53955078125
117.44503784179688,-375.40283203125,146.80633544921875,131.28036499023438,-145.66555786132812,968.9605102539062,111.25980377197266,-264.9673156738281,503.0540771484375,226.4498443603516,-99.66997528076172,820.7628784179688,-113.2607421875,135.79981994628906,154.2094268798828,-165.9777374267578,-96.02054595947266,983.3544921875,-142.37583923339844,19.384130477905277,500.5145263671875,-200.1345977783203,-260.70587158203125,878.9263305664062
118.05968475341795,-376.53363037109375,146.5096893310547,132.25669860839844,-146.93173217773438,967.7569580078124,111.70563507080078,-266.16973876953125,502.1631774902344,225.7773895263672,-99.69315338134766,819.001708984375,-113.08817291259766,143.77182006835938,155.51454162597656,-165.0748291015625,-96.99734497070312,981.8798217773438,-141.24868774414062,21.26928329467773,499.8865966796875,-199.16226196289065,-259.69195556640625,876.24365234375
118.61808013916016,-376.0161437988281,145.9791717529297,133.24559020996094,-148.4271240234375,966.7836303710938,112.18316650390624,-267.3872985839844,501.3790588378906,225.17335510253903,-99.8690414428711,817.3467407226562,-112.9084701538086,151.54124450683594,157.04733276367188,-164.15911865234375,-98.1681137084961,980.4703369140624,-139.9254608154297,22.617420196533203,499.3024597167969,-198.24880981445312,-258.4257202148437,873.5245361328125
119.11271667480467,-374.03948974609375,145.24862670898438,134.2509765625,-150.13758850097656,966.0596313476562,112.7138442993164,-268.5661315917969,500.6990051269531,224.65530395507807,-100.20514678955078,815.819091796875,-112.72698211669922,159.0826416015625,158.82540893554688,-163.22616577148438,-99.54027557373048,979.1365356445312,-138.4136962890625,23.38541030883789,498.7711791992188,-197.3926696777344,-256.9066467285156,870.801513671875
119.5403060913086,-370.8177795410156,144.36386108398438,135.27767944335938,-152.0423583984375,965.5988159179688,113.3204574584961,-269.6611022949219,500.1233215332031,224.23976135253903,-100.70955657958984,814.437744140625,-112.5511474609375,166.3623046875,160.86460876464844,-162.2711639404297,-101.11670684814452,977.8870239257812,-136.73300170898438,23.52796936035156,498.2960510253906,-196.59100341796875,-255.1361541748047,868.1060180664062
119.90223693847656,-366.5736083984375,143.37469482421875,136.330810546875,-154.1146240234375,965.4093627929688,114.02596282958984,-270.6374206542969,499.65570068359375,223.94212341308597,-101.3907470703125,813.219482421875,-112.39043426513672,173.33609008789062,163.17886352539062,-161.28936767578125,-102.89422607421876,976.7285766601562,-134.91598510742188,22.998388290405277,497.8732299804688,-195.8399200439453,-253.11795043945312,865.4677124023438
120.2043914794922,-361.5201416015625,142.32891845703125,137.41514587402344,-156.32264709472656,965.4935302734376,114.8521957397461,-271.4706726074219,499.3023681640625,223.77626037597656,-102.25739288330078,812.1788940429688,-112.2557601928711,179.94773864746094,165.78016662597656,-160.276611328125,-104.86228942871094,975.666259765625,-133.00830078125,21.750164031982425,497.49066162109375,-195.1345672607422,-250.8581085205078,862.9140625
120.45616912841795,-355.8451538085937,141.26895141601562,138.5344696044922,-158.63082885742188,965.8474731445312,115.8183822631836,-272.14434814453125,499.0699768066406,223.75436401367188,-103.318115234375,811.3280029296875,-112.15869903564452,186.1277313232422,168.67864990234375,-159.22962951660156,-107.0020523071289,974.703125,-131.0675048828125,19.739702224731445,497.1274719238281,-194.4693145751953,-248.36520385742188,860.4697875976562
120.6687240600586,-349.6995849609375,140.230224609375,139.69102478027344,-161.00106811523438,966.4612426757812,116.93936157226562,-272.6462707519531,498.9631652832031,223.8867034912109,-104.58121490478516,810.6765747070312,-112.11024475097656,191.79330444335935,171.88291931152344,-158.14642333984375,-109.28604888916016,973.8405151367188,-129.16043090820312,16.92995834350586,496.7542419433594,-193.8380126953125,-245.6503143310547,858.1566772460938
120.85325622558594,-343.19317626953125,139.24105834960938,140.8850555419922,-163.3941192626953,967.3193359375,118.2236785888672,-272.96356201171875,498.9817504882813,224.18148803710935,-106.0543441772461,810.2317504882812,-112.11953735351562,196.84954833984372,175.40025329589844,-157.02639770507812,-111.6784210205078,973.0778198242188,-127.35887145996094,13.29458999633789,496.3345031738281,-193.23431396484372,-242.7270050048828,855.9931640625
121.01962280273438,-336.39599609375,138.322509765625,142.1145782470703,-165.7707977294922,968.4010009765624,119.67159271240234,-273.0779113769531,499.1187133789063,224.64476013183597,-107.74422454833984,809.9983520507812,-112.19259643554688,201.1916046142578,179.236572265625,-155.87057495117188,-114.13581848144533,972.4129638671876,-125.73371124267578,8.821870803833008,495.8277282714844,-192.6519012451172,-239.61119079589844,853.9942626953125
121.17523193359376,-329.3446960449219,137.4884796142578,143.37535095214844,-168.0932159423828,969.68115234375,121.27326965332033,-272.9615173339844,499.359130859375,225.2802734375,-109.6563491821289,809.9789428710938,-112.33140563964844,204.70802307128903,183.3956756591797,-154.6815948486328,-116.60895538330078,971.8426513671876,-124.34807586669922,3.517688274383545,495.19378662109375,-192.0849151611328,-236.32098388671875,852.1718139648438
121.32442474365234,-322.0511169433594,136.7461395263672,144.6610107421875,-170.3256378173828,971.131103515625,123.00808715820312,-272.5751342773437,499.6804809570313,226.0895233154297,-111.7947006225586,810.1736450195312,-112.5331573486328,207.285888671875,187.8775787353516,-153.4638214111328,-119.04470825195312,971.3626098632812,-123.25040435791016,-2.5929179191589355,494.3989562988281,-191.5282287597656,-232.8764495849609,850.5341796875
121.46841430664062,-314.51177978515625,136.0968475341797,145.96348571777344,-172.435302734375,972.719970703125,124.8451690673828,-271.86834716796875,500.0539855957031,227.0717010498047,-114.16152954101562,810.58056640625,-112.78990936279295,208.81724548339844,192.6761016845703,-152.22328186035156,-121.388671875,970.9685668945312,-122.46903228759766,-9.46592617034912,493.4220275878906,-190.9777374267578,-229.29934692382807,849.086669921875
121.60574340820312,-306.7166748046875,135.53720092773438,147.27346801757812,-174.392822265625,974.4155883789062,126.74530792236328,-270.78271484375,500.4469299316406,228.22373962402344,-116.7572021484375,811.1957397460938,-113.08850860595705,209.2066802978516,197.7760162353516,-150.9674530029297,-123.5878448486328,970.6566162109376,-122.00940704345705,-17.040237426757812,492.2596740722656,-190.4305877685547,-225.6127471923828,847.83203125
121.73306274414062,-298.6567687988281,135.060302734375,148.58103942871094,-176.17263793945312,976.185791015625,128.6640625,-269.2568054199219,500.8253784179688,229.5404357910156,-119.58016204833984,812.0133666992188,-113.41101837158205,208.3791046142578,203.15028381347656,-149.7050018310547,-125.59331512451172,970.4240112304688,-121.85450744628906,-25.241071701049805,490.9299926757813,-189.8853454589844,-221.8408050537109,846.7704467773438
121.84602355957033,-290.3289489746094,134.6569366455078,149.87635803222656,-177.7530975341797,977.9996948242188,130.5557098388672,-267.2330322265625,501.1570739746094,231.01451110839844,-122.6269073486328,813.026123046875,-113.73568725585938,206.28677368164065,208.75851440429688,-148.4453887939453,-127.36273193359376,970.2695922851562,-121.96810913085938,-33.98430633544922,489.4740295410156,-189.342041015625,-218.00827026367188,845.9002075195312
121.94017791748048,-281.7392272949219,134.31671142578125,151.15025329589844,-179.11656188964844,979.828369140625,132.37750244140625,-264.6644592285156,501.4140930175781,232.6368103027344,-125.89212799072266,814.2250366210938,-114.03863525390624,202.9149932861328,214.54669189453125,-147.19845581054688,-128.86236572265625,970.1943359375,-122.29998016357422,-43.1811637878418,487.9544067382813,-188.80218505859372,-214.1400604248047,845.218017578125
122.01185607910156,-272.9034423828125,134.0288543701172,152.39474487304688,-180.24945068359372,981.6458740234376,134.0937957763672,-261.5209045410156,501.5751953125,234.39645385742188,-129.36880493164062,815.6000366210938,-114.29617309570312,198.2859649658203,220.44854736328125,-145.9739990234375,-130.06871032714844,970.201416015625,-122.79209899902344,-52.742897033691406,486.4519348144531,-188.2686767578125,-210.2608184814453,844.7192993164062
122.058837890625,-263.8466186523437,133.782958984375,153.60340881347656,-181.14230346679688,983.429443359375,135.67929077148438,-257.793212890625,501.62744140625,236.281005859375,-133.04833984375,817.14013671875,-114.4874038696289,192.4598693847656,226.38829040527344,-144.78121948242188,-130.96932983398438,970.296142578125,-123.38484191894533,-62.58478927612305,485.0596618652344,-187.74562072753903,-206.3943634033203,844.3984985351562
122.08067321777344,-254.60079956054688,133.5694580078125,154.7716064453125,-181.7896270751953,985.1599731445312,137.12075805664062,-253.4947204589844,501.5669860839844,238.2767639160156,-136.9207000732422,818.8335571289062,-114.59650421142578,185.53204345703125,232.2840576171875,-143.62840270996094,-131.56301879882812,970.48583984375,-124.02243041992188,-72.6290283203125,483.8755187988281,-187.23800659179688,-202.56333923339844,844.2494506835938
122.07868957519533,-245.20176696777344,133.3800506591797,155.89651489257812,-182.1898498535156,986.8218383789062,138.41696166992188,-248.66021728515625,501.39886474609375,240.36888122558597,-140.97463989257812,820.6680908203125,-114.61439514160156,177.6260986328125,238.0507659912109,-142.52249145507812,-131.85939025878906,970.7791137695312,-124.65691375732422,-82.80608367919922,482.99456787109375,-186.75149536132807,-198.7887725830078,844.2655029296875
122.05579376220705,-235.68597412109372,133.2079315185547,156.9772491455078,-182.3448486328125,988.40283203125,139.57667541503906,-243.34230041503903,501.1356201171875,242.54168701171875,-145.19778442382812,822.6312866210938,-114.53929138183594,168.88327026367188,243.6015625,-141.46890258789062,-131.87765502929688,971.1854248046876,-125.2502212524414,-93.05433654785156,482.5010681152344,-186.29188537597656,-195.0897216796875,844.439453125
122.01612091064452,-226.0877990722656,133.04795837402344,158.01463317871094,-182.25958251953125,989.8935546875,140.61512756347656,-237.60597229003903,500.7955932617188,244.77880859375,-149.57699584960938,824.7105102539062,-114.37630462646484,159.44924926757812,248.84716796875,-140.47140502929688,-131.64498901367188,971.7139892578124,-125.77458190917967,-103.31847381591795,482.4617004394531,-185.86485290527344,-191.48309326171875,844.763671875
121.96436309814452,-216.43753051757807,132.89671325683594,159.0109100341797,-181.94183349609372,991.2871704101562,141.54953002929688,-231.5221710205078,500.40032958984375,247.06353759765625,-154.0984344482422,826.8931884765625,-114.13605499267578,149.4608154296875,253.69422912597656,-139.53211975097656,-131.19451904296875,972.3729248046876,-126.21207427978516,-113.54750061035156,482.9205627441406,-185.47547912597656,-187.98333740234372,845.2301025390625
121.90520477294922,-206.7600860595703,132.75247192382812,159.96922302246094,-181.40188598632807,992.578369140625,142.39468383789062,-225.161376953125,499.9722900390625,249.37892150878903,-158.74781799316406,829.1668090820312,-113.83283996582033,139.0347137451172,258.04498291015625,-138.65176391601562,-130.56301879882812,973.1680297851562,-126.55381774902344,-123.6930160522461,483.895751953125,-185.1278839111328,-184.60243225097656,845.8297729492188
121.84268188476562,-197.07444763183597,132.614990234375,160.89321899414062,-180.65219116210935,993.7631225585938,143.15968322753906,-218.5878753662109,499.5323486328125,251.70803833007807,-163.51063537597656,831.5189208984375,-113.48290252685548,128.260498046875,261.79931640625,-137.82977294921875,-129.78878784179688,974.1019287109376,-126.79843139648438,-133.7073211669922,485.3790283203125,-184.824951171875,-181.3497772216797,846.5530395507812
121.77969360351562,-187.3938751220703,132.48538208007812,161.7865753173828,-179.70681762695312,994.8381958007812,143.84634399414062,-211.8555450439453,499.0980224609375,254.0341796875,-168.37216186523438,833.9373779296875,-113.10320281982422,117.19782257080078,264.859375,-137.06475830078125,-128.90936279296875,975.1732788085938,-126.94981384277344,-143.54180908203125,487.3374328613281,-184.56802368164065,-178.23231506347656,847.3887939453125
121.71775817871094,-177.7264404296875,132.36570739746094,162.65261840820312,-178.58114624023438,995.800537109375,144.45004272460938,-205.00511169433597,498.6823425292969,256.3409729003906,-173.31773376464844,836.409912109375,-112.71035766601562,105.87775421142578,267.1359558105469,-136.35475158691406,-127.95990753173828,976.3760375976562,-127.0144500732422,-153.1464080810547,489.7175598144531,-184.3568878173828,-175.2545166015625,848.324951171875
121.6570281982422,-168.0758514404297,132.2587127685547,163.49380493164062,-177.2913818359375,996.6473999023438,144.9624481201172,-198.0632781982422,498.2935180664063,258.6125183105469,-178.33277893066406,838.924560546875,-112.31986236572266,94.30707550048828,268.55487060546875,-135.69761657714844,-126.9716339111328,977.699462890625,-126.9985580444336,-162.47103881835938,492.451171875,-184.18955993652344,-172.4186553955078,849.3475341796875
121.59652709960938,-158.44204711914062,132.16734313964844,164.3114471435547,-175.85450744628906,997.3759155273438,145.37574768066406,-191.0432586669922,497.9351806640625,260.83349609375,-183.4029235839844,841.4691772460938,-111.94562530517578,82.47402954101562,269.0624389648437,-135.09140014648438,-125.97087860107422,979.1278076171876,-126.90558624267578,-171.46836853027344,495.4617004394531,-184.06253051757807,-169.72491455078125,850.4412841796875
121.53450775146484,-148.82208251953125,132.0943145751953,165.10540771484375,-174.28811645507812,997.9833374023438,145.68638610839844,-183.9470977783203,497.6070861816406,262.9892272949219,-188.51400756835935,844.03173828125,-111.5997314453125,70.35442352294922,268.62908935546875,-134.53451538085938,-124.97850799560548,980.64111328125,-126.7341537475586,-180.0961151123047,498.6703186035156,-183.97080993652344,-167.17164611816406,851.589111328125
121.4688720703125,-139.211181640625,132.0417938232422,165.8738250732422,-172.61032104492188,998.4667358398438,145.897216796875,-176.7696990966797,497.3057556152344,265.0657043457031,-193.6522216796875,846.60009765625,-111.29234313964844,57.91752243041992,267.250732421875,-134.0260467529297,-124.0097885131836,982.2155151367188,-126.4771728515625,-188.31802368164065,502.0013732910156,-183.90821838378903,-164.755615234375,852.7725219726562
121.39742279052734,-129.60398864746094,132.01116943359375,166.61314392089844,-170.83961486816406,998.823486328125,146.01730346679688,-169.5037841796875,497.0254211425781,267.0496826171875,-198.8040008544922,849.1619873046875,-111.03162384033205,45.13126373291016,264.948486328125,-133.56568908691406,-123.07463073730467,983.8241577148438,-126.12223815917967,-196.10366821289065,505.3860778808594,-183.86778259277344,-162.4722900390625,853.9714965820312
121.31803894042967,-119.9956512451172,132.0028533935547,167.31808471679688,-168.99452209472656,999.0510864257812,146.0597686767578,-162.14480590820312,496.7587585449219,268.9286193847656,-203.9560546875,851.7051391601562,-110.8237075805664,31.966203689575195,261.7666015625,-133.15380859375,-122.17813873291016,985.438232421875,-125.65348815917967,-203.42784118652344,508.7644958496094,-183.84202575683597,-160.31607055664062,855.1651000976562
121.22869873046876,-110.38265228271484,132.01629638671875,167.98179626464844,-167.09323120117188,999.1475219726562,146.03875732421875,-154.69471740722656,496.4974060058594,270.6907958984375,-209.0953063964844,854.2174072265625,-110.67266082763672,18.3976993560791,257.7693786621094,-132.7913055419922,-121.32134246826172,987.0279541015624,-125.05492401123048,-210.26998901367188,512.0850219726562,-183.82342529296875,-158.2805633544922,856.3316040039062
121.12747955322266,-100.76316833496094,132.0499725341797,168.59628295898438,-165.1533203125,999.1113891601562,145.9665069580078,-147.1641387939453,496.23291015625,272.3253173828125,-214.20884704589844,856.6866455078125,-110.58039855957033,4.406718254089356,253.0375518798828,-132.47946166992188,-120.50212860107422,988.5634765625,-124.3144760131836,-216.6138153076172,515.3025512695312,-183.8048248291016,-156.35885620117188,857.4489135742188
121.0124969482422,-91.1371612548828,132.1014404296875,169.15289306640625,-163.19154357910156,998.9419555664062,145.851318359375,-139.5731658935547,495.9570007324219,273.82208251953125,-219.28379821777344,859.1007690429688,-110.54672241210938,-10.020207405090332,247.6648712158203,-132.2196807861328,-119.71614837646484,990.0160522460938,-123.42766571044922,-222.4466552734375,518.3759155273438,-183.77980041503903,-154.54367065429688,858.4951171875
120.8818130493164,-81.50626373291016,132.16751098632812,169.64288330078125,-161.22369384765625,998.639404296875,145.69667053222656,-131.95065307617188,495.6624145507813,275.1719970703125,-224.3073272705078,861.4482421875,-110.5693817138672,-24.89119529724121,241.75477600097656,-132.0133056640625,-118.95783233642578,991.3584594726562,-122.40006256103516,-227.7586212158203,521.2664184570312,-183.74298095703125,-152.82760620117188,859.4487915039062
120.73332214355467,-71.87348937988281,132.24432373046875,170.05816650390625,-159.26454162597656,998.2047119140624,145.5016632080078,-124.3326416015625,495.3429260253906,276.3669128417969,-229.2664794921875,863.7175903320312,-110.64418029785156,-40.20890045166016,235.4176788330078,-131.86126708984375,-118.22128295898438,992.5658569335938,-121.248291015625,-232.54177856445312,523.9366455078125,-183.69039916992188,-151.20335388183594,860.289794921875
120.56470489501952,-62.242919921875,132.32762145996094,170.39187622070312,-157.32774353027344,997.6399536132812,145.26243591308594,-116.7601547241211,494.9936828613281,277.3996276855469,-234.14816284179688,865.89794921875,-110.76480865478516,-55.96976852416992,228.76852416992188,-131.76400756835938,-117.50115203857422,993.6161499023438,-119.99957275390624,-236.7898101806641,526.3506469726562,-183.61959838867188,-149.6637725830078,860.9991455078125
120.3734130859375,-52.61937713623047,132.41285705566406,170.6389617919922,-155.4259033203125,996.9481811523438,144.97398376464844,-109.27613830566406,494.6111145019531,278.2640380859375,-238.93898010253903,867.9791259765625,-110.92247009277344,-72.16278839111328,221.9246368408203,-131.72119140625,-116.79334259033205,994.4905395507812,-118.68995666503906,-240.498046875,528.4743041992188,-183.52984619140625,-148.20204162597656,861.5601196289062
120.15675354003906,-43.008209228515625,132.49560546875,170.79666137695312,-153.5705108642578,996.1336669921876,144.63221740722656,-101.92208862304688,494.1927185058594,278.9550170898437,-243.62530517578125,869.9513549804688,-111.10606384277344,-88.7683334350586,215.0037384033203,-131.731689453125,-116.0956039428711,995.1736450195312,-117.36175537109376,-243.6636505126953,530.2760620117188,-183.422119140625,-146.81182861328125,861.9578857421875
119.9120635986328,-33.414939880371094,132.57176208496094,170.86474609375,-151.77203369140625,995.2020263671876,144.2357940673828,-94.73448944091795,493.7370910644531,279.4685363769531,-248.19309997558597,871.8055419921875,-111.30290985107422,-105.75729370117188,208.12179565429688,-131.7935791015625,-115.40794372558594,995.6537475585938,-116.06050872802734,-246.28614807128903,531.7279052734375,-183.29913330078125,-145.48728942871094,862.1803588867188
119.63701629638672,-23.844972610473636,132.6380615234375,170.8457489013672,-150.0399932861328,994.159912109375,143.78732299804688,-87.74208068847656,493.2438049316406,279.8014221191406,-252.6280517578125,873.5333862304688,-111.499755859375,-123.09042358398438,201.3909149169922,-131.90419006347656,-114.7328109741211,995.9232177734376,-114.83167266845705,-248.3679962158203,532.8065185546875,-183.16525268554688,-144.22315979003906,862.2181396484375
119.33016204833984,-14.303325653076172,132.69232177734375,170.7447967529297,-148.38302612304688,993.0153198242188,143.29391479492188,-80.96427917480469,492.7134094238281,279.9515991210937,-256.91552734375,875.1272583007812,-111.6839370727539,-140.7174835205078,194.91732788085935,-132.060302734375,-114.0751724243164,995.9784545898438,-113.71737670898438,-249.9151306152344,533.49462890625,-183.02630615234372,-143.01486206054688,862.0647583007812
118.99156188964844,-4.794586181640625,132.73399353027344,170.5695037841797,-146.80902099609375,991.7774658203124,142.76690673828125,-74.41060638427734,492.1475830078125,279.9176940917969,-261.0406799316406,876.5801391601562,-111.84431457519533,-158.5760040283203,188.7994842529297,-132.25836181640625,-113.4423828125,995.8201904296876,-112.75345611572266,-250.9376220703125,533.7821044921875,-182.8894195556641,-141.8584747314453,861.716552734375
118.6234359741211,4.6769843101501465,132.76441955566406,170.32962036132812,-145.32528686523438,990.4568481445312,142.2211456298828,-68.081298828125,491.5494689941406,279.69927978515625,-264.988525390625,877.8857421875,-111.97196197509766,-176.58990478515625,183.12620544433597,-132.49468994140625,-112.84407806396484,995.4532470703124,-111.96702575683594,-251.45034790039065,533.6678466796875,-182.7628173828125,-140.75079345703125,861.173095703125
118.23064422607422,14.107219696044922,132.7873992919922,170.03651428222656,-143.93870544433594,989.0647583007812,141.67359924316406,-61.9694938659668,490.9235534667969,279.296630859375,-268.7440490722656,879.0385131835938,-112.0603256225586,-194.6683654785156,177.97463989257812,-132.765625,-112.29192352294922,994.8869018554688,-111.37481689453124,-251.47418212890625,533.1604614257812,-182.6555633544922,-139.6894073486328,860.4368286132812
117.8209228515625,23.491792678833008,132.8093719482422,169.70257568359375,-142.65602111816406,987.6137084960938,141.1417694091797,-56.06453704833984,490.275634765625,278.7107849121094,-272.2924194335937,880.0335083007812,-112.1050033569336,-212.70530700683597,173.4082489013672,-133.06776428222656,-111.79932403564452,994.13427734375,-110.98225402832033,-251.03713989257807,532.278564453125,-182.5773162841797,-138.6726531982422,859.5131225585938
117.4046630859375,32.82590866088867,132.83969116210938,169.34048461914062,-141.4839324951172,986.11669921875,140.64215087890625,-50.35547256469727,489.6126708984375,277.94354248046875,-275.6189880371094,880.8665161132812,-112.10297393798828,-230.57894897460935,169.47433471679688,-133.39810180664062,-111.38115692138672,993.2122802734376,-110.78340911865234,-250.1758575439453,531.0501708984375,-182.53810119628903,-137.69964599609375,858.4100952148438
116.99440002441406,42.103981018066406,132.8905029296875,168.9624481201172,-140.42922973632812,984.5873413085938,140.18899536132812,-44.83393859863281,488.94232177734375,276.9974060058594,-278.7095031738281,881.5340576171875,-112.0515594482422,-248.1522979736328,166.2014617919922,-133.75411987304688,-111.05338287353516,992.1410522460938,-110.76179504394533,-248.93704223632807,529.5114135742188,-182.54803466796875,-136.7703857421875,857.138427734375
116.60376739501952,51.31938552856445,132.9762725830078,168.5793914794922,-139.49876403808594,983.0394287109376,139.79330444335938,-39.49601745605469,488.2731018066406,275.8757019042969,-281.55029296875,882.0333251953125,-111.94715881347656,-265.27410888671875,163.59689331054688,-134.13389587402344,-110.8327178955078,990.9437255859376,-110.891845703125,-247.37876892089844,527.7050170898438,-182.6171722412109,-135.88568115234375,855.7113647460938
116.24605560302734,60.464385986328125,133.11309814453125,168.20045471191406,-138.69964599609375,981.4867553710938,139.46194458007812,-34.34351348876953,487.6137390136719,274.58251953125,-284.1282958984375,882.3622436523438,-111.78411865234376,-281.7811279296875,161.64451599121094,-134.53604125976562,-110.73623657226562,989.6455078125,-111.14116668701172,-245.5711669921875,525.6788940429688,-182.75515747070312,-135.04722595214844,854.14404296875
115.93251037597656,69.53021240234375,133.31796264648438,167.8323974609375,-138.03936767578125,979.9427490234376,139.19662475585938,-29.38493537902832,486.9728088378906,273.1229248046875,-286.4313049316406,882.5196533203125,-111.5538558959961,-297.50146484375,160.30377197265625,-134.9597625732422,-110.78093719482422,988.2734985351562,-111.47308349609376,-243.59605407714844,523.4853515625,-182.9711761474609,-134.25759887695312,852.4536743164062
115.67091369628906,78.50719451904297,133.60824584960938,167.4793243408203,-137.5260009765625,978.4201049804688,138.99302673339844,-24.636194229125977,486.35791015625,271.5028991699219,-288.4480895996094,882.5050048828125,-111.2445068359375,-312.2591552734375,159.51007080078125,-135.40472412109375,-110.98331451416016,986.8555297851562,-111.84952545166016,-241.5449676513672,521.1806030273438,-183.2736053466797,-133.52029418945312,850.6590576171875
115.46441650390624,87.38499450683594,134.00146484375,167.1424560546875,-137.16847229003906,976.9305419921876,138.83999633789062,-20.12063789367676,485.7748718261719,269.7294921875,-290.16845703125,882.3187866210938,-110.84124755859376,-325.8805847167969,159.17701721191406,-135.87095642089844,-111.35887145996094,985.419677734375,-112.23377227783205,-239.5156707763672,518.8237915039062,-183.6699676513672,-132.83970642089844,848.7800903320312
115.3110809326172,96.1528091430664,134.51486206054688,166.820068359375,-136.97666931152344,975.484375,138.71951293945312,-15.868240356445312,485.2274475097656,267.8109741210937,-291.58355712890625,881.9622802734375,-110.32740783691406,-338.2020263671875,159.2007598876953,-136.3588409423828,-111.921630859375,983.9938354492188,-112.59269714355467,-237.6070098876953,516.4752807617188,-184.1666717529297,-132.22117614746094,846.8379516601562
115.2040786743164,104.79972076416016,135.1654052734375,166.50765991210938,-136.96144104003906,974.0902099609376,138.6072998046875,-11.914220809936523,484.7167663574219,265.7567443847656,-292.6858825683594,881.4376831054688,-109.68628692626952,-349.0787353515625,159.46641540527344,-136.8689727783203,-112.68364715576172,982.6046142578124,-112.89832305908205,-235.9127960205078,514.1932983398438,-184.7689208984375,-131.6708984375,844.8540649414062
115.13253021240234,113.31478881835938,135.96958923339844,166.19821166992188,-137.13446044921875,972.7548828125,138.47427368164062,-8.297385215759277,484.24127197265625,263.5776672363281,-293.4692687988281,880.7481689453125,-108.90337371826172,-358.3935241699219,159.85623168945312,-137.40208435058594,-113.65442657470705,981.2771606445312,-113.12850952148438,-234.51528930664065,512.030517578125,-185.4805145263672,-131.19598388671875,842.8504028320312
115.08290100097656,121.6869659423828,136.94346618652344,165.8826904296875,-137.5077667236328,971.4832763671876,138.28868103027344,-5.058419227600098,483.796875,261.2859191894531,-293.92926025390625,879.89794921875,-107.96863555908205,-366.0652465820313,160.25885009765625,-137.9590301513672,-114.84046936035156,980.034423828125,-113.26714324951172,-233.4796600341797,510.0312194824219,-186.3038024902344,-130.8043670654297,840.8488159179688
115.04073333740234,129.9047088623047,138.10235595703125,165.55059814453125,-138.09315490722656,970.27880859375,138.0190887451172,-2.238353729248047,483.3769226074219,258.8951110839844,-294.0628662109375,878.89208984375,-106.87858581542967,-372.0555419921875,160.5783233642578,-138.54071044921875,-116.24465942382812,978.8973388671876,-113.3041763305664,-232.85028076171875,508.2288513183594,-187.2395477294922,-130.50466918945312,838.8706665039062
114.9925537109375,137.9551239013672,139.460693359375,165.1908416748047,-138.90118408203125,969.1433715820312,137.637451171875,0.1226699501276016,482.9725036621094,256.42022705078125,-293.868896484375,877.7369384765625,-105.6379165649414,-376.3734130859375,160.7417755126953,-139.14796447753906,-117.86580657958984,977.8841552734376,-113.23590087890624,-232.6493377685547,506.645751953125,-188.2868804931641,-130.3062286376953,836.9368286132812
114.9276123046875,145.82302856445312,141.0316619873047,164.79244995117188,-139.94007873535156,968.0782470703124,137.1225128173828,1.9861701726913448,482.572998046875,253.87759399414065,-293.3477478027344,876.4397583007812,-104.26073455810548,-379.0765380859375,160.70407104492188,-139.7815399169922,-119.6981201171875,977.0108032226562,-113.0651626586914,-232.87754821777344,505.29388427734375,-189.4432678222656,-130.21885681152344,835.0672607421875
114.83938598632812,153.4897918701172,142.82708740234375,164.3452911376953,-141.21446228027344,967.0839233398438,136.46258544921875,3.3155996799468994,482.1663818359375,251.2848358154297,-292.5015869140625,875.0089721679688,-102.77108764648438,-380.2690734863281,160.4488525390625,-140.4420166015625,-121.73091888427734,976.2907104492188,-112.80175018310548,-233.5167236328125,504.1769714355469,-190.7045135498047,-130.2527313232422,833.2808837890625
114.72657012939452,160.9321746826172,144.857177734375,163.840576171875,-142.7243194580078,966.1607666015624,135.65785217285156,4.076284408569336,481.7398986816406,248.66065979003903,-291.3343200683594,873.4542846679688,-101.2029037475586,-380.0952453613281,159.98521423339844,-141.12965393066406,-123.9483642578125,975.7349853515624,-112.46265411376952,-234.5336456298828,503.2932434082031,-192.0648651123047,-130.4182891845703,831.5953369140625
114.59359741210938,168.12109375,147.13050842285156,163.2713623046875,-144.46389770507812,965.3088989257812,134.7217559814453,4.235245227813721,481.2806091308594,246.0247039794922,-289.8514404296875,871.7864990234375,-99.59918975830078,-378.728759765625,159.34097290039062,-141.84437561035156,-126.32952880859376,975.3524169921876,-112.07212829589844,-235.8844757080078,502.6385498046875,-193.51698303222656,-130.7259521484375,830.0270385742188
114.45052337646484,175.0205078125,149.65408325195312,162.63290405273438,-146.42108154296875,964.528564453125,133.68154907226562,3.761045932769776,480.77581787109375,243.39727783203125,-288.0601501464844,870.0176391601562,-98.0103759765625,-376.3587341308594,158.5541229248047,-142.58558654785156,-128.8486328125,975.1495361328124,-111.66156768798828,-237.5192108154297,502.2083435058594,-195.0521240234375,-131.18603515625,828.5910034179688
114.31228637695312,181.5865173339844,152.43353271484375,161.92282104492188,-148.57681274414062,963.8199462890624,132.57778930664062,2.6238179206848145,480.2134399414063,240.79913330078125,-285.96929931640625,868.1610107421875,-96.49181365966795,-373.17388916015625,157.66485595703125,-143.35215759277344,-131.4756622314453,975.13037109375,-111.26895141601562,-239.38514709472656,501.9985656738281,-196.66017150878903,-131.80850219726562,827.3009033203125
114.19740295410156,187.76693725585935,155.47378540039062,161.14126586914062,-150.90496826171875,963.1832275390624,131.46270751953125,0.7956117391586304,479.582275390625,238.2511138916016,-283.5891418457031,866.2310791015625,-95.10001373291016,-369.3467102050781,156.7105255126953,-144.1424102783203,-134.17718505859375,975.2966918945312,-110.93773651123048,-241.42868041992188,502.0044555664063,-198.32980346679688,-132.602783203125,826.1687622070312
114.12664794921876,193.501220703125,158.77999877929688,160.29090881347656,-153.37266540527344,962.6185913085938,130.3974609375,-1.7488014698028564,478.8719177246094,235.7738494873047,-280.9315795898437,864.2434692382812,-93.8878936767578,-365.02142333984375,155.72276306152344,-144.95404052734375,-136.91744995117188,975.6475219726562,-110.7150421142578,-243.59544372558597,502.21783447265625,-200.0485992431641,-133.57760620117188,825.2053833007812
114.12223052978516,198.72015380859372,162.35877990722656,159.376708984375,-155.94091796875,962.1260986328124,129.44810485839844,-5.0306243896484375,478.0726623535156,233.38743591308597,-278.0097961425781,862.2147827148438,-92.8990707397461,-360.3065185546875,154.72677612304688,-145.78424072265625,-139.65966796875,976.1788940429688,-110.64886474609376,-245.82847595214844,502.6233215332031,-201.8032073974609,-134.7407989501953,824.4198608398438
114.20694732666016,203.34542846679688,166.2177276611328,158.4056396484375,-158.5658416748047,961.7063598632812,128.68064880371094,-9.06529426574707,477.1755676269531,231.11114501953125,-274.8385314941406,860.1624755859375,-92.16242980957033,-355.27313232421875,153.7421112060547,-146.62974548339844,-142.3673553466797,976.8840942382812,-110.78435516357422,-248.06524658203125,503.19476318359375,-203.57948303222656,-136.09910583496094,823.8197631835938
114.40274047851562,207.2896881103516,170.36399841308594,157.3862762451172,-161.20016479492188,961.360107421875,128.1553497314453,-13.86046314239502,476.1730346679688,228.9630279541016,-271.4337158203125,858.1047973632812,-91.68860626220705,-349.9579467773437,152.78395080566406,-147.48712158203125,-145.00558471679688,977.7532348632812,-111.15930938720705,-250.2344970703125,503.8936767578125,-205.36257934570312,-137.6580810546875,823.4110717773438
114.72867584228516,210.45822143554688,174.80213928222656,156.32827758789062,-163.7950897216797,961.0889892578124,127.92121887207033,-19.414077758789062,475.0598754882813,226.95970153808597,-267.8125915527344,856.0604248046875,-91.4690933227539,-344.3689880371094,151.86451721191406,-148.35287475585938,-147.54209899902344,978.7738647460938,-111.79914855957033,-252.2538604736328,504.67041015625,-207.1371307373047,-139.42185974121094,823.1981201171875
115.19882202148438,212.75244140625,179.53143310546875,155.24183654785156,-166.30201721191406,960.8955078125,128.01123046875,-25.71282196044922,473.8356323242188,225.1161193847656,-263.99365234375,854.0482177734375,-91.47845458984376,-338.4931030273437,150.9940185546875,-149.22364807128906,-149.94810485839844,979.9307250976562,-112.71236419677734,-254.02944946289065,505.4691162109375,-208.88739013671875,-141.39303588867188,823.1835327148438
115.82037353515624,214.07521057128903,184.54299926757807,154.13731384277344,-168.67442321777344,960.7830810546876,128.43914794921875,-32.731109619140625,472.5071716308594,223.4453125,-259.9963684082031,852.0869750976562,-91.67865753173828,-332.3038635253906,150.18106079101562,-150.09646606445312,-152.198486328125,981.2066650390624,-113.88733673095705,-255.4579620361328,506.2341613769531,-210.59735107421875,-143.57260131835938,823.3681640625
116.59228515625,214.3370361328125,189.81661987304688,153.0247802734375,-170.86964416503906,960.7561645507812,129.19842529296875,-40.430850982666016,471.0913696289063,221.95823669433597,-255.84115600585935,850.1954956054688,-92.02458953857422,-325.76959228515625,149.43272399902344,-150.96868896484375,-154.27169799804688,982.5827026367188,-115.29183959960938,-256.4313659667969,506.9171447753906,-212.25091552734372,-145.95974731445312,823.7511596679688
117.50455474853516,213.46263122558597,195.31784057617188,151.91371154785156,-172.85044860839844,960.820068359375,130.26345825195312,-48.76208114624024,469.616943359375,220.66368103027344,-251.5490875244141,848.391845703125,-92.46942901611328,-318.8606872558594,148.75430297851562,-151.83816528320312,-156.14918518066406,984.03857421875,-116.87549591064452,-256.8436584472656,507.4820251464844,-213.8319854736328,-148.55186462402344,824.3302612304688
118.53823852539062,211.3975982666016,200.99612426757807,150.8127899169922,-174.58641052246094,960.9808959960938,131.59274291992188,-57.66440582275391,468.1255187988281,219.5681610107422,-247.1417236328125,846.6934814453125,-92.96903228759766,-311.5557556152344,148.149169921875,-152.70314025878906,-157.8148651123047,985.5535888671876,-118.57463836669922,-256.5986328125,507.9080505371094,-215.32470703125,-151.34457397460938,825.1015625
119.66655731201172,208.1143341064453,206.78575134277344,149.7295684814453,-176.05503845214844,961.2452392578124,133.13314819335938,-67.069091796875,466.6710205078125,218.67584228515625,-242.6407928466797,845.1168823242188,-93.48509979248048,-303.8461608886719,147.61856079101562,-153.56234741210938,-159.2545623779297,987.106689453125,-120.31880950927734,-255.6175079345703,508.1904602050781,-216.7136383056641,-154.3316192626953,826.0597534179688
120.8570556640625,203.61639404296875,212.6088104248047,148.67025756835938,-177.2423095703125,961.619873046875,134.82452392578125,-76.90156555175781,465.3177185058594,217.98866271972656,-238.06790161132807,843.6773071289062,-93.98709869384766,-295.7382507324219,147.1616668701172,-154.41505432128906,-160.45559692382812,988.6774291992188,-122.03785705566406,-253.84567260742188,508.3387451171875,-217.98394775390625,-157.5050506591797,827.1983642578125
122.07463836669922,197.940673828125,218.37989807128903,147.63949584960938,-178.1429443359375,962.1115112304688,136.60379028320312,-87.0841064453125,464.136962890625,217.5063323974609,-233.44419860839844,842.3886108398438,-94.45287322998048,-287.25421142578125,146.7755584716797,-155.26097106933594,-161.4066162109375,990.2459716796876,-123.6689453125,-251.257568359375,508.3732604980469,-219.1216583251953,-160.85525512695312,828.510009765625
123.28488159179688,191.15667724609372,224.01104736328125,146.64015197753906,-178.76023864746094,962.7260131835938,138.40867614746094,-97.53857421875,463.2030029296875,217.2263641357422,-228.79000854492188,841.262939453125,-94.86830139160156,-278.43048095703125,146.45547485351562,-156.1002655029297,-162.09750366210938,991.7938232421876,-125.16250610351562,-247.85986328125,508.32073974609375,-220.1138916015625,-164.37118530273438,829.9864501953125
124.45696258544922,183.36181640625,229.416259765625,145.67332458496094,-179.10543823242188,963.468505859375,140.18092346191406,-108.1888198852539,462.5884704589844,217.14425659179688,-224.1246337890625,840.3106079101562,-95.2260513305664,-269.3146057128906,146.19520568847656,-156.93344116210938,-162.51968383789062,993.3037719726562,-126.4861297607422,-243.6923065185547,508.2092590332031,-220.94915771484372,-168.0404510498047,831.6187133789062
125.56563568115234,174.67340087890625,234.51405334472656,144.73849487304688,-179.1966552734375,964.3427124023438,141.8689422607422,-118.96256256103516,462.35943603515625,217.2535095214844,-219.466064453125,839.5394287109375,-95.52420043945312,-259.9605407714844,145.98753356933594,-157.7611846923828,-162.66636657714844,994.7604370117188,-127.62582397460938,-238.82595825195312,508.06396484375,-221.6175079345703,-171.8495330810547,833.3975219726562
126.59193420410156,165.21815490722656,239.2279357910156,143.8337860107422,-179.0574951171875,965.3506469726562,143.4296417236328,-129.79234313964844,462.5711669921875,217.54576110839844,-214.8308868408203,838.9547729492188,-95.76473999023438,-250.4241180419922,145.82493591308594,-158.5841064453125,-162.53305053710938,996.150146484375,-128.5843963623047,-233.35784912109372,507.9038391113281,-222.1107940673828,-175.7840576171875,835.3132934570312
127.52278137207033,155.12136840820312,243.48521423339844,142.9562225341797,-178.71543884277344,966.4918212890624,144.82949829101562,-140.61561584472656,463.2641296386719,218.01092529296875,-210.2341461181641,838.5592041015625,-95.95225524902344,-240.7588348388672,145.69998168945312,-159.4025421142578,-162.1181182861328,997.4611206054688,-129.37750244140625,-227.40237426757807,507.7405700683594,-222.42282104492188,-179.82888793945312,837.3561401367188
128.34971618652344,144.4975128173828,247.21583557128903,142.10223388671875,-178.20004272460938,967.7630004882812,146.04437255859375,-151.37413024902344,464.4614562988281,218.63723754882807,-205.6893310546875,838.3521728515625,-96.09270477294922,-231.01263427734372,145.60595703125,-160.21624755859375,-161.42340087890625,998.6837158203124,-130.0283966064453,-221.08108520507807,507.5790100097656,-222.5494537353516,-183.96847534179688,839.5161743164062
129.0674285888672,133.4427490234375,250.3521423339844,141.26817321777344,-177.5411834716797,969.1573486328124,147.05862426757812,-162.01292419433594,466.1672058105469,219.4114532470703,-201.20835876464844,838.3299560546875,-96.19248962402344,-221.2256774902344,145.5373077392578,-161.02406311035156,-160.4547119140625,999.810302734375,-130.56259155273438,-214.51205444335935,507.4187927246094,-222.4886932373047,-188.1869201660156,841.7833251953125
129.67291259765625,122.0302963256836,252.82974243164065,140.4507598876953,-176.7675018310547,970.6646118164062,147.86343383789062,-172.47938537597656,468.3663940429688,220.3189849853516,-196.8016357421875,838.4854736328125,-96.25782012939452,-211.4293975830078,145.48985290527344,-161.82373046875,-159.22239685058594,1000.835205078125,-131.00320434570312,-207.80064392089844,507.256591796875,-222.2406768798828,-192.46826171875,844.1473999023438
130.16567993164062,110.30863189697266,254.5896759033203,139.64761352539062,-175.90504455566406,972.2706909179688,148.4547119140625,-182.72244262695312,471.0261535644531,221.3440704345703,-192.4781494140625,838.8085327148438,-96.29415130615234,-201.6466064453125,145.46072387695312,-162.61158752441406,-157.7415008544922,1001.7548828125,-131.3679656982422,-201.031982421875,507.0885314941406,-221.8075714111328,-196.79660034179688,846.5980834960938
130.54901123046875,98.30216217041016,255.5811920166016,138.85769653320312,-174.9763641357422,973.9578857421876,148.831298828125,-192.69235229492188,474.0978088378906,222.4699249267578,-188.24563598632807,839.2855224609375,-96.30601501464844,-191.8925018310547,145.44796752929688,-163.38259887695312,-156.03195190429688,1002.5676879882812,-131.66810607910156,-194.266357421875,506.912109375,-221.19357299804688,-201.1562042236328,849.1246948242188
130.83111572265625,86.01390075683594,255.7642974853516,138.08154296875,-173.9999237060547,975.7055053710938,148.99334716796875,-202.3407440185547,477.5198364257813,223.6790008544922,-184.11062622070312,839.8999633789062,-96.29713439941406,-182.17596435546875,145.45018005371094,-164.1302947998047,-154.11814880371094,1003.273681640625,-131.90924072265625,-187.5377197265625,506.7273559570313,-220.4046173095703,-205.53160095214844,851.7161254882812
131.025634765625,73.42963409423828,255.11170959472656,137.3213653564453,-172.99009704589844,977.4902954101562,148.94143676757812,-211.6212158203125,481.2213745117188,224.9532012939453,-180.07864379882812,840.6324462890625,-96.2707290649414,-172.5010986328125,145.46609497070312,-164.84686279296875,-152.0284881591797,1003.8744506835938,-132.09336853027344,-180.85546875,506.5368347167969,-219.4482421875,-209.90773010253903,854.36083984375
131.15113830566406,60.522796630859375,253.61032104492188,136.5811004638672,-171.95750427246094,979.2870483398438,148.67620849609375,-220.48995971679688,485.1258850097656,226.27407836914065,-176.15431213378906,841.46142578125,-96.22991943359376,-162.86854553222656,145.49441528320312,-165.5234832763672,-149.79454040527344,1004.3726806640624,-132.22164916992188,-174.20913696289062,506.3450622558594,-218.33335876464844,-214.26988220214844,857.0465087890625
131.229248046875,47.259647369384766,251.26222229003903,135.86619567871094,-170.90965270996094,981.069580078125,148.19863891601562,-228.90594482421875,489.1549377441406,227.62319946289065,-172.3414306640625,842.36328125,-96.17787170410156,-153.27670288085938,145.5336456298828,-166.150634765625,-147.4499969482422,1004.7719116210938,-132.2965545654297,-167.57508850097656,506.1572570800781,-217.0700225830078,-218.60386657714844,859.760009765625
131.28176879882812,33.60410690307617,248.0856475830078,135.18338012695312,-169.85169982910156,982.81103515625,147.51063537597656,-236.83087158203125,493.2312316894531,228.98228454589844,-168.64305114746094,843.31298828125,-96.11783599853516,-143.7225341796875,145.58212280273438,-166.7186737060547,-145.02960205078125,1005.0762939453124,-132.3229217529297,-160.9241485595703,505.9783630371094,-215.66912841796875,-222.8959503173828,862.4873657226562
131.32810974121094,19.521392822265625,244.1158905029297,134.54013061523438,-168.7871551513672,984.4849853515624,146.61610412597656,-244.22918701171875,497.2811584472656,230.3335418701172,-165.06153869628906,844.28466796875,-96.05284881591795,-134.20213317871094,145.6380615234375,-167.21836853027344,-142.56785583496094,1005.2901611328124,-132.30789184570312,-154.22850036621094,505.8122253417969,-214.1422271728516,-227.13287353515625,865.213623046875
131.38357543945312,4.980319976806641,239.4062957763672,133.9443359375,-167.71856689453125,986.0654907226562,145.52218627929688,-251.06822204589844,501.2365112304688,231.659912109375,-161.59864807128906,845.2521362304688,-95.98558044433594,-124.71095275878906,145.69972229003906,-167.64137268066406,-140.09786987304688,1005.41796875,-132.2598419189453,-147.4668426513672,505.6613159179688,-212.50132751464844,-231.30194091796875,867.9228515625
131.45858764648438,-10.045299530029297,234.02891540527344,133.40367126464844,-166.6481170654297,987.5280151367188,144.2406005859375,-257.3188171386719,505.0351867675781,232.94528198242188,-158.2554931640625,846.1892700195312,-95.9181900024414,-115.24403381347656,145.76548767089844,-167.980712890625,-137.6503448486328,1005.4637451171876,-132.18711853027344,-140.62759399414062,505.5265808105469,-210.75865173339844,-235.3909454345703,870.59814453125
131.55841064453125,-25.57552528381348,228.0741424560547,132.92523193359375,-165.57814025878906,988.849609375,142.78880310058594,-262.9559936523437,508.6214294433594,234.1746826171875,-155.0326690673828,847.0707397460938,-95.85237884521484,-105.7960205078125,145.83413696289062,-168.23129272460938,-135.2530059814453,1005.43115234375,-132.09707641601562,-133.70962524414062,505.4075927734375,-208.92657470703125,-239.38819885253903,873.2215576171875
131.68356323242188,-41.623348236083984,221.64895629882807,132.51504516601562,-164.5115203857422,990.0092163085938,141.1908721923828,-267.9599304199219,511.9459533691406,235.33453369140625,-151.93023681640625,847.8722534179688,-95.78952026367188,-96.36129760742188,145.90492248535156,-168.3901824951172,-132.93003845214844,1005.322998046875,-131.99554443359375,-126.72145080566406,505.3028564453125,-207.01739501953125,-243.2825469970703,875.7744750976562
131.83067321777344,-58.193973541259766,214.87388610839844,132.17784118652344,-163.45191955566406,990.9881591796876,139.47760009765625,-272.3173217773437,514.9654541015625,236.4127349853516,-148.9478302001953,848.5711669921875,-95.7308349609375,-86.9342041015625,145.97756958007812,-168.4568634033203,-130.70188903808594,1005.1412353515624,-131.8870086669922,-119.678955078125,505.2103271484375,-205.0433349609375,-247.0633544921875,878.2373657226562
131.994140625,-75.28400421142578,207.8789520263672,131.9168701171875,-162.40399169921875,991.7701416015624,137.68597412109375,-276.02227783203125,517.6426391601562,237.3988037109375,-146.08468627929688,849.1465454101562,-95.67757415771484,-77.50924682617188,146.05218505859375,-168.4333953857422,-128.5849609375,1004.8866577148438,-131.77508544921875,-112.60289764404295,505.1278381347656,-203.01632690429688,-250.72055053710935,880.5901489257812
132.16726684570312,-92.87982940673828,200.7994384765625,131.73374938964844,-161.37339782714844,992.3417358398438,135.8578643798828,-279.0776062011719,519.9462280273438,238.28402709960935,-143.3397216796875,849.5797119140625,-95.63117218017578,-68.08128356933594,146.1289825439453,-168.32423400878906,-126.5916976928711,1004.5589599609376,-131.66323852539062,-105.5164566040039,505.0533142089844,-200.9480438232422,-254.2447662353516,882.8121948242188
132.3430938720703,-110.95501708984376,193.7714691162109,131.62863159179688,-160.36680603027344,992.6921997070312,134.0380096435547,-281.49560546875,521.8514404296875,239.0615081787109,-140.71153259277344,849.8544921875,-95.59317016601562,-58.64573669433594,146.20816040039062,-168.13616943359375,-124.73046875,1004.1566162109376,-131.55551147460938,-98.44328308105467,504.9850463867188,-198.8497772216797,-257.6272888183594,884.8826904296875
132.5146026611328,-129.4669647216797,186.92762756347656,131.6002197265625,-159.39187622070312,992.8140869140624,132.27139282226562,-283.2990417480469,523.34033203125,239.7262420654297,-138.19857788085938,849.9570922851562,-95.5651397705078,-49.19889831542969,146.28970336914062,-167.87783813476562,-123.00585174560548,1003.67724609375,-131.4569549560547,-91.40613555908205,504.9213562011719,-196.7325134277344,-260.8600769042969,886.7809448242188
132.67430114746094,-148.3533172607422,180.39230346679688,131.64601135253906,-158.4572296142578,992.702880859375,130.6004180908203,-284.52154541015625,524.4027709960938,240.2751617431641,-135.7991180419922,849.876708984375,-95.54824829101562,-39.7383041381836,146.37319946289062,-167.55917358398438,-121.41901397705078,1003.11767578125,-131.3736572265625,-84.42609405517578,504.8602294921875,-194.60694885253903,-263.9358215332031,888.486572265625
132.81349182128906,-167.52883911132812,174.27749633789062,131.76246643066406,-157.57232666015625,992.3576049804688,129.06207275390625,-285.2075500488281,525.0368041992188,240.7071533203125,-133.51138305664062,849.6054077148438,-95.54293823242188,-30.26317024230957,146.4578399658203,-167.1908721923828,-119.96843719482422,1002.474365234375,-131.31239318847656,-77.52230072021484,504.7989196777344,-192.4835205078125,-266.8478088378906,889.9800415039062
132.92141723632812,-186.88357543945312,168.67880249023438,131.9453125,-156.74746704101562,991.7808227539062,127.68536376953124,-285.41168212890625,525.2496337890625,241.0230407714844,-131.33349609375,849.1383056640625,-95.5485382080078,-20.774852752685547,146.5425567626953,-166.7835693359375,-118.65089416503906,1001.74365234375,-131.27978515625,-70.7124252319336,504.7335205078125,-190.37255859375,-269.5898132324219,891.2429809570312
132.98455810546875,-206.28256225585935,163.67196655273438,132.18978881835938,-155.9935760498047,990.9786987304688,126.48931884765624,-285.19757080078125,525.0574951171875,241.22560119628903,-129.26365661621094,848.4734497070312,-95.56327056884766,-11.277055740356444,146.6262664794922,-166.34722900390625,-117.46257781982422,1000.9222412109376,-131.2813720703125,-64.01366424560547,504.658447265625,-188.2842559814453,-272.1561584472656,892.2586059570312
132.98670959472656,-225.56744384765625,159.30984497070312,132.4910125732422,-155.3222198486328,989.9613037109376,125.4818115234375,-284.6361694335937,524.4855346679688,241.3194580078125,-127.30004119873048,847.6121215820312,-95.58425903320312,-1.7759042978286743,146.70834350585938,-165.89031982421875,-116.4001693725586,1000.0073852539062,-131.3203582763672,-57.44395446777344,504.5663757324219,-186.22872924804688,-274.5413818359375,893.0120849609375
132.9095001220703,-244.5594024658203,155.6202392578125,132.84413146972656,-154.74530029296875,988.7424926757812,124.6591567993164,-283.8036499023437,523.5669555664062,241.3109893798828,-125.44102478027344,846.55859375,-95.6077880859375,7.719916343688965,146.78912353515625,-165.41932678222656,-115.46184539794922,998.997314453125,-131.3964385986328,-51.02309799194336,504.4483642578125,-184.21609497070312,-276.74029541015625,893.4911499023438
132.73370361328125,-263.0638427734375,152.60446166992188,133.24462890625,-154.27511596679688,987.340087890625,124.00675964355467,-282.779052734375,522.341796875,241.208251953125,-123.6851577758789,845.3203125,-95.6296615600586,17.198942184448242,146.87037658691406,-164.93841552734375,-114.64791870117188,997.8914184570312,-131.5049285888672,-44.77338409423828,504.29437255859375,-182.25636291503903,-278.7477722167969,893.6861572265625
132.4407501220703,-280.8761901855469,150.23731994628906,133.68833923339844,-153.92416381835938,985.77587890625,123.50055694580078,-281.6415710449219,520.8553466796875,241.02081298828125,-122.03131103515624,843.907470703125,-95.64569854736328,26.64693260192871,146.95619201660156,-164.4494171142578,-113.96109008789062,996.6910400390624,-131.63607788085938,-38.71969223022461,504.0942077636719,-180.3594970703125,-280.5587158203125,893.5906982421875
132.0147705078125,-297.7886657714844,148.4686279296875,134.17152404785156,-153.7051239013672,984.0750732421876,123.10928344726562,-280.4676818847656,519.1559448242188,240.7595977783203,-120.4787826538086,842.3334350585938,-95.65177154541016,36.047550201416016,147.05361938476562,-163.95223999023438,-113.40621185302734,995.3994750976562,-131.7750244140625,-32.88916015625,503.8388671875,-178.53536987304688,-282.1678771972656,893.2017211914062
131.44422912597656,-313.5982971191406,147.22618103027344,134.6907501220703,-153.63070678710938,982.266357421875,122.7973403930664,-279.32843017578125,517.2937622070312,240.43663024902344,-119.0274887084961,840.6140747070312,-95.6439208984375,45.383426666259766,147.17312622070312,-163.44529724121094,-112.9897689819336,994.0224609375,-131.90216064453125,-27.310544967651367,503.5217590332031,-176.79356384277344,-283.5697937011719,892.5199584960938
130.72329711914062,-328.11529541015625,146.42059326171875,135.2428741455078,-153.71360778808594,980.381103515625,122.5280532836914,-278.2869873046875,515.3184204101562,240.0648193359375,-117.6780776977539,838.7678833007812,-95.61870574951172,54.6371955871582,147.3284149169922,-162.92601013183594,-112.71944427490234,992.5682373046876,-131.99392700195312,-22.013490676879883,503.1401062011719,-175.14346313476562,-284.7589416503906,891.550048828125
129.85250854492188,-341.17047119140625,145.9517059326172,135.8249053955078,-153.96620178222656,978.4533081054688,122.26700592041016,-277.39666748046875,513.2782592773438,239.65765380859372,-116.43215942382812,836.815673828125,-95.57376098632812,63.79230880737305,147.53599548339844,-162.39105224609375,-112.60384368896484,991.0479125976562,-132.02410888671875,-17.027883529663086,502.6958618164063,-173.59396362304688,-285.7294616699219,890.300537109375
128.83885192871094,-352.6220703125,145.7152557373047,136.43389892578125,-154.4002685546875,976.5185546875,121.98507690429688,-276.69921875,511.2189636230469,239.2289276123047,-115.2924346923828,834.7802124023438,-95.50833892822266,72.83346557617188,147.81460571289062,-161.83668518066406,-112.65229034423828,989.4746704101562,-131.96519470214844,-12.383397102355955,502.1961975097656,-172.1534423828125,-286.4755554199219,888.7841796875
127.69512176513672,-362.361328125,145.6097869873047,137.06698608398438,-155.0265350341797,974.6136474609376,121.66088104248048,-276.22412109375,509.18310546875,238.7923889160156,-114.26290130615234,832.6859741210938,-95.4238052368164,81.74669647216797,148.18458557128906,-161.25892639160156,-112.8746109008789,987.8640747070312,-131.78994750976562,-8.109310150146484,501.6531066894531,-170.82957458496094,-286.9913024902344,887.017822265625
126.43965911865234,-370.3175048828125,145.54364013671875,137.7214813232422,-155.85397338867188,972.7755737304688,121.2823486328125,-275.98828125,507.2097473144531,238.36148071289065,-113.34896850585938,830.5587158203125,-95.32389068603516,90.51911163330078,148.66726684570312,-160.65382385253906,-113.28072357177734,986.233154296875,-131.47312927246094,-4.234650135040283,501.0826721191406,-169.6292266845703,-287.2710266113281,885.0220336914062
125.09667205810548,-376.46240234375,145.44125366210938,138.3948974609375,-156.8892059326172,971.0411376953124,120.847412109375,-275.9964599609375,505.3341064453125,237.94908142089844,-112.55757904052734,828.4252319335938,-95.21460723876952,99.13836669921876,149.2843017578125,-160.01763916015625,-113.88003540039062,984.6002197265624,-130.9931182861328,-0.788744330406189,500.5035705566406,-168.5583038330078,-287.3093566894531,882.8211669921875
123.69662475585938,-380.8131408691406,145.2480926513672,139.08522033691406,-158.13571166992188,969.4459228515624,120.36385345458984,-276.24249267578125,503.587646484375,237.5672912597656,-111.8972625732422,826.3125610351562,-95.10387420654295,107.59190368652344,150.0569610595703,-159.34710693359375,-114.68064880371094,982.9840087890624,-130.33352661132812,2.197892189025879,499.9349670410156,-167.6216278076172,-287.1014404296875,880.4428100585938
122.27606201171876,-383.4326477050781,144.93270874023438,139.7908172607422,-159.59324645996094,968.0238037109376,119.84854888916016,-276.7113952636719,501.9981689453125,237.22726440429688,-111.37809753417967,824.247802734375,-95.00082397460938,115.8657455444336,151.0055694580078,-158.63970947265625,-115.68842315673828,981.4033813476562,-129.48477172851562,4.6924896240234375,499.39453125,-166.8228759765625,-286.6432800292969,877.9174194335938
120.8766860961914,-384.4268798828125,144.4859619140625,140.5106658935547,-161.25732421875,966.8057861328124,119.32624816894533,-277.38165283203125,500.590087890625,236.9390563964844,-111.01160430908205,822.2576293945312,-94.9151382446289,123.94284057617188,152.1492462158203,-157.89390563964844,-116.9058837890625,979.8767700195312,-128.44554138183594,6.658985137939453,498.8960571289063,-166.16448974609375,-285.931884765625,875.2778930664062
119.54325103759766,-383.9385986328125,143.91690063476562,141.244140625,-163.1189727783203,965.8195190429688,118.82811737060548,-278.2279663085937,499.3846435546875,236.71157836914065,-110.81053924560548,820.3677368164062,-94.85640716552734,131.80105590820312,153.5059814453125,-157.10934448242188,-118.33129119873048,978.4214477539062,-127.22399139404295,8.057242393493652,498.4477233886719,-165.6475830078125,-284.96551513671875,872.5587158203125
118.32054901123048,-382.1380615234375,143.2467041015625,141.9910430908203,-165.16461181640625,965.0882568359376,118.38996124267578,-279.2232666015625,498.3998107910156,236.5525360107422,-110.78855895996094,818.6024169921875,-94.83377838134766,139.4110565185547,155.09320068359375,-156.28701782226562,-119.957763671875,977.0531005859376,-125.83889770507812,8.842803955078125,498.05072021484375,-165.27198791503906,-283.7440185546875,869.795654296875
117.24960327148438,-379.21044921875,142.50180053710938,142.75140380859375,-167.37625122070312,964.6300048828124,118.0501937866211,-280.34051513671875,497.649658203125,236.46844482421875,-110.9598388671875,816.9843139648438,-94.85578155517578,146.7344207763672,156.9283447265625,-155.42933654785156,-121.77256774902344,975.7855224609376,-124.32038879394533,8.967512130737305,497.6988220214844,-165.03628540039062,-282.2688903808594,867.0248413085938
116.36359405517578,-375.34185791015625,141.70864868164062,143.52528381347656,-169.73179626464844,964.4569091796876,117.84750366210938,-281.55303955078125,497.1431274414063,236.46458435058597,-111.33870697021484,815.5337524414062,-94.93017578125,153.72222900390625,159.02952575683594,-154.54017639160156,-123.75666809082033,974.6300048828124,-122.70997619628906,8.38135051727295,497.3785705566406,-164.93775939941406,-280.5436706542969,864.2820434570312
115.6841049194336,-370.7050476074219,140.89129638671875,144.3125457763672,-172.2055206298828,964.574462890625,117.81819915771484,-282.8338317871094,496.8822937011719,236.54513549804688,-111.93917846679688,814.2685546875,-95.06385803222656,160.31410217285156,161.41563415527344,-153.62472534179688,-125.8843002319336,973.5955200195312,-121.05947875976562,7.035715103149414,497.0701293945313,-164.97262573242188,-278.573974609375,861.6021118164062
115.21843719482422,-365.4483337402344,140.0704345703125,145.11273193359375,-174.76878356933594,964.9812622070312,117.99321746826172,-284.1533203125,496.8601684570313,236.7131500244141,-112.77460479736328,813.20361328125,-95.2624740600586,166.43812561035156,164.10598754882812,-152.68934631347656,-128.1230010986328,972.6881713867188,-119.42839813232422,4.887961864471436,496.7488098144531,-165.13601684570312,-276.3675842285156,859.01806640625
114.95890045166016,-359.6893005371094,139.26373291015625,145.92495727539062,-177.3907470703125,965.6686401367188,118.3949966430664,-285.4761962890625,497.0589294433594,236.9705810546875,-113.85723876953124,812.350830078125,-95.52965545654295,172.01170349121094,167.1195526123047,-151.7412567138672,-130.4339599609375,971.9114379882812,-117.88055419921876,1.906338334083557,496.38665771484375,-165.42222595214844,-273.9346008300781,856.5606079101562
114.88422393798828,-353.51397705078125,138.48638916015625,146.74777221679688,-180.0391845703125,966.62109375,119.03460693359376,-286.7574462890625,497.4490661621094,237.31838989257807,-115.19800567626952,811.7186279296875,-95.86637878417967,176.94337463378906,170.47415161132812,-150.7880859375,-132.77296447753906,971.2662963867188,-116.48006439208984,-1.9256259202957156,495.95416259765625,-165.8247528076172,-271.287353515625,854.2575073242188
114.96266174316406,-346.9801025390625,137.75137329101562,147.5792236328125,-182.68125915527344,967.8162841796876,119.90963745117188,-287.93927001953125,497.9898376464844,237.75650024414065,-116.80622863769533,811.3123168945312,-96.27044677734376,181.13563537597656,174.18565368652344,-149.83741760253906,-135.092041015625,970.7510986328124,-115.28691864013672,-6.605891704559326,495.4225463867188,-166.33657836914062,-268.4403381347656,852.133056640625
115.15595245361328,-340.1224365234375,137.06906127929688,148.4168701171875,-185.28424072265625,969.226318359375,121.00335693359376,-288.94940185546875,498.6314697265625,238.2838134765625,-118.6894989013672,811.133544921875,-96.73603057861328,184.48887634277344,178.26687622070312,-148.89610290527344,-137.3418426513672,970.3618774414062,-114.35208892822266,-12.112401008605955,494.7663269042969,-166.95022583007812,-265.4100952148437,850.2079467773438
115.4235382080078,-332.958740234375,136.4469757080078,149.25791931152344,-187.81602478027344,970.8185424804688,122.28527069091795,-289.7021789550781,499.3189392089844,238.89830017089844,-120.853515625,811.1807861328125,-97.25306701660156,186.90606689453125,182.72561645507807,-147.9697265625,-139.4744110107422,970.0928955078124,-113.7130355834961,-18.403682708740234,493.966796875,-167.6580047607422,-262.2149963378906,848.4987182617188
115.72650146484376,-325.4965515136719,135.88943481445312,150.09938049316406,-190.2457427978516,972.5571899414062,123.71334075927734,-290.102294921875,499.9964904785156,239.596923828125,-123.30192565917967,811.4495849609375,-97.80694580078124,188.2983856201172,187.5623779296875,-147.06234741210938,-141.4456787109375,969.9368896484376,-113.3900909423828,-25.421432495117188,493.015625,-168.4521026611328,-258.8749694824219,847.0177001953125
116.0307388305664,-317.7391662597656,135.3974151611328,150.93829345703125,-192.5439910888672,974.4046020507812,125.2375259399414,-290.0508728027344,500.61224365234375,240.37564086914065,-126.03616333007812,811.9325561523438,-98.37898254394533,188.5911865234375,192.767822265625,-146.1764373779297,-143.21743774414062,969.885986328125,-113.38416290283205,-33.09422302246094,491.9184875488281,-169.32472229003906,-255.4111785888672,845.7733764648438
116.30902862548828,-309.6910400390625,134.9688262939453,151.7719268798828,-194.68331909179688,976.3231201171876,126.80428314208984,-289.45367431640625,501.1225280761719,241.2294769287109,-129.05538940429688,812.6200561523438,-98.94757080078124,187.73008728027344,198.3204803466797,-145.31317138671875,-144.7588653564453,969.9326782226562,-113.676513671875,-41.34188079833984,490.697998046875,-170.2681121826172,-251.8456268310547,844.77001953125
116.54215240478516,-301.3614807128906,134.598876953125,152.59800720214844,-196.6384429931641,978.2764282226562,128.3615264892578,-288.2292175292969,501.4949951171875,242.1524658203125,-132.35635375976562,813.5006103515625,-99.48959350585938,185.68675231933597,204.1847381591797,-144.4725799560547,-146.04786682128906,970.070068359375,-114.2311782836914,-50.08031463623047,489.3953247070313,-171.2747802734375,-248.2006683349609,844.0081176757812
116.71908569335938,-292.76690673828125,134.28067016601562,153.41490173339844,-198.38668823242188,980.2305908203124,129.863525390625,-286.31689453125,501.7102966308594,243.13780212402344,-135.93350219726562,814.5614013671875,-99.98194122314452,182.4632873535156,210.3100433349609,-143.65403747558594,-147.07188415527344,970.2930297851562,-114.99964904785156,-59.22624588012695,488.069580078125,-172.33743286132812,-244.49855041503903,843.4847412109375
116.83644104003906,-283.9313049316406,134.00579833984375,154.22164916992188,-199.9084625244141,982.1552734375,131.27499389648438,-283.68280029296875,501.7625732421875,244.17779541015625,-139.77894592285156,815.788818359375,-100.40314483642578,178.0943145751953,216.63137817382807,-142.85647583007812,-147.82833862304688,970.5982055664062,-115.92698669433594,-68.70121765136719,486.794921875,-173.4490203857422,-240.7609100341797,843.19384765625
116.89725494384766,-274.88531494140625,133.76512145996094,155.01809692382812,-201.1875762939453,984.0240478515624,132.57412719726562,-280.3231811523437,501.6585693359375,245.26405334472656,-143.88262939453125,817.1690063476562,-100.73526763916016,172.64584350585938,223.07130432128903,-142.078857421875,-148.32444763183594,970.984375,-116.95803833007812,-78.43429565429688,485.65521240234375,-174.60276794433594,-237.0084381103516,843.1264038085938
116.90945434570312,-265.6640625,133.54954528808594,155.80487060546875,-202.21165466308597,985.814697265625,133.75367736816406,-276.2645263671875,501.4158020019531,246.38754272460935,-148.23251342773438,818.6881103515625,-100.9658432006836,166.21047973632812,229.54222106933597,-141.3203125,-148.57644653320312,971.4522705078124,-118.04280853271484,-88.36331176757812,484.7371215820313,-175.79205322265625,-233.2603912353516,843.2710571289062
116.88408660888672,-256.3045654296875,133.3507537841797,156.5835418701172,-202.97218322753903,987.50927734375,134.8201141357422,-271.5605773925781,501.0596618652344,247.53868103027344,-152.8148193359375,820.3330078125,-101.08960723876952,158.89907836914062,235.94851684570312,-140.58029174804688,-148.60824584960938,972.0043334960938,-119.14007568359376,-98.4344711303711,484.1227722167969,-177.01026916503906,-229.5343475341797,843.6143798828125
116.83358001708984,-246.84304809570312,133.1618194580078,157.35667419433594,-203.4644470214844,989.0939331054688,135.79039001464844,-266.2864685058594,500.6200256347656,248.7075042724609,-157.6143341064453,822.09130859375,-101.1095733642578,150.82957458496094,242.1873016357422,-139.85861206054688,-148.44972229003906,972.6442260742188,-120.21891021728516,-108.6004409790039,483.8828125,-178.2506866455078,-225.8459625244141,844.1409912109375
116.77010345458984,-237.3122711181641,132.9777069091797,158.12745666503906,-203.6875457763672,990.558349609375,136.6868438720703,-260.5312194824219,500.1278076171875,249.88375854492188,-162.6146240234375,823.9515380859375,-101.03721618652344,142.11495971679688,248.14810180664065,-139.1553955078125,-148.1345977783203,973.3760375976562,-121.2581558227539,-118.8175277709961,484.0707092285156,-179.5062255859375,-222.20877075195312,844.8338012695312
116.7041244506836,-227.73963928222656,132.79556274414062,158.89923095703125,-203.6443634033203,991.8955078125,137.53111267089844,-254.3894805908203,499.6118469238281,251.05709838867188,-167.79835510253906,825.9035034179688,-100.8917465209961,132.85281372070312,253.712890625,-138.47122192382812,-147.69833374023438,974.2035522460938,-122.24518585205078,-129.0430145263672,484.7192077636719,-180.76931762695312,-218.6341857910156,845.67431640625
116.64340209960938,-218.1463928222656,132.61474609375,159.6747589111328,-203.34161376953125,993.1007690429688,138.33807373046875,-247.9536590576172,499.0962829589844,252.2170867919922,-173.14747619628906,827.9380493164062,-100.69861602783205,123.1186065673828,258.7580261230469,-137.80699157714844,-147.1758575439453,975.1295166015624,-123.1742172241211,-139.2328643798828,485.8384094238281,-182.0317230224609,-215.13140869140625,846.642822265625
116.59242248535156,-208.5475616455078,132.4366912841797,160.45579528808594,-202.78952026367188,994.1715698242188,139.11148071289062,-241.30746459960935,498.5989990234375,253.3534698486328,-178.64341735839844,830.0471801757812,-100.487548828125,112.96355438232422,263.1590270996094,-137.16403198242188,-146.5995330810547,976.1544189453124,-124.04412841796876,-149.3399200439453,487.4161071777344,-183.2844390869141,-211.7075653076172,847.7183227539062
116.55241394042967,-198.9527130126953,132.26446533203125,161.24270629882812,-202.00140380859372,995.1069946289062,139.842529296875,-234.52122497558597,498.1310119628906,254.4561462402344,-184.2672882080078,832.2236328125,-100.29025268554688,102.41633605957033,266.7977600097656,-136.54409790039062,-145.99740600585938,977.2759399414062,-124.85598754882812,-159.31332397460938,489.4196472167969,-184.51759338378903,-208.36778259277344,848.8788452148438
116.52173614501952,-189.36720275878903,132.1022186279297,162.03421020507812,-200.99313354492188,995.9072875976562,140.51197814941406,-227.6491851806641,497.6966857910156,255.51535034179688,-190.0,834.4611206054688,-100.13845825195312,91.48703002929688,269.5698547363281,-135.94943237304688,-145.39199829101562,978.4886474609376,-125.6104965209961,-169.0997314453125,491.7996215820313,-185.72056579589844,-205.11541748046875,850.1015625
116.49656677246094,-179.79359436035156,131.9544677734375,162.8273162841797,-199.7824859619141,996.5740356445312,141.0955810546875,-220.72866821289065,497.2950439453125,256.5216369628906,-195.82241821289065,836.7536010742188,-100.06253814697266,80.17166900634766,271.39166259765625,-135.38278198242188,-144.79949951171875,979.783203125,-126.3055419921875,-178.64569091796875,494.4941711425781,-186.8820037841797,-201.9522247314453,851.363037109375
116.47176361083984,-170.2325897216797,131.82550048828125,163.6173553466797,-198.38868713378903,997.1095581054688,141.5715789794922,-213.78086853027344,496.9214782714844,257.4659118652344,-201.71543884277344,839.095458984375,-100.09034729003906,68.45670318603516,272.20489501953125,-134.84747314453125,-144.22967529296875,981.1467895507812,-126.9342269897461,-187.9007110595703,497.434326171875,-187.99009704589844,-198.8786773681641,852.6392822265625
116.44168853759766,-160.68374633789062,131.7188262939453,164.3981170654297,-196.8319396972656,997.5172729492188,141.92730712890625,-206.8137664794922,496.5695190429688,258.3396301269531,-207.6601409912109,841.48095703125,-100.24534606933594,56.32357406616211,271.9796142578125,-134.34730529785156,-143.68618774414062,982.5631103515624,-127.4835968017578,-196.81968688964844,500.54931640625,-189.0328063964844,-195.8941345214844,853.90625
116.40098571777344,-151.14572143554688,131.63693237304688,165.16217041015625,-195.13323974609372,997.8013916015624,142.16305541992188,-199.8265380859375,496.2326049804688,259.13458251953125,-213.6378936767578,843.9039306640625,-100.54475402832033,43.75283050537109,270.71484375,-133.88658142089844,-143.16741943359375,984.012939453125,-127.93446350097656,-205.3639373779297,503.7716064453125,-189.9982452392578,-192.9972076416016,855.1403198242188
116.34514617919922,-141.61692810058594,131.58119201660156,165.90122985839844,-193.31407165527344,997.967041015625,142.29161071777344,-192.8148651123047,495.9045715332031,259.8430480957031,-219.63031005859372,846.35791015625,-100.99842071533205,30.72676467895508,268.43719482421875,-133.4699249267578,-142.66761779785156,985.4747314453124,-128.26231384277344,-213.5004425048828,507.041015625,-190.8750762939453,-190.18600463867188,856.3180541992188
116.27080535888672,-132.0959930419922,131.55198669433594,166.6064453125,-191.3961334228516,998.0199584960938,142.3339080810547,-185.77517700195312,495.5802612304688,260.4577941894531,-225.6194000244141,848.8356323242188,-101.60831451416016,17.230587005615234,265.197998046875,-133.1021728515625,-142.17808532714844,986.9255981445312,-128.4392547607422,-221.20040893554688,510.3070373535156,-191.65286254882807,-187.4582977294922,857.4173583984375
116.1758270263672,-122.58199310302734,131.54881286621094,167.26882934570312,-189.4007873535156,997.9664916992188,142.31272888183594,-178.7070770263672,495.25531005859375,260.9720764160156,-231.5874938964844,851.3289794921875,-102.36868286132812,3.2524664402008057,261.069580078125,-132.7881317138672,-141.68844604492188,988.3417358398438,-128.43731689453125,-228.4374084472656,513.5284423828125,-192.32254028320312,-184.81185913085935,858.417236328125
116.0592041015625,-113.07451629638672,131.57028198242188,167.87953186035156,-187.34873962402344,997.813232421875,142.24671936035156,-171.61376953125,494.9263000488281,261.37969970703125,-237.517333984375,853.8289184570312,-103.26667022705078,-11.21699333190918,256.1416931152344,-132.53231811523438,-141.18777465820312,989.6994018554688,-128.23252868652344,-235.1861572265625,516.6705932617188,-192.8767852783203,-182.24456787109372,859.298583984375
115.92095184326172,-103.573486328125,131.61419677734375,168.43026733398438,-185.2596893310547,997.5663452148438,142.1466064453125,-164.5017547607422,494.5906372070313,261.6749572753906,-243.3920135498047,856.325439453125,-104.28325653076172,-26.185279846191406,250.5178985595703,-132.33885192871094,-140.6656951904297,990.9752807617188,-127.8094711303711,-241.42205810546875,519.7012939453125,-193.3103485107422,-179.754638671875,860.0441284179688
115.76192474365234,-94.0789794921875,131.67750549316406,168.9137420654297,-183.1522979736328,997.2316284179688,142.0143280029297,-157.3802947998047,494.2463684082031,261.85284423828125,-249.1950836181641,858.807373046875,-105.3944320678711,-41.65777587890625,244.3125762939453,-132.21119689941406,-140.11328125,992.1471557617188,-127.1648178100586,-247.12130737304688,522.5869140625,-193.62034606933597,-177.34071350097656,860.63916015625
115.58357238769533,-84.59107971191406,131.75633239746094,169.32386779785156,-181.04405212402344,996.8137817382812,141.84451293945312,-150.26095581054688,493.8923034667969,261.9089660644531,-254.91043090820312,861.2628173828125,-106.57235717773438,-57.63671875,237.6480712890625,-132.1520233154297,-139.52383422851562,993.1941528320312,-126.3091278076172,-252.2612762451172,525.2902221679688,-193.8064117431641,-175.00193786621094,861.0712280273438
115.38773345947266,-75.10979461669922,131.84600830078125,169.65609741210938,-178.95127868652344,996.316162109375,141.6276092529297,-143.15664672851562,493.5276184082031,261.8396301269531,-260.5223999023437,863.6786499023438,-107.78682708740234,-74.11957550048828,230.65206909179688,-132.16307067871094,-138.89352416992188,994.0969848632812,-125.2668685913086,-256.82147216796875,527.7697143554688,-193.8708038330078,-172.73802185058594,861.33056640625
115.1763687133789,-65.63500213623047,131.94131469726562,169.90760803222656,-176.88905334472656,995.7406616210938,141.35353088378906,-136.08078002929688,493.1517639160156,261.64190673828125,-266.0156555175781,866.041015625,-109.00668334960938,-91.09709167480467,223.45494079589844,-132.24505615234375,-138.22181701660156,994.838134765625,-124.07478332519533,-260.7848205566406,529.980712890625,-193.8184356689453,-170.54930114746094,861.4100952148438
114.95145416259766,-56.166465759277344,132.03671264648438,170.07730102539062,-174.87124633789062,995.0877685546876,141.0149688720703,-129.04638671875,492.76416015625,261.31378173828125,-271.37506103515625,868.3353271484375,-110.20111846923828,-108.5511703491211,216.1871032714844,-132.39761352539062,-137.5118865966797,995.4019775390624,-122.7791748046875,-264.1394958496094,531.8773193359375,-193.6567230224609,-168.4366912841797,861.30517578125
114.71487426757812,-46.703861236572266,132.1268768310547,170.1659698486328,-172.91041564941406,994.3566284179688,140.60972595214844,-122.06568145751952,492.364013671875,260.8540344238281,-276.585693359375,870.5464477539062,-111.34068298339844,-126.45269775390624,208.97653198242188,-132.6193084716797,-136.77073669433594,995.7753295898438,-121.43255615234376,-266.8804931640625,533.4152221679688,-193.39540100097656,-166.40170288085938,861.013671875
114.46835327148438,-37.24692535400391,132.20724487304688,170.17611694335938,-171.01779174804688,993.5452270507812,140.14199829101562,-115.1496353149414,491.9503784179688,260.26251220703125,-281.6326904296875,872.6587524414062,-112.3979721069336,-144.75950622558594,201.9462738037109,-132.90756225585938,-136.00921630859375,995.9473266601562,-120.09014129638672,-269.011474609375,534.5548706054688,-193.0462951660156,-164.44638061523438,860.535888671875
114.21346282958984,-27.795753479003903,132.27450561523438,170.11187744140625,-169.20338439941406,992.65087890625,139.62228393554688,-108.3079071044922,491.5220336914063,259.5399475097656,-286.5011901855469,874.6566162109375,-113.3483428955078,-163.41453552246094,195.21214294433597,-133.25877380371094,-135.2417449951172,995.9102783203124,-118.8062515258789,-270.5460510253906,535.2645263671875,-192.6229705810547,-162.57325744628906,859.8741455078125
113.9516830444336,-18.35123443603516,132.3271942138672,169.97865295410156,-167.47604370117188,991.6707153320312,139.06640625,-101.54942321777344,491.0777282714844,258.68804931640625,-291.1763916015625,876.5245971679688,-114.17061614990234,-182.34405517578125,188.88011169433597,-133.66847229003906,-134.4858856201172,995.6597290039062,-117.63094329833984,-271.5086364746094,535.5230712890625,-192.1403961181641,-160.78530883789062,859.0327758789062
113.68455505371094,-8.915534973144531,132.3662872314453,169.78269958496094,-165.84376525878906,990.6022338867188,138.4935760498047,-94.8836898803711,490.6161193847656,257.7095031738281,-295.6434936523437,878.24755859375,-114.84767150878906,-201.4560546875,183.0435943603516,-134.13157653808594,-133.76174926757812,995.195068359375,-116.60686492919922,-271.9345397949219,535.322509765625,-191.6145782470703,-159.08590698242188,858.0177612304688
113.4139175415039,0.5075006484985352,132.3955841064453,169.53079223632812,-164.31382751464844,989.4440307617188,137.92442321777344,-88.32268524169922,490.1354064941406,256.6078796386719,-299.8876342773437,879.8111572265625,-115.3667984008789,-220.6389617919922,177.78060913085938,-134.64259338378906,-133.09140014648438,994.519775390625,-115.76660919189452,-271.8699951171875,534.669677734375,-191.0621490478516,-157.47874450683594,856.8368530273438
113.14225006103516,9.912067413330078,132.42202758789062,169.22967529296875,-162.8931884765625,988.1961059570312,137.37896728515625,-81.88260650634766,489.6334838867188,255.3874969482422,-303.8939514160156,881.2020263671875,-115.7197265625,-239.76124572753903,173.1510772705078,-135.19589233398438,-132.49819946289062,993.6417236328124,-115.13050842285156,-271.3713073730469,533.5860595703125,-190.50006103515625,-155.96778869628906,855.4989624023438
112.87306213378906,19.29021453857422,132.45574951171875,168.88568115234375,-161.58865356445312,986.8604125976562,136.87477111816406,-75.58502197265625,489.1077880859375,254.05352783203125,-307.6476745605469,882.4081420898438,-115.9022979736328,-258.6720275878906,169.1942901611328,-135.78585815429688,-132.00607299804688,992.5733032226562,-114.70520782470705,-270.5043029785156,532.1072387695312,-189.94517517089844,-154.5572967529297,854.0146484375
112.61113739013672,28.63172912597656,132.50978088378906,168.5042724609375,-160.40716552734375,985.441162109375,136.42552185058594,-69.45726013183594,488.5555725097656,252.61183166503903,-311.1340026855469,883.4189453125,-115.91378784179688,-277.2025451660156,165.9268341064453,-136.40713500976562,-131.6389617919922,991.3311157226562,-114.48313903808594,-269.343505859375,530.28076171875,-189.41403198242188,-153.2517547607422,852.3955688476562
112.36247253417967,37.92420959472656,132.59947204589844,168.08978271484375,-159.35589599609375,983.9451293945312,136.03985595703125,-63.53166580200195,487.9741516113281,251.0689697265625,-314.3382568359375,884.2256469726562,-115.75596618652344,-295.1689453125,163.34117126464844,-137.0546112060547,-131.42019653320312,989.9361572265624,-114.44298553466795,-267.9714050292969,528.1633911132812,-188.9225006103516,-152.05587768554688,850.6546020507812
112.13329315185548,47.15357971191406,132.7415008544922,167.6451873779297,-158.4423370361328,982.3817138671876,135.72085571289062,-57.844085693359375,487.3614501953125,249.43214416503903,-317.24591064453125,884.8214721679688,-115.43194580078124,-312.3759460449219,161.40521240234375,-137.72361755371094,-131.37184143066406,988.4132690429688,-114.5513153076172,-266.47711181640625,525.8190307617188,-188.4856109619141,-150.97462463378906,848.805908203125
111.9287109375,56.30480194091797,132.95301818847656,167.17210388183594,-157.67431640625,980.76318359375,135.46568298339844,-52.43187713623047,486.7163696289063,247.7091522216797,-319.8428039550781,885.2017822265625,-114.9451904296875,-328.6224670410156,160.06312561035156,-138.40985107421875,-131.51422119140625,986.7904663085938,-114.7654037475586,-264.9550476074219,523.316162109375,-188.11720275878903,-150.01321411132812,846.864990234375
111.75161743164062,65.36245727539062,133.2510223388672,166.6709442138672,-157.05990600585938,979.1046752929688,135.26560974121094,-47.33183670043945,486.0391845703125,245.908447265625,-322.1151123046875,885.3642578125,-114.29875183105467,-343.7088317871094,159.23770141601562,-139.1094970703125,-131.86529541015625,985.0988159179688,-115.03697204589844,-263.502197265625,520.7266235351562,-187.82986450195312,-149.17713928222656,844.8484497070312
111.6019287109375,74.31114959716797,133.65269470214844,166.1410369873047,-156.60726928710938,977.4234619140624,135.1062774658203,-42.57848358154297,485.3319091796875,244.03907775878903,-324.0495300292969,885.308837890625,-113.4951629638672,-357.4454345703125,158.83441162109375,-139.819091796875,-132.44024658203125,983.3711547851562,-115.31652069091795,-262.21466064453125,518.1234130859375,-187.63473510742188,-148.47219848632812,842.7741088867188
111.4763641357422,83.13567352294922,134.1757354736328,165.5810089111328,-156.32440185546875,975.739013671875,134.96820068359375,-38.20294189453125,484.5982971191406,242.11070251464844,-325.633544921875,885.0377807617188,-112.53700256347656,-369.6622619628906,158.7471466064453,-140.53561401367188,-133.25094604492188,981.641845703125,-115.5576171875,-261.1831970214844,515.5780639648438,-187.5413360595703,-147.90455627441406,840.6610107421875
111.3687973022461,91.82086181640624,134.83880615234375,164.98902893066406,-156.2188720703125,974.072021484375,134.82748413085938,-34.23270034790039,483.84375,240.13357543945312,-326.8554382324219,884.5556640625,-111.42816162109376,-380.2184753417969,158.8654327392578,-141.2565155029297,-134.30551147460938,979.9456787109376,-115.72057342529295,-260.4878234863281,513.1574096679688,-187.5574951171875,-147.48072814941406,838.5293579101562
111.27098846435548,100.35120391845705,135.6615447998047,164.3631591796875,-156.29754638671875,972.4440307617188,134.65713500976562,-30.692195892333984,483.0747985839844,238.1185302734375,-327.7046813964844,883.8692016601562,-110.17546081542967,-389.0118103027344,159.08236694335938,-141.97964477539062,-135.6079559326172,978.3173217773438,-115.7749481201172,-260.1923522949219,510.9203186035156,-187.68927001953125,-147.20765686035156,836.4000854492188
111.17373657226562,108.71025848388672,136.6644744873047,163.7015838623047,-156.56639099121094,970.8763427734376,134.42886352539062,-27.6040096282959,482.2986145019531,236.0769805908203,-328.1719665527344,882.9873046875,-108.79048919677734,-395.9861450195313,159.30247497558594,-142.70343017578125,-137.1578369140625,976.7907104492188,-115.70101165771484,-260.33941650390625,508.9150695800781,-187.9408721923828,-147.09266662597656,834.2951049804688
111.06814575195312,116.8800811767578,137.8687286376953,163.00294494628906,-157.02999877929688,969.3897094726562,134.1155548095703,-24.990291595458984,481.5222778320313,234.02085876464844,-328.2494201660156,881.9205322265625,-107.29119873046876,-401.1368103027344,159.44859313964844,-143.42686462402344,-138.94993591308594,975.3980102539062,-115.49063110351562,-260.94708251953125,507.1774597167969,-188.3146209716797,-147.14344787597656,832.23681640625
110.94681549072266,124.84066009521484,139.295654296875,162.26638793945312,-157.691162109375,968.0032958984376,133.6942138671875,-22.874021530151367,480.75238037109375,231.96258544921875,-327.93084716796875,880.6814575195312,-105.70295715332033,-404.5123291015625,159.4664306640625,-144.14952087402344,-140.9740753173828,974.1694946289062,-115.14788055419922,-262.0078430175781,505.7306213378906,-188.8109893798828,-147.36805725097656,830.2479248046875
110.8048095703125,132.56944274902344,140.96621704101562,161.4918670654297,-158.55044555664062,966.7345581054688,133.14910888671875,-21.279964447021484,479.9949035644531,229.9150238037109,-327.2118835449219,879.283935546875,-104.05883026123048,-406.2119140625,159.32586669921875,-144.87158203125,-143.2150115966797,973.132568359375,-114.68927764892578,-263.4897766113281,504.58544921875,-189.42857360839844,-147.7747344970703,828.35107421875
110.64025115966795,140.04078674316406,142.9004669189453,160.68014526367188,-159.6057586669922,965.5982666015624,132.47506713867188,-20.235271453857425,479.2550964355469,227.89138793945312,-326.0901184082031,877.7433471679688,-102.39904022216795,-406.3786926269531,159.018798828125,-145.59371948242188,-145.65255737304688,972.3115234375,-114.14347076416016,-265.3397216796875,503.7420959472656,-190.1642303466797,-148.37193298339844,826.5687255859375
110.45452880859376,147.22543334960938,145.11708068847656,159.83294677734375,-160.85186767578125,964.6063232421876,131.6800994873047,-19.769641876220703,478.5376586914063,225.90513610839844,-324.565185546875,876.0761108398438,-100.76979064941406,-405.1884460449219,158.55398559570312,-146.3170928955078,-148.26181030273438,971.7264404296876,-113.55001831054688,-267.4877014160156,503.1921691894531,-191.0131378173828,-149.16806030273438,824.9227294921875
110.2520523071289,154.08990478515625,147.6328582763672,158.95310974121094,-162.27989196777344,963.76708984375,130.78717041015625,-19.91498565673828,477.8465576171875,223.96994018554688,-322.6389465332031,874.2996826171875,-99.22116088867188,-402.83544921875,157.95111083984375,-147.04312133789062,-151.01377868652344,971.3931884765624,-112.95726013183594,-269.851806640625,502.9204406738281,-191.96897888183597,-150.17138671875,823.4338989257812
110.03984832763672,160.5958709716797,150.46237182617188,158.044677734375,-163.87672424316406,963.0853881835938,129.83462524414062,-20.704465866088867,477.1845703125,222.0994415283203,-320.3155822753906,872.4323120117188,-97.8041534423828,-399.5167236328125,157.2357177734375,-147.77334594726562,-153.87612915039062,971.322265625,-112.4196548461914,-272.3432922363281,502.9058532714844,-193.02398681640625,-151.3898468017578,822.1219482421875
109.82740783691406,166.6990203857422,153.6172637939453,157.1129608154297,-165.6246795654297,962.561767578125,128.8748016357422,-22.17078399658203,476.5523376464844,220.3072052001953,-317.6016540527344,870.49267578125,-96.56678771972656,-395.4171752929688,156.4351806640625,-148.50926208496094,-156.8142547607422,971.5184936523438,-111.99452209472656,-274.8708801269531,503.1214294433594,-194.16921997070312,-152.83082580566406,821.0048828125
109.62677001953124,172.3479766845703,157.10537719726562,156.16453552246094,-167.5011749267578,962.1929321289062,127.97057342529295,-24.343563079833984,475.9472961425781,218.6064910888672,-314.506103515625,868.4998168945312,-95.54976654052734,-390.6982421875,155.5753936767578,-149.2521514892578,-159.79229736328125,971.98046875,-111.73828125,-277.3442077636719,503.5333862304688,-195.3946990966797,-154.5009765625,820.0987548828125
109.45243072509766,177.4830322265625,160.9302520751953,155.20692443847656,-169.4788360595703,961.9716796875,127.19010162353516,-27.24606132507324,475.3624267578125,217.01011657714844,-311.0404968261719,866.4727783203125,-94.7823486328125,-385.4905090332031,154.67926025390625,-150.00299072265625,-162.7743682861328,972.700439453125,-111.70207214355467,-279.6758117675781,504.1002807617188,-196.6895446777344,-156.40589904785156,819.4173583984375
109.32063293457033,182.03575134277344,165.09132385253906,154.24822998046875,-171.52574157714844,961.8876342773438,126.60047149658205,-30.891998291015625,474.7860107421875,215.53030395507807,-307.2189025878906,864.4304809570312,-94.27924346923828,-379.890625,153.76666259765625,-150.76235961914062,-165.72540283203125,973.6644897460938,-111.9270248413086,-281.78179931640625,504.7732543945313,-198.042236328125,-158.550048828125,818.971923828125
109.24818420410156,185.92999267578125,169.5845489501953,153.29660034179688,-173.6060791015625,961.9277954101562,126.26114654541016,-35.28319549560547,474.20220947265625,214.1784210205078,-303.0580139160156,862.3911743164062,-94.03907012939452,-373.9621276855469,152.85496520996094,-151.53036499023438,-168.61199951171875,974.852783203125,-112.4395980834961,-283.58184814453125,505.4984130859375,-199.44070434570312,-160.93637084960938,818.7708740234375
109.25091552734376,189.08404541015625,174.40243530273438,152.3595428466797,-175.68133544921875,962.077880859375,126.2179183959961,-40.40848922729492,473.5934448242188,212.9649353027344,-298.57696533203125,860.3726196289062,-94.04478454589844,-367.7394104003906,151.95956420898438,-152.306640625,-171.40284729003906,976.24072265625,-113.24793243408205,-284.9991455078125,506.2210693359375,-200.87249755859372,-163.56613159179688,818.8195190429688
109.3421630859375,191.41368103027344,179.53286743164062,151.4434814453125,-177.71177673339844,962.3235473632812,126.49830627441406,-46.24422073364258,472.9435424804688,211.8992156982422,-293.7973327636719,858.3916015625,-94.26595306396484,-361.2338562011719,151.09442138671875,-153.0904083251953,-174.06912231445312,977.7994384765624,-114.3397979736328,-285.9606018066406,506.8915100097656,-202.32492065429688,-166.43865966796875,819.1202392578125
109.53136444091795,192.8362579345703,184.95721435546875,150.55311584472656,-179.6582489013672,962.6514282226562,127.10888671875,-52.75606536865234,472.2418518066406,210.98941040039065,-288.7427673339844,856.4638671875,-94.66230010986328,-354.4411315917969,150.2720947265625,-153.8804168701172,-176.5844268798828,979.4974365234376,-115.68291473388672,-286.398193359375,507.4703369140625,-203.78512573242188,-169.5512237548828,819.6722412109375
109.8228988647461,193.27545166015625,190.6477508544922,149.69125366210938,-181.4839630126953,963.050537109375,128.03463745117188,-59.901309967041016,471.4865112304688,210.24234008789065,-283.4388122558594,854.604248046875,-95.1879425048828,-347.34930419921875,149.5036163330078,-154.6750946044922,-178.9248809814453,981.3018798828124,-117.22762298583984,-286.2509155273437,507.9322814941406,-205.24020385742188,-172.89877319335938,820.471923828125
110.21512603759766,192.66685485839844,196.56529235839844,148.85867309570312,-183.15609741210935,963.5127563476562,129.2405242919922,-67.63091278076172,470.6871643066406,209.66339111328125,-277.9125366210937,852.8262329101562,-95.795654296875,-339.94598388671875,148.79798889160156,-155.47256469726562,-181.06906127929688,983.1796264648438,-118.91155242919922,-285.4675598144531,508.2678527832031,-206.6773376464844,-176.47393798828125,821.5128784179688
110.69963836669922,190.9635772705078,202.6577606201172,148.0542449951172,-184.647216796875,964.0333862304688,130.67535400390625,-75.89140319824219,469.8659362792969,209.2564239501953,-272.192138671875,851.1422729492188,-96.44075775146484,-332.2240295410156,148.1618194580078,-156.27081298828125,-182.99794006347656,985.0983276367188,-120.66545104980467,-284.009521484375,508.4823303222656,-208.08384704589844,-180.26695251464844,822.7863159179688
111.26107788085938,188.1414337158203,208.86073303222656,147.27529907226562,-185.9363555908203,964.6112670898438,132.2772674560547,-84.62641143798828,469.0571594238281,209.02371215820312,-266.3065490722656,849.5635375976562,-97.08438110351562,-324.18487548828125,147.5990753173828,-157.06773376464844,-184.6949462890625,987.0277099609376,-122.41976165771484,-281.853515625,508.5925598144531,-209.4473571777344,-184.26573181152344,824.2813110351562
111.87835693359376,184.20278930664065,215.09962463378903,146.51795959472656,-187.0097503662109,965.2482299804688,133.97946166992188,-93.77779388427734,468.3054809570313,208.9658660888672,-260.2850341796875,848.1001586914062,-97.69583129882812,-315.8399963378906,147.11085510253906,-157.86129760742188,-186.14605712890625,988.93994140625,-124.11105346679688,-278.9938659667969,508.6224060058594,-210.75588989257807,-188.4559631347656,825.9854125976562
112.52722930908205,179.178955078125,221.2930603027344,145.7776641845703,-187.8610382080078,965.9487915039062,135.7155303955078,-103.28630828857422,467.663330078125,209.08177185058597,-254.15675354003903,846.7609252929688,-98.25387573242188,-307.2108764648437,146.69541931152344,-158.64959716796875,-187.33987426757807,990.810302734375,-125.68777465820312,-275.4439697265625,508.5975341796875,-211.99806213378903,-192.82130432128903,827.8847045898438
113.18367004394533,173.1296844482422,227.35623168945312,145.04966735839844,-188.4908905029297,966.7189331054688,137.42372131347656,-113.09197998046876,467.1871948242188,209.36854553222656,-247.9504547119141,845.5535278320312,-98.7469711303711,-298.327392578125,146.34837341308594,-159.4309539794922,-188.2677764892578,992.617431640625,-127.11459350585938,-271.23681640625,508.5408325195313,-213.16314697265625,-197.34356689453125,829.9645385742188
113.82711029052734,166.13909912109375,233.2037506103516,144.3292694091797,-188.90655517578125,967.5654296875,139.0501708984375,-123.13418579101562,466.9341430664063,209.82156372070312,-241.6941070556641,844.4841918945312,-99.17232513427734,-289.2250366210937,146.06324768066406,-160.2039337158203,-188.92404174804688,994.343505859375,-128.37461853027344,-266.4240417480469,508.4691467285156,-214.2412567138672,-202.0030975341797,832.20947265625
114.4428253173828,158.30821228027344,238.75083923339844,143.61221313476562,-189.1209716796875,968.49462890625,140.55093383789062,-133.35165405273438,466.9577331542969,210.4343414306641,-235.41465759277344,843.557861328125,-99.5341339111328,-279.9419860839844,145.83209228515625,-160.96737670898438,-189.30587768554688,995.9742431640624,-129.46914672851562,-261.072998046875,508.3918762207031,-215.2234344482422,-206.77896118164065,834.6039428710938
115.02317810058594,149.74520874023438,243.9130859375,142.89466857910156,-189.15185546875,969.5115966796876,141.89306640625,-143.68255615234375,467.3046569824219,211.1986389160156,-229.1378631591797,842.7778930664062,-99.8411865234375,-270.5160827636719,145.64642333984375,-161.72030639648438,-189.41358947753903,997.4985961914062,-130.4148712158203,-255.26202392578125,508.311279296875,-216.1017303466797,-211.6493225097656,837.1322631835938
115.56752014160156,140.55523681640625,248.60574340820312,142.17347717285156,-189.02066040039065,970.6194458007812,143.05442810058594,-154.06451416015625,468.0113525390625,212.1044921875,-222.88812255859372,842.1458740234375,-100.1044921875,-260.98291015625,145.4978790283203,-162.46189880371094,-189.2506103515625,998.9086303710938,-131.23916625976562,-249.0743103027344,508.2242126464844,-216.8692779541016,-216.59173583984372,839.7786865234375
116.08088684082033,130.83181762695312,252.74388122558597,141.44619750976562,-188.75140380859372,971.8190307617188,144.02267456054688,-164.4347381591797,469.1015930175781,213.1402282714844,-216.68849182128903,841.66162109375,-100.33514404296876,-251.3744201660156,145.37887573242188,-163.19137573242188,-188.8236846923828,1000.1992797851562,-131.97430419921875,-242.59181213378903,508.1244812011719,-217.5203094482422,-221.58349609375,842.5279541015625
116.57209777832033,120.65066528320312,256.2438659667969,140.71139526367188,-188.36956787109372,973.1080932617188,144.7932891845703,-174.73019409179688,470.58441162109375,214.2926788330078,-210.56056213378903,841.3228759765625,-100.54286193847656,-241.71832275390625,145.2830047607422,-163.9078369140625,-188.1428680419922,1001.3676147460938,-132.65188598632812,-235.88986206054688,508.0052490234375,-218.05010986328125,-226.60191345214844,845.3648071289062
117.05191040039062,110.06651306152344,259.0258178710937,139.96868896484375,-187.9009704589844,974.4813232421876,145.36717224121094,-184.88790893554688,472.4532165527344,215.5472869873047,-204.52452087402344,841.125244140625,-100.73509979248048,-232.0375518798828,145.2052001953125,-164.61016845703125,-187.22154235839844,1002.4126586914062,-133.29806518554688,-229.0330047607422,507.8614501953125,-218.4550628662109,-231.62454223632807,848.2742919921875
117.53150177001952,99.11304473876952,261.0165710449219,139.21900939941406,-187.37066650390625,975.93017578125,145.74806213378906,-194.84567260742188,474.685791015625,216.8882751464844,-198.59915161132807,841.0621337890625,-100.91670989990234,-222.35003662109372,145.14170837402344,-165.29685974121094,-186.07614135742188,1003.3348999023438,-133.93055725097656,-222.07211303710935,507.6916198730469,-218.7325592041016,-236.6294860839844,851.2415771484375
118.02136993408205,87.80535888671875,262.1529541015625,138.46456909179688,-186.80194091796875,977.4425659179688,145.94052124023438,-204.54315185546875,477.2454223632813,218.298828125,-192.8018798828125,841.1245727539062,-101.08992767333984,-212.66867065429688,145.0899658203125,-165.9658660888672,-184.7258453369141,1004.1358032226562,-134.5574493408203,-215.0431060791016,507.49896240234375,-218.8809356689453,-241.59555053710935,854.2520141601562
118.53055572509766,76.1439208984375,262.3842163085937,137.70896911621094,-186.2152404785156,979.0035400390624,145.94833374023438,-213.92327880859372,480.0831298828125,219.76138305664065,-187.1488342285156,841.3014526367188,-101.2547607421875,-203.0019378662109,145.04840087890625,-166.6145782470703,-183.1920623779297,1004.817626953125,-135.17779541015625,-207.96722412109372,507.2910461425781,-218.8995513916016,-246.50244140625,857.290771484375
119.06592559814452,64.11888122558594,261.67462158203125,136.95706176757812,-185.62725830078125,980.595458984375,145.77391052246094,-222.9337921142578,483.1408386230469,221.25782775878903,-181.65480041503903,841.579345703125,-101.4095230102539,-193.35450744628903,145.01614379882812,-167.23960876464844,-181.49801635742188,1005.3829956054688,-135.78366088867188,-200.8528594970703,507.0787963867188,-218.7886505126953,-251.33090209960935,860.343017578125
119.63172149658205,51.71372604370117,260.0057983398437,136.2147979736328,-185.05044555664065,982.198486328125,145.41851806640625,-231.5278778076172,486.3552856445313,222.7696990966797,-176.33334350585938,841.9427490234375,-101.5515365600586,-183.72802734375,144.9928436279297,-167.83680725097656,-179.6681365966797,1005.8350219726562,-136.3629913330078,-193.69891357421875,506.8743591308594,-218.54946899414065,-256.0627746582031,863.3937377929688
120.22925567626952,38.90806579589844,257.3790283203125,135.489013671875,-184.4927215576172,983.7913818359376,144.88319396972656,-239.66416931152344,489.6618347167969,224.27853393554688,-171.19674682617188,842.3743896484375,-101.67769622802734,-174.12196350097656,144.97854614257812,-168.40118408203125,-177.72744750976562,1006.1769409179688,-136.90243530273438,-186.49913024902344,506.6886596679688,-218.1841583251953,-260.6811218261719,866.4274291992188
120.85643768310548,25.68003845214844,253.8169708251953,134.78724670410156,-183.9576568603516,985.3516845703124,144.1702880859375,-247.3060760498047,492.9978942871094,225.76605224609372,-166.25607299804688,842.85546875,-101.7849349975586,-164.5343780517578,144.97354125976562,-168.92706298828125,-175.70086669921875,1006.4120483398438,-137.389404296875,-179.24673461914062,506.5298461914063,-217.69581604003903,-265.1701965332031,869.4285888671875
121.50713348388672,12.008305549621582,249.36412048339844,134.11741638183594,-183.44497680664065,986.8565673828124,143.284912109375,-254.4210205078125,496.3054809570313,227.2144927978516,-161.52117919921875,843.3660888671875,-101.87060546875,-154.96266174316406,144.97825622558594,-169.40809631347656,-173.61264038085938,1006.5437622070312,-137.8132781982422,-171.9383087158203,506.4021301269531,-217.08840942382807,-269.515625,872.3810424804688
122.1705551147461,-2.126278877258301,244.08665466308597,133.48753356933594,-182.9513092041016,988.2831420898438,142.2364501953125,-260.9798889160156,499.5323791503906,228.60679626464844,-157.00076293945312,843.885498046875,-101.93280029296876,-145.40419006347656,144.99325561523438,-169.83753967285156,-171.48583984375,1006.5755004882812,-138.16554260253906,-164.5760498046875,506.3060607910156,-216.3668212890625,-273.70416259765625,875.2681884765625
122.83128356933594,-16.738971710205078,238.07159423828125,132.90542602539062,-182.47103881835935,989.6090698242188,141.03955078125,-266.956787109375,502.6323852539063,229.9269256591797,-152.70233154296875,844.3926391601562,-101.97053527832033,-135.85675048828125,145.0190887451172,-170.20846557617188,-169.34219360351562,1006.5104370117188,-138.43988037109375,-157.16847229003906,506.2395324707031,-215.53672790527344,-277.72393798828125,878.072998046875
123.46981811523438,-31.83935546875,231.42523193359372,132.37838745117188,-181.9972381591797,990.8126220703124,139.7146453857422,-272.3296203613281,505.5648498535156,231.1600799560547,-148.6322479248047,844.8665771484375,-101.98391723632812,-126.31877136230467,145.05624389648438,-170.51406860351562,-167.2021026611328,1006.3516235351562,-138.63217163085938,-149.7298583984375,506.1987609863281,-214.6044769287109,-281.564453125,880.7777709960938
124.0638198852539,-47.4295654296875,224.27096557617188,131.91307067871094,-181.52243041992188,991.8734130859376,138.28782653808594,-277.081298828125,508.2935791015625,232.2929534912109,-144.7958221435547,845.2869262695312,-101.97437286376952,-116.78938293457033,145.10499572753906,-170.74795532226562,-165.08465576171875,1006.1019897460938,-138.74098205566406,-142.27919006347656,506.1795959472656,-213.5771026611328,-285.216552734375,883.3641967773438
124.5899887084961,-63.50282669067383,216.7459716796875,131.51513671875,-181.0393218994141,992.772705078125,136.79010009765625,-281.20135498046875,510.7859191894531,233.3139495849609,-141.19725036621094,845.63427734375,-101.9448013305664,-107.26848602294922,145.16525268554688,-170.9044647216797,-163.00762939453125,1005.763916015625,-138.76815795898438,-134.83868408203125,506.17816162109375,-212.46214294433597,-288.67242431640625,885.8134155273438
125.02653503417967,-80.04271697998047,208.99696350097656,131.18923950195312,-180.54144287109372,993.49365234375,135.2560272216797,-284.68798828125,513.012451171875,234.2133636474609,-137.83966064453125,845.890380859375,-101.89956665039062,-97.7566146850586,145.2364959716797,-170.97891235351562,-160.9874725341797,1005.339599609375,-138.7194061279297,-127.4324722290039,506.19146728515625,-211.26760864257807,-291.92559814453125,888.1061401367188
125.35588836669922,-97.02313995361328,201.17518615722656,130.9388427734375,-180.02359008789062,994.0216064453124,133.72190856933594,-287.5498046875,514.947265625,234.9834899902344,-134.72520446777344,846.038818359375,-101.84423065185548,-88.2547378540039,145.31773376464844,-170.9678497314453,-159.0391082763672,1004.8306274414062,-138.6043701171875,-120.08541870117188,506.2174072265625,-210.0019073486328,-294.9709167480469,890.2228393554688
125.56653594970705,-114.40830993652344,193.4311065673828,130.7662353515625,-179.48226928710938,994.3449096679688,132.2237091064453,-289.8070983886719,516.569091796875,235.6188201904297,-131.85499572753906,846.0651245117188,-101.78494262695312,-78.7640380859375,145.4075927734375,-170.8692169189453,-157.1757049560547,1004.23828125,-138.43624877929688,-112.82230377197266,506.2544860839844,-208.6737823486328,-297.8044128417969,892.1439208984375
125.65402221679688,-132.15248107910156,185.90951538085935,130.67251586914062,-178.9160919189453,994.4547119140624,130.7948760986328,-291.4924621582031,517.8627319335938,236.115966796875,-129.22926330566406,845.9569702148438,-101.72766876220705,-69.28568267822266,145.50445556640625,-170.68255615234375,-155.4085235595703,1003.5633544921876,-138.23080444335938,-105.66718292236328,506.3009948730469,-207.29220581054688,-300.42315673828125,893.8497924804688
125.62120819091795,-150.1991424560547,178.74473571777344,130.65762329101562,-178.32608032226562,994.3456420898438,129.46421813964844,-292.6507568359375,518.82080078125,236.47378540039065,-126.84732818603516,845.70458984375,-101.67729949951172,-59.8206787109375,145.60665893554688,-170.4090576171875,-153.74700927734375,1002.8060913085938,-138.00498962402344,-98.64302825927734,506.3540649414063,-205.8663482666016,-302.8252258300781,895.3215942382812
125.47813415527344,-168.47967529296875,172.05638122558594,130.72047424316406,-177.7158660888672,994.0159301757812,128.2541961669922,-293.33807373046875,519.4448852539062,236.6932830810547,-124.70768737792967,845.3007202148438,-101.63687896728516,-50.369895935058594,145.71253967285156,-170.05166625976562,-152.1988067626953,1001.9666748046876,-137.7751007080078,-91.77149200439452,506.4087524414063,-204.40545654296875,-305.0094299316406,896.541259765625
125.2412567138672,-186.9119110107422,165.9456024169922,130.8590545654297,-177.09190368652344,993.4675903320312,127.1796646118164,-293.6201477050781,519.745849609375,236.777587890625,-122.80805206298828,844.7409057617188,-101.60714721679688,-40.93429565429688,145.82061767578125,-169.61500549316406,-150.7699737548828,1001.044921875,-137.5552215576172,-85.07282257080078,506.457275390625,-202.9188995361328,-306.9752197265625,897.4920654296875
124.93196105957033,-205.3990020751953,160.49188232421875,131.07054138183594,-176.46356201171875,992.7066040039062,126.24706268310548,-293.5696716308594,519.7437744140625,236.7318572998047,-121.14543914794922,844.0234985351562,-101.58635711669922,-31.515321731567383,145.92974853515625,-169.10528564453125,-149.46499633789062,1000.04052734375,-137.35565185546875,-78.56580352783203,506.4889526367188,-201.41604614257807,-308.7225952148437,898.1589965820312
124.57394409179688,-223.82839965820312,155.75013732910156,131.35147094726562,-175.84315490722656,991.7427978515624,125.45446014404295,-293.2630615234375,519.4659423828125,236.56317138671875,-119.71614837646484,843.1497802734375,-101.57054138183594,-22.115480422973636,146.03936767578125,-168.53012084960938,-148.2869873046875,998.9532470703124,-137.181884765625,-72.26812744140625,506.4905090332031,-199.90628051757807,-310.251708984375,898.5293579101562
124.18970489501952,-242.070556640625,151.7487335205078,131.69781494140625,-175.24571228027344,990.5902099609376,124.7920913696289,-292.7769775390625,518.9452514648438,236.2804412841797,-118.51592254638672,842.1237182617188,-101.55401611328124,-12.73893928527832,146.14990234375,-167.8982391357422,-147.23785400390625,997.783203125,-137.0341796875,-66.1969223022461,506.4471130371094,-198.3989715576172,-311.5629272460937,898.5931396484375
123.7973861694336,-259.9788513183594,148.4886474609375,132.10501098632812,-174.68893432617188,989.2664794921876,124.24356842041016,-292.1846923828125,518.217041015625,235.89419555664065,-117.53990936279295,840.9522705078125,-101.53022003173828,-3.391970157623291,146.26318359375,-167.21920776367188,-146.31842041015625,996.5311279296876,-136.90744018554688,-60.36903762817383,506.3438415527344,-196.9034118652344,-312.6565856933594,898.3433837890625
123.40879821777344,-277.3914794921875,145.9440155029297,132.56796264648438,-174.19276428222656,987.7930297851562,123.78750610351562,-291.5534362792969,517.31689453125,235.4164276123047,-116.78284454345705,839.6449584960938,-101.49264526367188,5.916933536529541,146.38320922851562,-166.50311279296875,-145.528564453125,995.1989135742188,-136.79176330566406,-54.80112075805664,506.1673278808594,-195.42874145507807,-313.53277587890625,897.7767944335938
123.02874755859376,-294.13531494140625,144.06411743164062,133.08099365234375,-173.77920532226562,986.1943969726562,123.39942169189452,-290.9423217773437,516.2777099609375,234.8604278564453,-116.2391128540039,838.2138671875,-101.4356918334961,15.177268981933594,146.5167694091797,-165.76019287109375,-144.8672637939453,993.7898559570312,-136.673095703125,-49.50941848754883,505.90728759765625,-193.98390197753903,-314.1913146972656,896.8938598632812
122.65538787841795,-310.0310974121094,142.77679443359375,133.63772583007812,-173.4718017578125,984.497802734375,123.05378723144533,-290.4015197753906,515.12841796875,234.2405548095703,-115.90290069580078,836.6734008789062,-101.35539245605467,24.376850128173828,146.67385864257812,-165.00042724609375,-144.33291625976562,992.3093872070312,-136.53428649902344,-44.5095329284668,505.5579223632813,-192.57749938964844,-314.631591796875,895.6994018554688
122.28128051757812,-324.89971923828125,141.9929656982422,134.23114013671875,-173.29510498046875,982.7324829101562,122.72600555419922,-289.9720764160156,513.8931884765625,233.57192993164065,-115.76838684082033,835.0399780273438,-101.2498550415039,33.50212478637695,146.86756896972656,-164.23324584960938,-143.92379760742188,990.764892578125,-136.356201171875,-39.816219329833984,505.1187744140625,-191.21771240234372,-314.8526306152344,894.2025146484375
121.89481353759766,-338.5688171386719,141.6121368408203,134.85365295410156,-173.27386474609375,980.9292602539062,122.3943862915039,-289.68658447265625,512.5919799804688,232.8702545166016,-115.8299331665039,833.331787109375,-101.11940002441406,42.53854370117188,147.1138153076172,-163.46717834472656,-143.6385955810547,989.1660766601562,-136.1187744140625,-35.44334411621094,504.5949096679688,-189.91213989257807,-314.8529052734375,892.4168090820312
121.48202514648438,-350.8797912597656,141.5284423828125,135.49754333496094,-173.43190002441406,979.119873046875,122.04182434082033,-289.56988525390625,511.2415466308594,232.1514587402344,-116.08224487304688,831.5684204101562,-100.96646118164062,51.47089767456055,147.43060302734375,-162.70957946777344,-143.4768524169922,987.5249633789062,-135.80209350585938,-31.40415382385254,503.9963073730469,-188.66769409179688,-314.6305847167969,890.3602905273438
121.02896881103516,-361.6943664550781,141.6370849609375,136.155517578125,-173.79080200195312,977.3366088867188,121.65702056884766,-289.6401062011719,509.8573913574219,231.4314727783203,-116.52059936523438,829.7706298828125,-100.79499053955078,60.28359222412109,147.83740234375,-161.96633911132812,-143.43943786621094,985.8555908203124,-135.38719177246094,-27.71181869506836,503.3370971679688,-187.4904327392578,-314.1835327148437,888.055419921875
120.5244369506836,-370.901123046875,141.8408966064453,136.8212890625,-174.36863708496094,975.6118774414062,121.23519134521484,-289.9095153808594,508.45556640625,230.7259826660156,-117.1410140991211,827.9596557617188,-100.60969543457033,68.96085357666016,148.3544921875,-161.24176025390625,-143.52874755859375,984.1736450195312,-134.85671997070312,-24.38019180297852,502.6341552734375,-186.3854522705078,-313.509521484375,885.52880859375
119.96250915527344,-378.4212036132813,142.0559539794922,137.4899139404297,-175.1787872314453,973.9776000976562,120.77826690673828,-290.3853454589844,507.0540771484375,230.05014038085935,-117.9403839111328,826.1573486328125,-100.41529083251952,77.48678588867188,149.00222778320312,-160.53842163085938,-143.74874877929688,982.4961547851562,-134.1952667236328,-21.42473793029785,501.9056091308594,-185.35682678222656,-312.6063537597656,882.8106689453125
119.34457397460938,-384.2126770019531,142.2161407470703,138.1580810546875,-176.22926330566406,972.4649047851562,120.29479217529295,-291.07012939453125,505.674560546875,229.41842651367188,-118.91661834716795,824.3851928710938,-100.2159423828125,85.84529113769531,149.80067443847656,-159.85716247558594,-144.104736328125,980.8408203125,-133.38980102539062,-18.86356544494629,501.1692504882813,-184.4075164794922,-311.4721984863281,879.9346923828125
118.68025970458984,-388.2738952636719,142.27532958984375,138.82398986816406,-177.52207946777344,971.1033935546876,119.79949951171876,-291.96173095703125,504.34283447265625,228.84442138671875,-120.0687026977539,822.66455078125,-100.01514434814452,94.019775390625,150.7691192626953,-159.1970977783203,-144.6029052734375,979.2257080078124,-132.43006896972656,-16.718477249145508,500.4413146972656,-183.53936767578125,-310.105712890625,876.9371337890625
117.98731994628906,-390.6444091796875,142.20736694335938,139.48728942871094,-179.0531768798828,969.9205322265624,119.31282806396484,-293.0530090332031,503.0890197753906,228.3406982421875,-121.39673614501952,821.0158081054688,-99.81584167480467,101.9925537109375,151.92591857910156,-158.55584716796875,-145.24951171875,977.6682739257812,-131.30943298339844,-15.01594352722168,499.7352600097656,-182.7530975341797,-308.5065002441406,873.8562622070312
117.2901382446289,-391.40423583984375,142.00369262695312,140.14883422851562,-180.8123321533203,968.9412841796876,118.86023712158205,-294.3312072753906,501.9465942382813,227.91873168945312,-122.90193176269533,819.45849609375,-99.62094116210938,109.74398803710938,153.28819274902344,-157.9296875,-146.04994201660156,976.1852416992188,-130.0260772705078,-13.78782844543457,499.0612487792969,-182.0483245849609,-306.6752319335937,870.7317504882812
116.6172866821289,-390.6698303222656,141.66934204101562,140.81068420410156,-182.7832946777344,968.1871337890624,118.47137451171876,-295.77691650390625,500.9505310058594,227.5888519287109,-124.5865478515625,818.0107421875,-99.43391418457033,117.25135803222656,154.8718719482422,-157.3137969970703,-147.00772094726562,974.7918090820312,-128.5849151611328,-13.071649551391602,498.4259033203125,-181.42364501953125,-304.6139221191406,867.6036376953125
115.99830627441406,-388.5872192382813,141.2186279296875,141.47592163085938,-184.94407653808597,967.6756591796876,118.17893981933594,-297.36358642578125,500.1342468261719,227.36019897460935,-126.45377349853516,816.689208984375,-99.25939178466795,124.4872817993164,156.69154357910156,-156.7024383544922,-148.12332153320312,973.5014038085938,-126.99983215332033,-12.91017246246338,497.8321533203125,-180.876708984375,-302.3262939453125,864.5116577148438
115.4602279663086,-385.322021484375,140.6715850830078,142.14834594726562,-187.2677154541016,967.4198608398438,118.01705932617188,-299.056640625,499.5261840820313,227.2407989501953,-128.50753784179688,815.5088500976562,-99.10369110107422,131.41790771484375,158.76036071777344,-156.0892791748047,-149.39329528808594,972.3253784179688,-125.29597473144533,-13.350043296813965,497.2789916992188,-180.40435791015625,-299.81793212890625,861.4944458007812
115.0242691040039,-381.0470581054688,140.05137634277344,142.83226013183594,-189.7231292724609,967.4273071289062,118.01892852783205,-300.8132019042969,499.145751953125,227.23757934570312,-130.75241088867188,814.48291015625,-98.97515106201172,138.00123596191406,161.0899658203125,-155.46759033203125,-150.8092498779297,971.2724609375,-123.51154327392578,-14.439188957214355,496.7611389160156,-180.00271606445312,-297.0963439941406,858.5885620117188
114.70330047607422,-375.9293212890625,139.38247680664062,143.53201293945312,-192.27633666992188,967.6995239257812,118.21366119384766,-302.5821533203125,498.9999084472656,227.35647583007807,-133.1932373046875,813.6226196289062,-98.8843231201172,144.18614196777344,163.69056701660156,-154.8305206298828,-152.35716247558594,970.3487548828124,-121.6982192993164,-16.222938537597656,496.2685852050781,-179.66737365722656,-294.1713256835937,855.827880859375
114.500732421875,-370.119384765625,138.68959045410156,144.2515869140625,-194.8915863037109,968.2315063476562,118.62271881103516,-304.3043212890625,499.0806274414063,227.6024169921875,-135.83502197265625,812.937255859375,-98.84381866455078,149.91209411621094,166.5711669921875,-154.17138671875,-154.01687622070312,969.5574951171876,-119.919677734375,-18.739057540893555,495.78607177734375,-179.39356994628906,-291.0547790527344,853.2428588867188
114.41081237792967,-363.7448120117188,137.99612426757812,144.9943084716797,-197.5325927734375,969.0115966796876,119.25634765625,-305.9127502441406,499.3638916015625,227.9794158935547,-138.6826171875,812.4340209960938,-98.86774444580078,155.10951232910156,169.7395782470703,-153.484130859375,-155.7620849609375,968.899169921875,-118.24779510498048,-22.01222419738769,495.2936096191406,-179.1763153076172,-287.7608337402344,850.859619140625
114.41999816894533,-356.9081115722656,137.32257080078125,145.76248168945312,-200.1635589599609,970.021240234375,120.11078643798828,-307.3334655761719,499.810546875,228.49058532714844,-141.74041748046875,812.1182861328125,-98.97061157226562,159.70083618164062,173.20272827148438,-152.7635498046875,-157.56060791015625,968.3716430664062,-116.75739288330078,-26.04941940307617,494.76708984375,-179.0106658935547,-284.3057556152344,848.6998901367188
114.5088119506836,-349.6874694824219,136.6854248046875,146.5572052001953,-202.75001525878903,971.2359619140624,121.16683197021484,-308.48681640625,500.36920166015625,229.1380615234375,-145.0120849609375,811.9933471679688,-99.16576385498048,163.60231018066406,176.9665985107422,-152.00576782226562,-159.3753204345703,967.970703125,-115.51994323730467,-30.837404251098636,494.1800842285156,-178.89183044433594,-280.707763671875,846.7804565429688
114.65410614013672,-342.1400756835937,136.09671020507812,147.37815856933594,-205.25942993164065,972.6257934570312,122.39028930664062,-309.2900085449219,500.98095703125,229.92308044433597,-148.5003204345703,812.0606689453125,-99.46349334716795,166.72654724121094,181.03570556640625,-151.20852661132812,-161.16558837890625,967.6900024414062,-114.59703826904295,-36.34297561645508,493.5065307617188,-178.81539916992188,-276.9868469238281,845.1127319335938
114.83120727539062,-334.3067321777344,135.56390380859375,148.2235870361328,-207.6615447998047,974.1569213867188,123.73430633544922,-309.6610107421875,501.585205078125,230.8458404541016,-152.2065887451172,812.3202514648438,-99.86912536621094,168.9859161376953,185.4118194580078,-150.37147521972656,-162.88925170898438,967.5220336914062,-114.03418731689452,-42.5157585144043,492.7245788574219,-178.77745056152344,-273.1644592285156,843.7032470703125
115.0159149169922,-326.2171630859375,135.09034729003906,149.09036254882812,-209.9285430908203,975.79296875,125.14354705810548,-309.5234069824219,502.1255187988281,231.90538024902344,-156.13088989257812,812.7705078125,-100.3814468383789,170.29689025878906,190.0919952392578,-149.4962921142578,-164.50497436523438,967.458740234375,-113.85552978515624,-49.292510986328125,491.8210144042969,-178.7747344970703,-269.2630615234375,842.553466796875
115.18622589111328,-317.894775390625,134.67591857910156,149.97421264648438,-212.0351104736328,977.4968872070312,126.5597152709961,-308.8118896484375,502.554931640625,233.09962463378903,-160.27166748046875,813.408935546875,-100.99186706542967,170.5855255126953,195.0660095214844,-148.5867919921875,-165.97439575195312,967.4920043945312,-114.06072998046876,-56.6021842956543,490.7955932617188,-178.80477905273438,-265.3057861328125,841.6602172851562
115.3239288330078,-309.3603210449219,134.31773376464844,150.86985778808594,-213.9582977294922,979.2324829101562,127.92772674560548,-307.4773864746094,502.8393249511719,234.42514038085935,-164.62567138671875,814.2321166992188,-101.68450927734376,169.79356384277344,200.3140411376953,-147.6487274169922,-167.26417541503906,967.6144409179688,-114.62515258789062,-64.37140655517578,489.6640625,-178.86593627929688,-261.3158264160156,841.0164184570312
115.41573333740234,-300.63458251953125,134.0109405517578,151.77149963378906,-215.67758178710935,980.966064453125,129.20164489746094,-305.4908142089844,502.9592895507813,235.8770751953125,-169.18792724609375,815.236328125,-102.43724060058594,167.8843994140625,205.8048858642578,-146.6896514892578,-168.34765625,967.8201293945312,-115.50332641601562,-72.52981567382812,488.4596862792969,-178.9574737548828,-257.3161315917969,840.611572265625
115.45392608642578,-291.7391662597656,133.74932861328125,152.67311096191406,-217.1749267578125,982.6675415039062,130.34954833984375,-302.84527587890625,502.9100036621094,237.44911193847656,-173.9517822265625,816.4176635742188,-103.2235336303711,164.84820556640625,211.4955902099609,-145.7183380126953,-169.2061004638672,968.104736328125,-116.63477325439452,-81.014404296875,487.2325134277344,-179.07948303222656,-253.32876586914065,840.4323120117188
115.43649291992188,-282.6966857910156,133.52597045898438,153.56875610351562,-218.43492126464844,984.3115234375,131.35650634765625,-299.5560913085937,502.6999206542969,239.1334381103516,-178.908935546875,817.7723388671875,-104.01486206054688,160.70506286621094,217.33262634277344,-144.744384765625,-169.8295440673828,968.4661865234376,-117.9508285522461,-89.77239227294922,486.0467224121094,-179.23284912109375,-249.37454223632807,840.4634399414062
115.36669921875,-273.5299987792969,133.3338165283203,154.45301818847656,-219.445068359375,985.8775634765624,132.22537231445312,-295.6584167480469,502.347900390625,240.92063903808597,-184.04946899414065,819.2969360351562,-104.7834014892578,155.50527954101562,223.25408935546875,-143.7775421142578,-170.216796875,968.9044189453124,-119.38119506835938,-98.76224517822266,484.9762268066406,-179.4189910888672,-245.47265625,840.6881713867188
115.25222778320312,-264.26171875,133.16629028320312,155.32119750976562,-220.1959381103516,987.3506469726562,132.97500610351562,-291.2030334472656,501.87994384765625,242.79981994628903,-189.36199951171875,820.9883422851562,-105.50471496582033,149.32640075683594,229.1919708251953,-142.82711791992188,-170.37501525878906,969.4212646484376,-120.85945129394533,-107.95279693603516,484.0989379882813,-179.63955688476562,-241.6403350830078,841.089111328125
115.10381317138672,-254.9134063720703,133.01766967773438,156.16970825195312,-220.6812744140625,988.720947265625,133.63609313964844,-286.2507019042969,501.32562255859375,244.75863647460935,-194.83372497558597,822.8439331054688,-106.15979766845705,142.26644897460938,235.0735015869141,-141.9015655517578,-170.318603515625,970.0202026367188,-122.32674407958984,-117.32081604003906,483.4910278320313,-179.89614868164062,-237.89260864257807,841.6481323242188
114.93374633789062,-245.5043487548828,132.8835906982422,156.9965362548828,-220.89784240722656,989.9832153320312,134.2451629638672,-280.8657531738281,500.7150268554688,246.78335571289065,-200.4505615234375,824.8612670898438,-106.73617553710938,134.4342803955078,240.8209686279297,-141.00802612304688,-170.06771850585938,970.70556640625,-123.73357391357422,-126.84741973876952,483.2208251953125,-180.18988037109372,-234.24215698242188,842.3472900390625
114.75431060791016,-236.0505828857422,132.76123046875,157.80154418945312,-220.84532165527344,991.1364135742188,134.8378448486328,-275.1098327636719,500.0762634277344,248.8590545654297,-206.1971893310547,827.0382080078125,-107.22786712646484,125.938232421875,246.3500213623047,-140.15211486816406,-169.6466064453125,971.4821166992188,-125.0398941040039,-136.51329040527344,483.3442077636719,-180.5209503173828,-230.6992034912109,843.1687622070312
114.57630920410156,-226.56434631347656,132.6493682861328,158.58645629882812,-220.5261688232422,992.1826782226562,135.4424591064453,-269.036865234375,499.43365478515625,250.9697723388672,-212.0572509765625,829.372314453125,-107.63442993164062,116.87557983398438,251.56793212890625,-139.33782958984375,-169.08177185058594,972.3540649414062,-126.2146987915039,-146.2942352294922,483.9007873535156,-180.8883056640625,-227.27154541015625,844.0947265625
114.40802764892578,-217.05401611328125,132.54827880859375,159.354736328125,-219.94549560546875,993.1264038085938,136.07540893554688,-262.68994140625,498.8069152832031,253.0987243652344,-218.0134429931641,831.86083984375,-107.95954132080078,107.32452392578124,256.3736267089844,-138.5675811767578,-168.4003143310547,973.32421875,-127.23567199707033,-156.1577911376953,484.9116516113281,-181.28924560546875,-223.964599609375,845.1077270507812
114.2546615600586,-207.5245819091797,132.4593505859375,160.11106872558594,-219.11106872558597,993.972900390625,136.73902893066406,-256.1002197265625,498.2106323242188,255.22853088378903,-224.04759216308597,834.5003662109375,-108.20977020263672,97.34009552001952,260.660400390625,-137.84230041503906,-167.62832641601562,974.393310546875,-128.0886993408203,-166.06106567382812,486.3783874511719,-181.7192840576172,-220.78152465820312,846.190673828125
114.11824035644533,-197.978271484375,132.3846435546875,160.86087036132812,-218.0332946777344,994.7276611328124,137.42237854003906,-249.28793334960935,497.6545104980469,257.3414611816406,-230.1407928466797,837.2864379882812,-108.39415740966795,86.95355987548828,264.3207702636719,-137.1617431640625,-166.78976440429688,975.5593872070312,-128.76693725585938,-175.95040893554688,488.2830200195313,-182.17208862304688,-217.72348022460935,847.3263549804688
113.99807739257812,-188.4154510498047,132.32632446289062,161.6094207763672,-216.72528076171875,995.3955688476562,138.10452270507812,-242.264892578125,497.1437072753906,259.419677734375,-236.2735748291016,840.2132568359375,-108.52449035644533,76.17481994628906,267.2525939941406,-136.5247039794922,-165.9055633544922,976.8169555664062,-129.26947021484375,-185.7631378173828,490.58984375,-182.63951110839844,-214.7898406982422,848.497802734375
113.89154052734376,-178.83558654785156,132.2861328125,162.361083984375,-215.2030487060547,995.97998046875,138.75978088378906,-235.0377960205078,496.6795959472656,261.4455871582031,-242.42596435546875,843.2733154296875,-108.61520385742188,64.99725341796875,269.365478515625,-135.9294891357422,-164.9932403564453,978.1568603515624,-129.5994110107422,-195.43109130859372,493.2482604980469,-183.11181640625,-211.9784393310547,849.6880493164062
113.79486846923828,-169.23814392089844,132.26504516601562,163.11854553222656,-213.48545837402344,996.4822387695312,139.3634490966797,-227.61184692382807,496.2604675292969,263.40191650390625,-248.5777130126953,846.4574584960938,-108.68238830566406,53.40415954589844,270.5863342285156,-135.3743438720703,-164.066650390625,979.5662841796876,-129.76162719726562,-204.8850250244141,496.1966552734375,-183.5781707763672,-209.28594970703125,850.880126953125
113.70389556884766,-159.6231689453125,132.2630157470703,163.88223266601562,-211.5937347412109,996.902099609375,139.89659118652344,-219.9943084716797,495.8825378417969,265.2721252441406,-254.70835876464844,849.7543334960938,-108.74183654785156,41.37553024291992,270.863525390625,-134.8577117919922,-163.13623046875,981.0284423828124,-129.76004028320312,-214.0582275390625,499.36724853515625,-184.0269012451172,-206.7081451416016,852.0570678710938
113.61471557617188,-149.9915313720703,132.27899169921875,164.65005493164062,-209.5509033203125,997.2372436523438,140.34812927246094,-212.1977081298828,495.5404052734375,267.04058837890625,-260.79736328125,853.1503295898438,-108.80726623535156,28.893367767333984,270.1692199707031,-134.37867736816406,-162.20928955078125,982.5233154296876,-129.59561157226562,-222.8889312744141,502.6907348632813,-184.4461669921875,-204.2401580810547,853.2017822265625
113.52407836914062,-140.3449249267578,132.31103515625,165.4174041748047,-207.381103515625,997.4840087890624,140.71435546875,-204.24220275878903,495.2275085449219,268.6927185058594,-266.8243103027344,856.6297607421875,-108.88921356201172,15.94451904296875,268.4996643066406,-133.93698120117188,-161.29037475585938,984.0281982421876,-129.265380859375,-231.3212127685547,506.1001281738281,-184.8243865966797,-201.87684631347656,854.2974243164062
113.4295425415039,-130.68605041503906,132.35659790039062,166.1774139404297,-205.10894775390625,997.6375122070312,140.99635314941406,-196.1564483642578,494.9363403320313,270.2153015136719,-272.7689819335937,860.1746826171875,-108.99437713623048,2.521186590194702,265.8741149902344,-133.53318786621094,-160.38180541992188,985.5181274414062,-128.76304626464844,-239.3049774169922,509.5335693359375,-185.1508026123047,-199.61297607421875,855.3273315429688
113.32937622070312,-121.01834106445312,132.41275024414062,166.9214630126953,-202.75900268554688,997.6921997070312,141.1968994140625,-187.97694396972656,494.6588439941406,271.5965576171875,-278.611572265625,863.764892578125,-109.12523651123048,-11.380205154418944,262.3328552246094,-133.1685791015625,-159.4842529296875,986.9669799804688,-128.08082580566406,-246.7955322265625,512.93505859375,-185.41598510742188,-197.44342041015625,856.2750854492188
113.2223663330078,-111.34573364257812,132.47650146484375,167.63967895507812,-200.35528564453125,997.6422729492188,141.31826782226562,-179.7457733154297,494.3869018554688,272.8263244628906,-284.332763671875,867.3783569335938,-109.28023529052734,-25.76093101501465,257.93505859375,-132.8450164794922,-158.59732055664062,988.34814453125,-127.21275329589844,-253.75326538085935,516.2533569335938,-185.61224365234372,-195.3634185791016,857.1249389648438
113.10750579833984,-101.67234802246094,132.544921875,168.32180786132812,-197.92100524902344,997.4818725585938,141.36105346679688,-171.50759887695312,494.1124572753906,273.8961486816406,-289.91375732421875,870.9912719726562,-109.45426940917967,-40.62183380126953,252.7565460205078,-132.56475830078125,-157.7200469970703,989.63525390625,-126.1583023071289,-260.143798828125,519.4398193359375,-185.73399353027344,-193.36865234375,857.8616333007812
112.98379516601562,-92.00218963623048,132.61526489257812,168.9578094482422,-195.47817993164065,997.205810546875,141.3243865966797,-163.306396484375,493.8280029296875,274.7993469238281,-295.3365173339844,874.5782470703125,-109.63973999023438,-55.964447021484375,246.88790893554688,-132.33013916015625,-156.8514404296875,990.8029174804688,-124.92513275146484,-265.9378967285156,522.4461059570312,-185.77798461914065,-191.4553375244141,858.4710693359375
112.85000610351562,-82.33888244628906,132.6848602294922,169.53857421875,-193.04759216308597,996.8096313476562,141.2071533203125,-155.18215942382812,493.52679443359375,275.53094482421875,-300.5837097167969,878.1128540039062,-109.82766723632812,-71.79076385498047,240.4326934814453,-132.14332580566406,-155.99082946777344,991.827392578125,-123.53034210205078,-271.1114196777344,525.222900390625,-185.743408203125,-189.62039184570312,858.93994140625
112.7046127319336,-72.68546295166016,132.7511749267578,170.0564422607422,-190.6486358642578,996.2897338867188,141.00978088378906,-147.16818237304688,493.2033081054688,276.0877685546875,-305.63885498046875,881.5675659179688,-110.00857543945312,-88.10147857666016,233.50588989257807,-132.00607299804688,-155.13833618164062,992.6870727539062,-122.0002212524414,-275.6456604003906,527.7200927734375,-185.63189697265625,-187.86138916015625,859.2564086914062
112.54596710205078,-63.044395446777344,132.8118438720703,170.5055389404297,-188.2992248535156,995.64404296875,140.73609924316406,-139.2890625,492.8534240722656,276.4683532714844,-310.4862060546875,884.9144287109375,-110.17284393310548,-104.8927764892578,226.2321929931641,-131.91941833496094,-154.2952117919922,993.363037109375,-120.36872863769533,-279.5281677246094,529.8880615234375,-185.4474334716797,-186.17660522460935,859.4099731445312
112.37248229980467,-53.41769409179688,132.86483764648438,170.8819580078125,-186.0157470703125,994.8717041015624,140.39480590820312,-131.5597686767578,492.4747619628906,276.6728210449219,-315.1110534667969,888.1253662109375,-110.3106918334961,-122.1526336669922,218.74420166015625,-131.88360595703125,-153.4641876220703,993.8392944335938,-118.67514038085938,-282.75341796875,531.6799926757812,-185.1960906982422,-184.5650177001953,859.3916625976562
112.18301391601562,-43.807071685791016,132.90882873535156,171.1837158203125,-183.81304931640625,993.9734497070312,140.00009155273438,-123.98590850830078,492.0667114257813,276.7027587890625,-319.4994812011719,891.1723022460938,-110.41179656982422,-139.85707092285156,211.18002319335935,-131.89788818359375,-152.64987182617188,994.1035766601562,-116.96128845214844,-285.32403564453125,533.0547485351562,-184.88571166992188,-183.02630615234372,859.1942749023438
111.97715759277344,-34.21418762207031,132.94334411621094,171.4106903076172,-181.70469665527344,992.9514770507812,139.57135009765625,-116.56600189208984,491.6300659179688,276.5611267089844,-323.6385803222656,894.0277709960938,-110.46476745605467,-157.96693420410156,203.6803131103516,-131.96054077148438,-151.85894775390625,994.1473388671876,-115.2688217163086,-287.2512512207031,533.9801025390625,-184.5255889892578,-181.56082153320312,858.8123779296875
111.75562286376952,-24.640979766845703,132.9691619873047,171.5643310546875,-179.70301818847656,991.8096313476562,139.1317138671875,-109.2949447631836,491.1665954589844,276.25201416015625,-327.5162048339844,896.6651000976562,-110.45679473876952,-176.42530822753906,196.3849029541016,-132.06890869140625,-151.10012817382812,993.9664916992188,-113.63678741455078,-288.5556640625,534.4351806640625,-184.1260223388672,-180.1695098876953,858.24267578125
111.52049255371094,-15.090028762817385,132.9886016845703,171.64749145507812,-177.81942749023438,990.5534057617188,138.70631408691406,-102.16770935058594,490.6784362792969,275.7805480957031,-331.1210632324219,899.0589599609375,-110.37368774414062,-195.15530395507807,189.42860412597656,-132.21961975097656,-150.38406372070312,993.5614013671876,-112.0996551513672,-289.26727294921875,534.4130859375,-183.69798278808597,-178.85394287109375,857.48388671875
111.27560424804688,-5.5649895668029785,133.005859375,171.66407775878906,-176.0645294189453,989.1898193359376,138.3201446533203,-95.18228912353516,490.1678771972656,275.15283203125,-334.442626953125,901.1856079101562,-110.20021057128906,-214.057861328125,182.93634033203125,-132.4088134765625,-149.7229766845703,992.9371337890624,-110.68575286865234,-289.425537109375,533.9223022460938,-183.2527008056641,-177.6162109375,856.5372314453125
111.02680206298828,3.9290173053741455,133.02740478515625,171.6188201904297,-174.44822692871094,987.7274780273438,137.99600219726562,-88.34225463867188,489.6370239257813,274.37554931640625,-337.470947265625,903.0232543945312,-109.92056274414062,-233.0101776123047,177.0177459716797,-132.6323699951172,-149.13031005859375,992.1038208007812,-109.41608428955078,-289.07916259765625,532.9872436523438,-182.80133056640625,-176.45895385742188,855.4063110351562
110.78204345703124,13.385029792785645,133.06211853027344,171.51699829101562,-172.9796905517578,986.1768188476562,137.75245666503906,-81.65867614746094,489.087890625,273.45611572265625,-340.19659423828125,904.5524291992188,-109.51872253417967,-251.8647003173828,171.7616729736328,-132.88613891601562,-148.620361328125,991.0762329101562,-108.30354309082033,-288.28594970703125,531.64697265625,-182.35470581054688,-175.3853302001953,854.0973510742188
110.55130767822266,22.79386138916016,133.12132263183594,171.36407470703125,-171.66722106933594,984.5497436523438,137.60191345214844,-75.15088653564453,488.5221557617188,272.40240478515625,-342.6106262207031,905.7562866210938,-108.9785385131836,-270.4493408203125,167.231201171875,-133.16616821289062,-148.20782470703125,989.8738403320312,-107.35257720947266,-287.1120910644531,529.952880859375,-181.9231109619141,-174.39894104003906,852.6192626953125
110.34596252441406,32.14400863647461,133.21841430664062,171.1656036376953,-170.518310546875,982.8597412109376,137.5495147705078,-68.84613800048828,487.9412231445313,271.2227478027344,-344.70440673828125,906.62109375,-108.28367614746094,-288.5697021484375,163.45982360839844,-133.4688720703125,-147.907470703125,988.5203857421876,-106.55936431884766,-285.6313171386719,527.9650268554688,-181.51612854003903,-173.50387573242188,850.9839477539062
110.17721557617188,41.4222297668457,133.36817932128906,170.9269256591797,-169.53968811035156,981.1220092773438,137.59207153320312,-62.778133392333984,487.3462219238281,269.9258117675781,-346.46954345703125,907.13623046875,-107.41781616210938,-306.0139465332031,160.44935607910156,-133.7910919189453,-147.73377990722656,987.0432739257812,-105.91244506835938,-283.9237976074219,525.7484741210938,-181.1424865722656,-172.7046356201172,849.2061157226562
110.0542449951172,50.61447525024414,133.5863494873047,170.65318298339844,-168.7375030517578,979.3530883789062,137.71788024902344,-56.984657287597656,486.7380676269531,268.5206604003906,-347.8978881835937,907.294677734375,-106.36569213867188,-322.55987548828125,158.1697235107422,-134.1302032470703,-147.70062255859375,985.4732666015624,-105.3935775756836,-282.0747375488281,523.3694458007812,-180.81005859375,-172.00611877441406,847.3033447265625
109.98277282714844,59.706642150878906,133.88922119140625,170.34918212890625,-168.11752319335938,977.57080078125,137.90663146972656,-51.50484848022461,486.1177673339844,267.0166320800781,-348.9814147949219,907.0931396484376,-105.11531829833984,-337.9844970703125,156.5608673095703,-134.48411560058594,-147.821044921875,983.8433837890624,-104.9784927368164,-280.1724548339844,520.8936157226562,-180.5257873535156,-171.41358947753906,845.2958984375
109.96412658691406,68.68505096435547,134.2935028076172,170.0193328857422,-167.6852264404297,975.7940063476562,138.1302032470703,-46.37662506103516,485.4866333007813,265.4234619140625,-349.7122802734375,906.5322265625,-103.66100311279295,-352.075439453125,155.53689575195312,-134.8512420654297,-148.10690307617188,982.188232421875,-104.63792419433594,-278.30621337890625,518.3849487304688,-180.29571533203125,-170.9326934814453,843.206787109375
109.994873046875,77.53662872314453,134.81622314453125,169.66766357421875,-167.4459228515625,974.042236328125,138.3538818359375,-41.63482666015625,484.8467102050781,263.7512512207031,-350.0828857421875,905.6163940429688,-102.00586700439452,-364.6419982910156,154.9925079345703,-135.23037719726562,-148.56861877441406,980.5431518554688,-104.33894348144533,-276.5634765625,515.9052734375,-180.12493896484375,-170.56935119628906,841.061279296875
110.06697845458984,86.24888610839844,135.47451782226562,169.29769897460938,-167.40457153320312,972.3353271484376,138.5386962890625,-37.31044006347656,484.2009582519531,262.01043701171875,-350.0859375,904.3541259765624,-100.16332244873048,-375.5252380371094,154.8115997314453,-135.6207275390625,-149.21485900878906,978.943115234375,-104.0470962524414,-275.0268249511719,513.5136108398438,-180.01773071289062,-170.32977294921875,838.8865966796875
110.1685562133789,94.80964660644533,136.28526306152344,168.91236877441406,-167.565673828125,970.6929321289062,138.64456176757812,-33.43104934692383,483.5531921386719,260.2120056152344,-349.7145690917969,902.7578735351562,-98.1574478149414,-384.6062927246094,154.87657165527344,-136.0217742919922,-150.0521240234375,977.4219970703124,-103.7291030883789,-273.7699279785156,511.2648315429688,-179.97750854492188,-170.22044372558594,836.711669921875
110.28504943847656,103.20662689208984,137.26487731933594,168.51397705078125,-167.9328155517578,969.1339111328124,138.63429260253906,-30.02233123779297,482.9080505371094,258.3673095703125,-348.9625549316406,900.8439331054688,-96.02239990234376,-391.8131408691406,155.0772247314453,-136.43319702148438,-151.0843963623047,976.01171875,-103.35601806640624,-272.8534545898437,509.2083435058594,-180.00689697265625,-170.2480010986328,834.5662841796875
110.40081024169922,111.4267578125,138.42921447753906,168.10394287109375,-168.50823974609375,967.67578125,138.47792053222656,-27.11017417907715,482.2702331542969,256.4883117675781,-347.8243713378906,898.632080078125,-93.8008804321289,-397.1246643066406,155.3177032470703,-136.8548583984375,-152.31260681152344,974.7415161132812,-102.90655517578124,-272.3207702636719,507.3864440917969,-180.10781860351562,-170.41925048828125,832.4808959960938
110.50084686279295,119.45530700683594,139.7938690185547,167.6827850341797,-169.292236328125,966.3343505859376,138.156982421875,-24.72294807434082,481.6441040039063,254.5873565673828,-346.295654296875,896.1456298828125,-91.54205322265624,-400.5719299316406,155.52085876464844,-137.2867431640625,-153.7342529296875,973.6376953125,-102.37010192871094,-272.1950988769531,505.83294677734375,-180.28146362304688,-170.74102783203125,830.4859008789062
110.57264709472656,127.27462768554688,141.3748016357422,167.2499542236328,-170.28248596191406,965.122802734375,137.6679229736328,-22.89323616027832,481.0328674316406,252.67739868164065,-344.3731689453125,893.4108276367188,-89.30005645751953,-402.2370910644531,155.6303253173828,-137.72900390625,-155.34291076660156,972.7228393554688,-101.74906158447266,-272.4781494140625,504.5723571777344,-180.5283660888672,-171.2201385498047,828.611083984375
110.608154296875,134.86236572265625,143.18931579589844,166.8038787841797,-171.47352600097656,964.0516967773438,137.0242156982422,-21.65850257873535,480.4380187988281,250.7717437744141,-342.05535888671875,890.4566040039062,-87.13302612304688,-402.2488708496094,155.6109161376953,-138.1819610595703,-157.12783813476562,972.0159301757812,-101.06012725830078,-273.1507263183594,503.6191711425781,-180.8484344482422,-171.86318969726562,826.8848876953125
110.60588836669922,142.18907165527344,145.25631713867188,166.342041015625,-172.85614013671875,963.1287231445312,136.25674438476562,-21.06045150756836,479.8585510253906,248.884033203125,-339.3424072265625,887.3143310546875,-85.10115814208984,-400.7743835449219,155.4469451904297,-138.64614868164062,-159.0737762451172,971.5316162109376,-100.3343505859375,-274.1753845214844,502.9776306152344,-181.2409210205078,-172.67654418945312,825.333984375
110.57278442382812,149.21583557128906,147.59568786621094,165.86123657226562,-174.41700744628906,962.358642578125,135.41270446777344,-21.14339256286621,479.2908630371094,247.02813720703125,-336.236572265625,884.01708984375,-83.26314544677734,-398.0066528320313,155.13909912109375,-139.12245178222656,-161.16085815429688,971.2804565429688,-99.61550903320312,-275.5006103515625,502.6419067382813,-181.7044982910156,-173.666015625,823.9828491210938
110.5249252319336,155.89280700683594,150.22720336914062,165.35792541503906,-176.13851928710938,961.743408203125,134.5533905029297,-21.95194435119629,478.7286071777344,245.21792602539065,-332.742431640625,880.5994262695312,-81.67156219482422,-394.1487731933594,154.70025634765625,-139.612060546875,-163.36488342285156,971.26806640625,-98.95690155029295,-277.0650634765625,502.5960693359375,-182.23715209960935,-174.83682250976562,822.8528442382812
110.48680877685548,162.15890502929688,153.16952514648438,164.82839965820312,-177.9986572265625,961.2822265625,133.75045776367188,-23.52825736999512,478.1631164550781,243.46713256835935,-328.8670959472656,877.0967407226562,-80.36739349365234,-389.3981323242188,154.1513214111328,-140.11666870117188,-165.65777587890625,971.495361328125,-98.41642761230467,-278.8014831542969,502.81439208984375,-182.83631896972656,-176.193359375,821.9623413085938
110.48956298828124,167.9427490234375,156.43939208984375,164.26907348632812,-179.9712677001953,960.971923828125,133.0810089111328,-25.90897750854492,477.5836181640625,241.7890625,-324.6204833984375,873.5448608398438,-79.37480926513672,-383.93365478515625,153.51744079589844,-140.6383514404297,-168.00833129882812,971.9580078125,-98.05068969726562,-280.63922119140625,503.2613525390625,-183.49871826171875,-177.7389678955078,821.325927734375
110.568603515625,173.16383361816406,160.05087280273438,163.6767120361328,-182.02642822265625,960.8068237304688,132.6212158203125,-29.12217330932617,476.9775390625,240.1964569091797,-320.0154113769531,869.9796142578125,-78.69782257080078,-377.9069519042969,152.82534790039062,-141.17955017089844,-170.3831787109375,972.6463012695312,-97.90869903564452,-282.5047912597656,503.8916320800781,-184.22052001953125,-179.4759063720703,820.9544067382812
110.76100158691406,177.73397827148438,164.01446533203125,163.04873657226562,-184.13121032714844,960.7793579101562,132.4394989013672,-33.18460464477539,476.33099365234375,238.7012176513672,-315.0676574707031,866.436279296875,-78.3199691772461,-371.4378967285156,152.101318359375,-141.74293518066406,-172.747802734375,973.5455932617188,-98.02622985839844,-284.321044921875,504.6509399414063,-184.9972381591797,-181.405029296875,820.8546752929688
111.1025161743164,181.55886840820312,168.33578491210938,162.38351440429688,-186.2505798339844,960.8804931640624,132.58941650390625,-38.099727630615234,475.6296081542969,237.31417846679688,-309.7961730957031,862.9489135742188,-78.20681762695312,-364.6138305664063,151.369873046875,-142.33114624023438,-175.0675811767578,974.6365966796876,-98.42146301269533,-286.0053405761719,505.47796630859375,-185.82383728027344,-183.5258026123047,821.0294189453125
111.62435913085938,184.54026794433597,173.01400756835938,161.6805877685547,-188.3485870361328,961.1004638671876,133.10414123535156,-43.85682678222656,474.8601989746094,236.04502868652344,-304.2228698730469,859.55029296875,-78.31082153320312,-357.4918518066406,150.6526641845703,-142.94651794433594,-177.30874633789062,975.89599609375,-99.09258270263672,-287.4681396484375,506.3082580566406,-186.6947021484375,-185.83609008789065,821.4773559570312
112.34986114501952,186.5788726806641,178.03982543945312,160.94090270996094,-190.3899383544922,961.4295654296876,133.9929656982422,-50.43136596679688,474.0134887695313,234.902099609375,-298.3727111816406,856.2709350585938,-78.57726287841797,-350.104248046875,149.96783447265625,-143.5908660888672,-179.43896484375,977.2976684570312,-100.017822265625,-288.6132507324219,507.0795593261719,-187.6036834716797,-188.3321533203125,822.1932983398438
113.29177856445312,187.5782623291016,183.39308166503903,160.1667938232422,-192.34152221679688,961.85888671875,135.24085998535156,-57.78629684448242,473.0873107910156,233.8922882080078,-292.2732849121094,853.1392211914062,-78.9500961303711,-342.4651794433594,149.3297119140625,-144.26512145996094,-181.4279327392578,978.8134765625,-101.15782165527344,-289.3401794433594,507.7376098632813,-188.544189453125,-191.00851440429688,823.1686401367188
114.4503936767578,187.45021057128903,189.04039001464844,159.3617706298828,-194.17401123046875,962.3809204101562,136.81068420410156,-65.87409210205078,472.0899658203125,233.02099609375,-285.9547424316406,850.1807861328125,-79.37690734863281,-334.57861328125,148.74856567382812,-144.96922302246094,-183.24749755859372,980.4149169921876,-102.4599151611328,-289.5483703613281,508.24169921875,-189.5090789794922,-193.8579864501953,824.3914794921875
115.81263732910156,186.1212310791016,194.9331817626953,158.53028869628906,-195.86297607421875,962.9900512695312,138.64752197265625,-74.63885498046875,471.042724609375,232.2921142578125,-279.44927978515625,847.4182739257812,-79.81256103515625,-326.44561767578125,148.23081970214844,-145.7019500732422,-184.87179565429688,982.0739135742188,-103.86368560791016,-289.14306640625,508.5684814453125,-190.49078369140625,-196.8717041015625,825.8472900390625
117.35221862792967,183.5399475097656,201.00729370117188,157.6772918701172,-197.38986206054688,963.6826782226562,140.683837890625,-84.01786041259766,469.9809265136719,231.70802307128903,-272.79071044921875,844.8712158203125,-80.22167205810547,-318.0701904296875,147.7792205810547,-146.4609375,-186.27723693847656,983.7642822265624,-105.30705261230467,-288.0413513183594,508.7137145996094,-191.48129272460935,-200.03912353515625,827.519287109375
119.03067779541016,179.68431091308594,207.1843414306641,156.80784606933594,-198.742431640625,964.4570922851562,142.8451690673828,-93.94275665283205,468.9532165527344,231.2696075439453,-266.0140686035156,842.5560913085938,-80.57991790771484,-309.4631652832031,147.39317321777344,-147.24273681640625,-187.4424743652344,985.462158203125,-106.73247528076172,-286.177978515625,508.6913146972656,-192.47216796875,-203.34820556640625,829.3892211914062
120.79963684082033,174.5672149658203,213.37564086914065,155.9266815185547,-199.9149475097656,965.313232421875,145.05552673339844,-104.3405532836914,468.0192260742188,230.9763946533203,-259.1549987792969,840.4857177734375,-80.87421417236328,-300.6430358886719,147.0692596435547,-148.0430145263672,-188.34857177734372,987.1468505859376,-108.09239196777344,-283.5107116699219,508.5297546386719,-193.45458984375,-206.7855682373047,831.437744140625
122.60441589355467,168.2389373779297,219.4872131347656,155.0378875732422,-200.90786743164065,966.2520751953124,147.24197387695312,-115.13444519042967,467.2458190917969,230.8264617919922,-252.2492828369141,838.669921875,-81.10179138183594,-291.6351013183594,146.80194091796875,-148.856689453125,-188.9791259765625,988.8008422851562,-109.35342407226562,-280.0241394042969,508.2664794921875,-194.4194183349609,-210.3366241455078,833.6449584960938
124.38858795166016,160.78578186035156,225.4249725341797,154.14471435546875,-201.7272186279297,967.2755126953124,149.3384246826172,-126.2445831298828,466.7026062011719,230.81661987304688,-245.3323211669922,837.1148681640625,-81.26825714111328,-282.4687805175781,146.58450317382812,-149.6781768798828,-189.3206787109375,990.409912109375,-110.49874114990234,-275.7320251464844,507.94146728515625,-195.35731506347656,-213.98587036132807,835.9908447265625
126.09869384765624,152.3244171142578,231.0986785888672,153.2494659423828,-202.38368225097656,968.3854370117188,151.2882080078125,-137.5889892578125,466.4569396972656,230.94241333007807,-238.43869018554688,835.8233032226562,-81.38505554199219,-273.1752319335937,146.40985107421875,-150.5016326904297,-189.36314392089844,991.9627685546876,-111.5281982421875,-270.6770935058594,507.5908508300781,-196.25880432128903,-217.71713256835935,838.4557495117188
127.68821716308594,142.99232482910156,236.4237365722656,152.3536834716797,-202.891357421875,969.58349609375,153.0458221435547,-149.08450317382812,466.5690307617188,231.19813537597656,-231.6017303466797,834.7946166992188,-81.46676635742188,-263.7846374511719,146.27137756347656,-151.32107543945312,-189.1003875732422,993.45068359375,-112.45606231689452,-264.9277648925781,507.2423400878906,-197.11448669433597,-221.5137939453125,841.0205078125
129.1204376220703,132.9357147216797,241.3209991455078,151.458251953125,-203.26644897460935,970.870361328125,154.57763671875,-160.6477813720703,467.087646484375,231.57688903808597,-224.8532257080078,834.0245361328125,-81.52847290039062,-254.3244171142578,146.1635284423828,-152.13050842285156,-188.53086853027344,994.8670043945312,-113.3064193725586,-258.5726013183594,506.91302490234375,-197.9150848388672,-225.3590850830078,843.6668701171875
130.36965942382812,122.2964096069336,245.7153778076172,150.56381225585938,-203.5258331298828,972.2450561523438,155.8617706298828,-172.1961669921875,468.0467529296875,232.07069396972656,-218.2230682373047,833.5054931640625,-81.58363342285156,-244.81781005859372,146.08212280273438,-152.92405700683594,-187.6581115722656,996.206787109375,-114.10702514648438,-251.7127990722656,506.6099548339844,-198.6516876220703,-229.236328125,846.3773803710938
131.42091369628906,111.1997299194336,249.53504943847656,149.67105102539062,-203.68576049804688,973.7042236328124,156.8870391845703,-183.64845275878903,469.4631958007813,232.67044067382807,-211.7390899658203,833.2263793945312,-81.6424789428711,-235.2830352783203,146.0243682861328,-153.6959228515625,-186.4913024902344,997.4661254882812,-114.8828125,-244.45399475097656,506.3326721191406,-199.31585693359372,-233.129150390625,849.1356201171875
132.2690887451172,99.74536895751952,252.7116241455078,148.7810821533203,-203.7606658935547,975.2416381835938,157.6510467529297,-194.92578125,471.3357238769531,233.3660888671875,-205.42686462402344,833.1729125976562,-81.7112045288086,-225.7332000732422,145.9887237548828,-154.44036865234375,-185.0454864501953,998.641845703125,-115.65033721923828,-236.89846801757807,506.0771484375,-199.8997344970703,-237.0216827392578,851.9260864257812
132.9177703857422,88.0022964477539,255.1816253662109,147.89590454101562,-203.76231384277344,976.8478393554688,158.1576385498047,-205.9526824951172,473.6449890136719,234.1466827392578,-199.30958557128903,833.3276977539062,-81.79190826416016,-216.1763916015625,145.97447204589844,-155.15176391601562,-183.34141540527344,999.7308959960938,-116.41438293457033,-229.13841247558597,505.8396301269531,-200.39627075195312,-240.89871215820312,854.7342529296875
133.37857055664062,76.00794219970703,256.8887939453125,147.01864624023438,-203.69927978515625,978.5098876953124,158.41403198242188,-216.6586151123047,476.35498046875,235.0005340576172,-193.40802001953125,833.6703491210938,-81.88325500488281,-206.6164093017578,145.98130798339844,-155.82447814941406,-181.4052276611328,1000.73046875,-117.16742706298828,-221.25071716308597,505.619384765625,-200.7992248535156,-244.7458038330078,857.5460205078125
133.67091369628906,63.77108383178711,257.7865600585937,146.15383911132812,-203.57676696777344,980.2113647460938,158.42820739746094,-226.97982788085935,479.4149475097656,235.915283203125,-187.74046325683597,834.1781005859375,-81.98153686523438,-197.0539093017578,146.00877380371094,-156.45297241210938,-179.26768493652344,1001.6373291015624,-117.8919677734375,-213.29391479492188,505.4197692871094,-201.10337829589844,-248.54934692382807,860.3482055664062
133.82174682617188,51.27754211425781,257.8401794433594,145.3074493408203,-203.3968048095703,981.9327392578124,158.2069854736328,-236.86094665527344,482.7626953125,236.87820434570312,-182.32272338867188,834.8258666992188,-82.08200073242188,-187.48764038085935,146.0558624267578,-157.0318145751953,-176.96336364746094,1002.447998046875,-118.56503295898438,-205.30776977539065,505.2476196289063,-201.3044891357422,-252.29669189453125,863.127685546875
133.8642120361328,38.4975814819336,257.0282897949219,144.48672485351562,-203.15866088867188,983.65185546875,157.7549285888672,-246.2559814453125,486.3283081054688,237.8762664794922,-177.16810607910156,835.5869140625,-82.18001556396484,-177.9156951904297,146.12074279785156,-157.55569458007812,-174.52943420410156,1003.1588134765624,-119.16357421875,-197.31532287597656,505.11138916015625,-201.3993988037109,-255.9761199951172,865.8716430664062
133.8357391357422,25.393171310424805,255.3440399169922,143.699951171875,-202.859375,985.344482421875,157.07431030273438,-255.1285400390625,490.0381164550781,238.8964080810547,-172.28753662109375,836.433349609375,-82.27203369140625,-168.3363494873047,146.20059204101562,-158.01962280273438,-172.00442504882812,1003.7657470703124,-119.66940307617188,-189.326904296875,505.0186462402344,-201.3860626220703,-259.57684326171875,868.567138671875
133.776123046875,11.92398166656494,252.79640197753903,142.9560546875,-202.4945373535156,986.985107421875,156.1658172607422,-263.4512634277344,493.81878662109375,239.92572021484372,-167.6894989013672,837.33642578125,-82.35610961914062,-158.74855041503906,146.2917938232422,-158.4188995361328,-169.4269561767578,1004.2649536132812,-120.07254028320312,-181.34523010253903,504.9736022949219,-201.26345825195312,-263.0889587402344,871.201171875
133.72540283203125,-1.9478689432144165,249.4119110107422,142.26406860351562,-202.05909729003903,988.5477905273438,155.0300750732422,-271.2047119140625,497.6004333496094,240.95167541503903,-163.38018798828125,838.2675170898438,-82.43185424804688,-149.15211486816406,146.39027404785156,-158.749267578125,-166.8343048095703,1004.65283203125,-120.3723373413086,-173.37062072753906,504.9757385253906,-201.03167724609372,-266.5034484863281,873.7603149414062
133.72157287597656,-16.254213333129883,245.2360076904297,141.63258361816406,-201.5481719970703,990.0069580078124,153.6696319580078,-278.3758239746094,501.31878662109375,241.9622344970703,-159.36358642578125,839.1983642578125,-82.49995422363281,-139.54762268066406,146.491943359375,-159.00714111328125,-164.2613525390625,1004.9264526367188,-120.57632446289062,-165.40521240234375,505.01947021484375,-200.69178771972656,-269.81201171875,876.2308349609375
133.7977294921875,-31.0184383392334,240.33360290527344,141.0692138671875,-200.95794677734372,991.337890625,152.09133911132812,-284.9564819335937,504.9163513183594,242.94610595703125,-155.6415557861328,840.1018676757812,-82.56153106689453,-129.9362030029297,146.59317016601562,-159.1898193359375,-161.73953247070312,1005.08349609375,-120.69768524169922,-157.4558868408203,505.0953063964844,-200.24581909179688,-273.00689697265625,878.5984497070312
133.9790802001953,-46.25400161743164,234.7884826660156,140.580078125,-200.28628540039065,992.5177612304688,150.3086700439453,-290.9422607421875,508.3423461914063,243.89285278320312,-152.21400451660156,840.9525756835938,-82.61746978759766,-120.31949615478516,146.69105529785156,-159.29576110839844,-159.29623413085938,1005.1226196289062,-120.75220489501952,-149.5355682373047,505.19134521484375,-199.69677734375,-276.0806884765625,880.8484497070312
134.2804412841797,-61.963748931884766,228.7012634277344,140.16929626464844,-199.5333251953125,993.5257568359376,148.34378051757812,-296.3314514160156,511.552490234375,244.79298400878903,-149.0790252685547,841.72705078125,-82.66793823242188,-110.6994400024414,146.78369140625,-159.32492065429688,-156.9544677734375,1005.0432739257812,-120.7555160522461,-141.66319274902344,505.2947387695313,-199.0484619140625,-279.0263671875,882.9656982421875
134.70440673828125,-78.14026641845703,222.1861114501953,139.83889770507812,-198.70184326171875,994.3439331054688,146.22877502441406,-301.12457275390625,514.5079956054688,245.6381072998047,-146.23300170898438,842.4044799804688,-82.71217346191406,-101.07807159423828,146.87022399902344,-159.27890014648438,-154.732666015625,1004.8455200195312,-120.7212371826172,-133.86264038085938,505.3931884765625,-198.3054962158203,-281.83697509765625,884.9346313476562
135.24082946777344,-94.7671890258789,215.3667449951172,139.58859252929688,-197.7973175048828,994.95751953125,144.00596618652344,-305.3236999511719,517.1749267578125,246.4208984375,-143.6708221435547,842.9668579101562,-82.74848175048828,-91.4574737548828,146.95071411132812,-159.1611785888672,-152.64459228515625,1004.530029296875,-120.65998840332033,-126.1607666015625,505.4759521484375,-197.47315979003903,-284.5057067871094,886.7393798828125
135.8678436279297,-111.8210220336914,208.37193298339844,139.41604614257812,-196.8279266357422,995.35498046875,141.72694396972656,-308.9324035644531,519.5239868164062,247.1351776123047,-141.3860626220703,843.399169921875,-82.77460479736328,-81.8398208618164,147.02598571777344,-158.97708129882812,-150.69960021972656,1004.0980224609376,-120.5794448852539,-118.5850067138672,505.53466796875,-196.557373046875,-287.0257568359375,888.3641967773438
136.55471801757812,-129.2727813720703,201.3312225341797,139.31710815429688,-195.8042907714844,995.528564453125,139.45028686523438,-311.9555053710937,521.5299072265625,247.77593994140625,-139.3710479736328,843.6897583007812,-82.78820037841797,-72.2275161743164,147.09739685058594,-158.7335662841797,-148.90274047851562,1003.5514526367188,-120.48512268066406,-111.16107177734376,505.5633850097656,-195.5645446777344,-289.3905639648437,889.7933959960938
137.26536560058594,-147.0885009765625,194.37109375,139.28628540039062,-194.73910522460935,995.4742431640624,137.23814392089844,-314.3993835449219,523.1719360351562,248.33935546875,-137.61709594726562,843.8301391601562,-82.78742980957031,-62.623348236083984,147.16661071777344,-158.4389190673828,-147.25526428222656,1002.8927001953124,-120.38165283203124,-103.91098022460938,505.5588073730469,-194.50146484375,-291.59356689453125,891.0118408203125
137.9619598388672,-165.22779846191406,187.6114654541016,139.31732177734375,-193.6466522216797,995.1920776367188,135.15196228027344,-316.27252197265625,524.434326171875,248.82272338867188,-136.11463928222656,843.8151245117188,-82.77141571044922,-53.030670166015625,147.2353973388672,-158.1024169921875,-145.75518798828125,1002.1253051757812,-120.27404022216795,-96.85175323486328,505.5196838378906,-193.37535095214844,-293.62847900390625,892.0053100585938
138.60763549804688,-183.64048767089844,181.16270446777344,139.40374755859375,-192.54237365722656,994.6859130859376,133.24790954589844,-317.5871276855469,525.3069458007812,249.2245635986328,-134.85337829589844,843.6427612304688,-82.74057006835938,-43.453556060791016,147.30572509765625,-157.73382568359375,-144.3980712890625,1001.253662109375,-120.16842651367188,-89.99496459960938,505.4463806152344,-192.19371032714844,-295.4891357421875,892.760498046875
139.16847229003906,-202.2618560791016,175.12274169921875,139.5394287109375,-191.4423675537109,993.9636840820312,131.5726776123047,-318.3608093261719,525.7861938476562,249.54454040527344,-133.8224334716797,843.3139038085938,-82.69680786132812,-33.896995544433594,147.37974548339844,-157.3430938720703,-143.17791748046875,1000.2832641601562,-120.0719757080078,-83.34719848632812,505.3401794433594,-190.96432495117188,-297.169677734375,893.2658081054688
139.61428833007812,-221.0074462890625,169.57440185546875,139.7191162109375,-190.3629608154297,993.037109375,130.1598663330078,-318.61846923828125,525.875732421875,249.78347778320312,-133.01048278808594,842.8324584960938,-82.64347839355469,-24.36720848083496,147.4600372314453,-156.9398193359375,-142.08798217773438,999.2206420898438,-119.99220275878906,-76.91165924072266,505.2028503417969,-189.69525146484372,-298.6644897460937,893.5115966796875
139.91909790039062,-239.76870727539065,164.5830078125,139.938720703125,-189.3204345703125,991.9216918945312,129.02760314941406,-318.39404296875,525.5873413085938,249.9434051513672,-132.40594482421875,842.2047119140625,-82.58512115478516,-14.872066497802734,147.54986572265625,-156.53280639648438,-141.12152099609375,998.0734252929688,-119.9358367919922,-70.69041442871094,505.0360412597656,-188.39474487304688,-299.9683532714844,893.4902954101562
140.0614013671875,-258.4101257324219,160.19448852539062,140.19557189941406,-188.330810546875,990.6363525390624,128.1774139404297,-317.7313232421875,524.941162109375,250.0274658203125,-131.9971466064453,841.439208984375,-82.52706146240234,-5.421324729919434,147.65353393554688,-156.12960815429688,-140.27247619628906,996.8499755859376,-119.90755462646484,-64.686767578125,504.8410034179688,-187.0712127685547,-301.0764465332031,893.1971435546875
140.02444458007812,-276.7688293457031,156.43353271484375,140.48829650878906,-187.40982055664065,989.2029418945312,127.59468841552734,-316.6846008300781,523.9655151367188,250.0399627685547,-131.7724151611328,840.5465698242188,-82.47480773925781,3.9734275341033936,147.77694702148438,-155.73617553710938,-139.53591918945312,995.5595092773438,-119.90889739990234,-58.90740585327149,504.6185302734375,-185.733154296875,-301.9843444824219,892.6301879882812
139.79689025878906,-294.6576232910156,153.3026580810547,140.81663513183594,-186.57296752929688,987.6461791992188,127.2505111694336,-315.3180847167969,522.6962890625,249.9862823486328,-131.7202606201172,839.5391235351562,-82.4334716796875,13.299097061157228,147.9281768798828,-155.3564453125,-138.9086456298828,994.2119750976562,-119.93746185302734,-53.36392211914063,504.3689575195313,-184.38909912109372,-302.6882019042969,891.7907104492188
139.37356567382812,-311.8701477050781,150.78187561035156,141.18104553222656,-185.83566284179688,985.9928588867188,127.10474395751952,-313.7048034667969,521.1761474609375,249.87290954589844,-131.82943725585938,838.4304809570312,-82.40721893310547,22.541522979736328,148.1178436279297,-154.9921112060547,-138.38941955566406,992.8177490234376,-119.986572265625,-48.07381057739258,504.0924377441406,-183.04754638671875,-303.1846923828125,890.68359375
138.75611877441406,-328.1885681152344,148.8295135498047,141.58226013183594,-185.2133636474609,984.2713623046876,127.1099624633789,-311.9241943359375,519.4529418945312,249.70738220214844,-132.0890350341797,837.2355346679688,-82.39888763427734,31.685869216918945,148.35903930664062,-154.64259338378906,-137.9792938232422,991.3876342773438,-120.04512786865234,-43.06067657470703,503.7892761230469,-181.71694946289065,-303.4710693359375,889.3170166015625
137.95338439941406,-343.392578125,147.38438415527344,142.02076721191406,-184.72161865234372,982.5111694335938,127.2157211303711,-310.0594177246094,517.5781860351562,249.4981689453125,-132.48866271972656,835.969970703125,-82.4096908569336,40.716922760009766,148.66717529296875,-154.304931640625,-137.68170166015625,989.9328002929688,-120.0977554321289,-38.35358047485352,503.4600830078125,-180.4056701660156,-303.5452880859375,887.703125
136.98138427734375,-357.27008056640625,146.36936950683594,142.4964141845703,-184.3761138916016,980.7424926757812,127.37262725830078,-308.1936950683594,515.6051635742188,249.2545318603516,-133.01849365234375,834.6499633789062,-82.43899536132812,49.61933135986328,149.0594940185547,-153.97413635253906,-137.50234985351562,988.46484375,-120.1251220703125,-33.98562240600586,503.1063537597656,-179.12197875976562,-303.4060363769531,885.857666015625
135.86282348632812,-369.62835693359375,145.69651794433594,143.00804138183594,-184.19248962402344,978.9952392578124,127.5358428955078,-306.4066467285156,513.5869140625,248.98648071289065,-133.66943359375,833.2919921875,-82.4842300415039,58.37775421142578,149.55447387695312,-153.64358520507812,-137.44894409179688,986.9953002929688,-120.1044692993164,-29.991840362548828,502.73052978515625,-177.87403869628906,-303.05279541015625,883.8001098632812
134.62615966796875,-380.3050537109375,145.27301025390625,143.5533447265625,-184.18606567382807,977.2988891601562,127.66790771484376,-304.7703857421875,511.57427978515625,248.7044677734375,-134.43321228027344,831.9126586914062,-82.5408706665039,66.9770278930664,150.17123413085938,-153.30552673339844,-137.53089904785156,985.535888671875,-120.01046752929688,-26.406679153442383,502.3361206054688,-176.66989135742188,-302.4860534667969,881.553466796875
133.304443359375,-389.1780090332031,145.00762939453125,144.1287384033203,-184.3713531494141,975.6819458007812,127.74078369140624,-303.3462219238281,509.6142578125,248.41929626464844,-135.3025665283203,830.5281372070312,-82.60269927978516,75.40235900878906,150.92892456054688,-152.95201110839844,-137.75881958007812,984.0983276367188,-119.8165512084961,-23.261474609375,501.9275207519531,-175.51748657226562,-301.7071838378906,879.14404296875
131.93374633789062,-396.1729431152344,144.81692504882812,144.7295379638672,-184.7614898681641,974.1714477539062,127.7369613647461,-302.1820373535156,507.74847412109375,248.14187622070312,-136.27134704589844,829.154296875,-82.66232299804688,83.63957977294922,151.8460693359375,-152.57562255859375,-138.1436004638672,982.6940307617188,-119.49662017822266,-20.58244132995605,501.5100402832031,-174.424560546875,-300.7186889648437,876.6010131835938
130.55123901367188,-401.26806640625,144.6302032470703,145.35025024414062,-185.367431640625,972.7926025390624,127.64964294433594,-301.3108825683594,506.01214599609375,247.883056640625,-137.33460998535156,827.8062744140625,-82.71206665039062,91.67521667480467,152.93995666503906,-152.17044067382812,-138.69541931152344,981.3344116210938,-119.02718353271484,-18.38961410522461,501.0895690917969,-173.398681640625,-299.5241394042969,873.9559936523438
129.19342041015625,-404.4958801269531,144.3936767578125,145.98501586914062,-186.1972198486328,971.5684204101562,127.4820556640625,-300.7507019042969,504.4338989257813,247.65338134765625,-138.48873901367188,826.4983520507812,-82.7449722290039,99.49635314941406,154.22625732421875,-151.73245239257812,-139.42279052734375,980.0304565429688,-118.38970184326172,-16.697031021118164,500.6722106933594,-172.4471435546875,-298.1283264160156,871.24267578125
127.89469909667967,-405.94189453125,144.0729522705078,146.62802124023438,-187.25511169433597,970.5197143554688,127.2461166381836,-300.5052490234375,503.0359191894531,247.46299743652344,-139.7315216064453,825.243896484375,-82.7559585571289,107.0898895263672,155.71864318847656,-151.259765625,-140.33172607421875,978.79296875,-117.57318115234376,-15.514199256896973,500.2638549804688,-171.57688903808594,-296.5372009277344,868.4960327148438
126.68611145019533,-405.7396545410156,143.6531219482422,147.27407836914062,-188.5409393310547,969.6641845703124,126.96061706542967,-300.5657653808594,501.8345947265625,247.3214111328125,-141.0622100830078,824.0552368164062,-82.74285888671875,114.44123077392578,157.42877197265625,-150.7525177001953,-141.4251251220703,977.6318969726562,-116.57655334472656,-14.848607063293455,499.8692626953125,-170.7943572998047,-294.75787353515625,865.7516479492188
125.593994140625,-404.0628662109375,143.13601684570312,147.91893005371094,-190.0493927001953,969.0166625976562,126.6493682861328,-300.9130249023437,500.8414916992188,247.2374420166016,-142.48150634765625,822.943603515625,-82.70704650878906,121.53245544433594,159.36631774902344,-150.2127227783203,-142.7020263671875,976.5565185546876,-115.41090393066406,-14.708775520324709,499.490966796875,-170.10549926757812,-292.7986755371094,863.0451049804688
124.6388702392578,-401.11334228515625,142.53512573242188,148.55947875976562,-191.7696075439453,968.5885620117188,126.3395004272461,-301.5194702148437,500.06396484375,247.218994140625,-143.99159240722656,821.9191284179688,-82.65361022949219,128.34031677246094,161.53921508789062,-149.64378356933594,-144.15704345703125,975.5750122070312,-114.10086822509766,-15.10714626312256,499.1283264160156,-169.5155029296875,-290.6689758300781,860.4110717773438
123.83445739746094,-397.1067199707031,141.8699188232422,149.19390869140625,-193.68508911132807,968.3875732421876,126.0602035522461,-302.350830078125,499.50537109375,247.2730865478516,-145.59603881835938,820.9910888671875,-82.59090423583984,134.83453369140625,163.95407104492188,-149.0501251220703,-145.77975463867188,974.6941528320312,-112.68496704101562,-16.062042236328125,498.7763977050781,-169.02874755859375,-288.3791198730469,857.8826904296875
123.18701934814452,-392.2558288574219,141.1615753173828,149.8216094970703,-195.7738342285156,968.4173583984376,125.84156036376952,-303.3671264648437,499.1646118164063,247.4056701660156,-147.2996826171875,820.16748046875,-82.52982330322266,140.9761962890625,166.61659240722656,-148.43663024902344,-147.55409240722656,973.9189453125,-111.21427154541016,-17.597932815551758,498.4255065917969,-168.64869689941406,-285.9404602050781,855.4906616210938
122.69493865966795,-386.7550048828125,140.4303436279297,150.44288635253906,-198.0089569091797,968.67724609375,125.71321105957033,-304.52294921875,499.0349426269531,247.62155151367188,-149.1085968017578,819.45556640625,-82.48323822021484,146.7162628173828,169.5323028564453,-147.8085174560547,-149.4576873779297,973.252685546875,-109.7495346069336,-19.74367904663086,498.0615539550781,-168.37770080566406,-283.3650207519531,853.2627563476562
122.34873962402344,-380.7674865722656,139.6942138671875,151.05862426757812,-200.3594207763672,969.1619262695312,125.70262145996094,-305.76678466796875,499.1023254394531,247.9244079589844,-151.0297393798828,818.861572265625,-82.46554565429688,151.99403381347656,172.7069854736328,-147.17111206054688,-151.46163940429688,972.6966552734376,-108.35726928710938,-22.52938270568848,497.6665649414063,-168.21690368652344,-280.6656799316406,851.2232055664062
122.13192749023438,-374.4183654785156,138.9688262939453,151.66998291015625,-202.7911071777344,969.8614501953124,125.83279418945312,-307.0394897460937,499.3440856933594,248.31661987304688,-153.0708770751953,818.390869140625,-82.49215698242188,156.73634338378906,176.1468963623047,-146.5294952392578,-153.53118896484375,972.2498779296876,-107.1053466796875,-25.98262596130371,497.2196960449219,-168.16624450683594,-277.8558654785156,849.39208984375
122.022705078125,-367.7935485839844,138.2677001953125,152.27796936035156,-205.26788330078125,970.76123046875,126.1198501586914,-308.2730712890625,499.728271484375,248.79931640625,-155.2402801513672,818.0480346679688,-82.57888793945312,160.85792541503906,179.85865783691406,-145.88809204101562,-155.6271209716797,971.9091796875,-106.0580825805664,-30.124645233154297,496.6985473632813,-168.2242889404297,-274.9496765136719,847.7850341796875
121.99625396728516,-360.94287109375,137.60231018066406,152.8832550048828,-207.75262451171875,971.8423461914062,126.57105255126952,-309.38946533203125,500.2145385742188,249.37228393554688,-157.54644775390625,817.8367919921875,-82.74112701416016,164.26309204101562,183.8482818603516,-145.25003051757812,-157.70765686035156,971.6689453125,-105.27132415771484,-34.967037200927734,496.0809326171875,-168.3883056640625,-271.9615478515625,846.4130249023438
122.02717590332033,-353.886474609375,136.98175048828125,153.48606872558594,-210.2082061767578,973.0820922851562,127.1839599609375,-310.301025390625,500.7564086914063,250.03396606445312,-159.99783325195312,817.7599487304688,-82.99266052246094,166.84913635253906,188.1195831298828,-144.61700439453125,-159.7303009033203,971.521728515625,-104.78799438476562,-40.50942611694336,495.34710693359375,-168.65428161621094,-268.9061889648437,845.2823486328125
122.0918426513672,-346.6227722167969,136.4123992919922,154.086181640625,-212.5982360839844,974.454833984375,127.9466781616211,-310.9126281738281,501.3049011230469,250.78146362304688,-162.60260009765625,817.8197631835938,-83.34444427490234,168.51107788085938,192.67173767089844,-143.98939514160156,-161.65359497070312,971.4583129882812,-104.63481903076172,-46.73863220214844,494.4827575683594,-169.0170135498047,-265.7983703613281,844.3945922851562
122.17021942138672,-339.1371459960937,135.8978729248047,154.68312072753906,-214.8877868652344,975.9331665039062,128.83938598632812,-311.1258850097656,501.8128356933594,251.61053466796875,-165.3683319091797,818.017578125,-83.80316925048828,169.14779663085938,197.49642944335935,-143.36660766601562,-163.43858337402344,971.4691772460938,-104.82064056396484,-53.62922286987305,493.4823913574219,-169.47032165527344,-262.65283203125,843.746826171875
122.24693298339844,-331.4106140136719,135.43896484375,155.27639770507812,-217.04380798339844,977.4886474609376,129.8366241455078,-310.8451538085937,502.2388610839844,252.51556396484372,-168.30177307128906,818.354248046875,-84.36995697021484,168.6690216064453,202.57525634765625,-142.74766540527344,-165.05030822753906,971.544921875,-105.33596801757812,-61.1448974609375,492.3525085449219,-170.0072021484375,-259.4838256835937,843.3323364257812
122.3115463256836,-323.4269714355469,135.03392028808594,155.8657989501953,-219.0356903076172,979.0933227539062,130.91021728515625,-309.98443603515625,502.5509033203125,253.4896545410156,-171.4086456298828,818.829833984375,-85.03923034667969,167.00259399414062,207.8780517578125,-142.13177490234375,-166.45921325683594,971.6776123046876,-106.15396118164062,-69.24036407470703,491.1148071289063,-170.62014770507812,-256.30517578125,843.1408081054688
122.35811614990234,-315.177978515625,134.6790008544922,156.45156860351562,-220.8355255126953,980.720703125,132.032470703125,-308.4745483398437,502.7280578613281,254.52464294433597,-174.6934051513672,819.4442138671875,-85.79814147949219,164.1018524169922,213.3623504638672,-141.51878356933594,-167.64242553710938,971.861572265625,-107.2333755493164,-77.8637466430664,489.80804443359375,-171.30137634277344,-253.12977600097656,843.1591186523438
122.38434600830078,-306.6662292480469,134.3689727783203,157.03468322753906,-222.41860961914065,982.3464965820312,133.17877197265625,-306.2691345214844,502.7608642578125,255.61119079589844,-178.1591033935547,820.1967163085938,-86.62722778320312,159.95167541503906,218.97412109375,-140.90939331054688,-168.58462524414062,972.093994140625,-108.52281951904295,-86.95945739746094,488.4876098632813,-172.0430145263672,-249.9696044921875,843.3717651367188
122.39057159423828,-297.90594482421875,134.09776306152344,157.61679077148438,-223.7637939453125,983.9495239257812,134.32958984375,-303.3489990234375,502.6507263183594,256.73883056640625,-181.80728149414065,821.08642578125,-87.50241088867188,154.5721893310547,224.6495361328125,-140.3052520751953,-169.27880859375,972.375244140625,-109.96556854248048,-96.47116088867188,487.2232666015625,-172.83726501464844,-246.83541870117188,843.7616577148438
122.37873840332033,-288.92138671875,133.859130859375,158.20010375976562,-224.85403442382807,985.5120239257812,135.47129821777344,-299.723876953125,502.408203125,257.8962097167969,-185.63780212402344,822.1123657226562,-88.39794921875,148.01910400390625,230.31704711914065,-139.70877075195312,-169.726318359375,972.7090454101562,-111.50424194335938,-106.34397888183594,486.0946960449219,-173.676513671875,-243.7366943359375,844.3107299804688
122.3516082763672,-279.74395751953125,133.64732360839844,158.7872772216797,-225.6767578125,987.01953125,136.59573364257812,-295.4311828613281,502.0509643554688,259.0711364746094,-189.64889526367188,823.2733764648438,-89.28980255126953,140.37966918945312,235.89962768554688,-139.12283325195312,-169.93666076660156,973.1021728515624,-113.08489990234376,-116.5255355834961,485.1856689453125,-174.5532989501953,-240.68148803710935,845.0001220703125
122.31208038330078,-270.4090270996094,133.45767211914062,159.3810577392578,-226.22430419921875,988.4609375,137.69866943359375,-290.53173828125,501.6011047363281,260.2508239746094,-193.8369903564453,824.5679931640625,-90.15866088867188,131.7651824951172,241.31602478027344,-138.550537109375,-169.92660522460938,973.5636596679688,-114.65975189208984,-126.96556854248048,484.5778503417969,-175.4603271484375,-237.67642211914065,845.8108520507812
122.26264190673828,-260.9526062011719,133.2869415283203,159.9840545654297,-226.4940490722656,989.827880859375,138.77719116210938,-285.10321044921875,501.0829162597656,261.422119140625,-198.1968536376953,825.9949340820312,-90.99179077148438,122.3004150390625,246.48097229003903,-137.9949188232422,-169.71900939941406,974.10400390625,-116.18840789794922,-137.61366271972656,484.3445739746094,-176.39036560058594,-234.7266845703125,846.7239990234375
122.20491790771484,-251.40853881835935,133.13345336914062,160.5982666015625,-226.4884490966797,991.1140747070312,139.82620239257812,-279.232177734375,500.5207214355469,262.5716552734375,-202.72146606445312,827.552490234375,-91.78358459472656,112.11228942871094,251.30450439453125,-137.4588165283203,-169.34124755859375,974.7340087890624,-117.63846588134766,-148.41648864746094,484.5453186035156,-177.33609008789062,-231.83599853515625,847.7207641601562
122.139404296875,-241.80621337890625,132.9970245361328,161.22483825683594,-226.2147979736328,992.3148193359376,140.83518981933594,-273.0059814453125,499.9373168945313,263.6861877441406,-207.40216064453125,829.2386474609375,-92.53462982177734,101.3194351196289,255.6918029785156,-136.94483947753906,-168.82339477539062,975.4631958007812,-118.98560333251952,-159.31500244140625,485.220947265625,-178.29006958007812,-229.0068206787109,848.7828979492188
122.06549072265624,-232.1694183349609,132.87855529785156,161.86373901367188,-225.6849365234375,993.4264526367188,141.78578186035156,-266.5057678222656,499.3525085449219,264.7526550292969,-212.22862243652344,831.0509643554688,-93.24988555908205,90.02474212646484,259.5453491210937,-136.4553680419922,-168.1963653564453,976.2989501953124,-120.21286010742188,-170.24208068847656,486.3904418945313,-179.24461364746094,-226.2404327392578,849.8922119140625
121.9816436767578,-222.51614379882807,132.77963256835938,162.5134735107422,-224.91465759277344,994.4454956054688,142.6513671875,-259.8013000488281,498.7824401855469,265.7584533691406,-217.18898010253903,832.9865112304688,-93.93669891357422,78.31138610839844,262.76953125,-135.99269104003906,-167.49005126953125,977.2449951171876,-121.30925750732422,-181.1210784912109,488.0494689941406,-180.1917724609375,-223.53713989257807,851.0311889648438
121.8858413696289,-212.85894775390625,132.701904296875,163.17108154296875,-223.9231109619141,995.3685913085938,143.3994598388672,-252.9480438232422,498.2391662597656,266.69158935546875,-222.26986694335935,835.041259765625,-94.60344696044922,66.24183654785156,265.27642822265625,-135.55911254882812,-166.73184204101562,978.3006591796876,-122.26783752441406,-191.8671112060547,490.1710510253906,-181.12335205078125,-220.8964385986328,852.1823120117188
121.77603149414062,-203.2061004638672,132.6466827392578,163.83203125,-222.73223876953125,996.1919555664062,143.99679565429688,-245.98605346679688,497.7304382324219,267.5409240722656,-227.45654296875,837.2103271484375,-95.25926971435548,53.85845565795898,266.9912414550781,-135.15701293945312,-165.9453125,979.4601440429688,-123.08354949951172,-202.39111328125,492.7085876464844,-182.0310211181641,-218.3172912597656,853.3284301757812
121.65049743652344,-193.5626983642578,132.61456298828125,164.49038696289062,-221.3662567138672,996.9114379882812,144.41627502441406,-238.9403839111328,497.2600708007813,268.29608154296875,-232.7329559326172,839.4876708984375,-95.91458892822266,41.18476867675781,267.85614013671875,-134.7889404296875,-165.14952087402344,980.7125854492188,-123.75108337402344,-212.60528564453125,495.6007690429688,-182.9064483642578,-215.7983245849609,854.4525146484375
121.50816345214844,-183.93185424804688,132.6053466796875,165.1389923095703,-219.8510284423828,997.5224609375,144.64349365234375,-231.82296752929688,496.8285217285156,268.9477233886719,-238.0819396972656,841.8658447265625,-96.58126831054688,28.22747039794922,267.83258056640625,-134.45762634277344,-164.35858154296875,982.0421142578124,-124.26317596435548,-222.42825317382807,498.7769470214844,-183.74148559570312,-213.3380584716797,855.5377807617188
121.34867095947266,-174.31541442871094,132.6180877685547,165.76971435546875,-218.21324157714844,998.02001953125,144.68087768554688,-224.6359100341797,496.4336242675781,269.4874267578125,-243.48532104492188,844.3357543945312,-97.27139282226562,14.979719161987305,266.9024963378906,-134.16583251953125,-163.5819091796875,983.4286499023438,-124.60984802246094,-231.78884887695312,502.16302490234375,-184.5284881591797,-210.9350433349609,856.567626953125
121.17230224609376,-164.71438598632812,132.6513214111328,166.3738555908203,-216.4796142578125,998.399169921875,144.5473175048828,-217.37564086914065,496.0712585449219,269.9078063964844,-248.9241180419922,846.8868408203125,-97.99488830566406,1.425438404083252,265.0683898925781,-133.9163055419922,-162.82464599609375,984.8485717773438,-124.77910614013672,-240.6283264160156,505.6861572265625,-185.26046752929688,-208.5881500244141,857.5259399414062
120.9797134399414,-155.1291046142578,132.70321655273438,166.94248962402344,-214.6759185791016,998.6551513671876,144.27427673339844,-210.03732299804688,495.7359619140625,270.2024230957031,-254.3787384033203,849.5068969726562,-98.75762939453124,-12.457154273986816,262.3525085449219,-133.71163940429688,-162.08860778808594,986.2758178710938,-124.7590560913086,-248.9010467529297,509.2774963378906,-185.93148803710935,-206.2965850830078,858.3968505859375
120.7715835571289,-145.5592498779297,132.77182006835938,167.46697998046875,-212.82635498046875,998.7835693359376,143.89950561523438,-202.61831665039065,495.4211730957031,270.36578369140625,-259.8291015625,852.181884765625,-99.56105041503906,-26.69402503967285,258.7948608398437,-133.55401611328125,-161.37315368652344,987.6829223632812,-124.54104614257812,-256.57403564453125,512.8727416992188,-186.53684997558597,-204.06002807617188,859.1654663085938
120.54821014404295,-136.00387573242188,132.8551788330078,167.9393310546875,-210.95294189453125,998.7806396484376,143.460693359375,-195.12062072753903,495.1198120117188,270.3933410644531,-265.2549133300781,854.8963623046875,-100.40309143066406,-41.31510925292969,254.4508514404297,-133.44509887695312,-160.67623901367188,989.0419921875,-124.12263488769533,-263.6250305175781,516.4111938476562,-187.0733184814453,-201.87875366210935,859.8175048828125
120.309326171875,-126.4616241455078,132.9512939453125,168.35264587402344,-209.0753936767578,998.6431884765624,142.99002075195312,-187.55218505859372,494.82470703125,270.2814025878906,-270.63580322265625,857.6331787109375,-101.27908325195312,-56.35333251953125,249.3897705078125,-133.38575744628906,-159.99514770507812,990.3255615234376,-123.5098648071289,-270.0394897460937,519.8341674804688,-187.539306640625,-199.7535552978516,860.3400268554688
120.0540008544922,-116.93058013916016,133.05812072753906,168.70138549804688,-207.21090698242188,998.3690185546876,142.5108642578125,-179.9272918701172,494.5288696289063,270.02716064453125,-275.95147705078125,860.3739624023438,-102.18219757080078,-71.8421630859375,243.69415283203125,-133.3760528564453,-159.3273468017578,991.5072631835938,-122.71849060058594,-275.8073425292969,523.0834350585938,-187.9349822998047,-197.68582153320312,860.7212524414062
119.7808609008789,-107.40826416015624,133.1734161376953,168.98158264160156,-205.37432861328125,997.95703125,142.03660583496094,-172.2664031982422,494.225830078125,269.6286926269531,-281.1820373535156,863.0990600585938,-103.10391998291016,-87.8122329711914,237.4592437744141,-133.41513061523438,-158.67103576660156,992.5628051757812,-121.77392578125,-280.92059326171875,526.1002807617188,-188.26226806640625,-195.6773834228516,860.9508666992188
119.4883804321289,-97.89173126220705,133.29461669921875,169.19094848632812,-203.578369140625,997.4072265625,141.57150268554688,-164.59564208984375,493.90960693359375,269.0848999023437,-286.30792236328125,865.7877807617188,-104.0339584350586,-104.28697204589844,230.7922821044922,-133.50132751464844,-158.0255889892578,993.469970703125,-120.7100067138672,-285.37158203125,528.826171875,-188.52479553222656,-193.73062133789065,861.0203247070312
119.17523956298828,-88.37818908691406,133.4188232421875,169.328857421875,-201.8338165283203,996.720947265625,141.11317443847656,-156.9458770751953,493.5750122070313,268.3955993652344,-291.3103332519531,868.418701171875,-104.96026611328124,-121.27802276611328,223.81134033203125,-133.6322784423828,-157.3919219970703,994.2091674804688,-119.56680297851562,-289.1528015136719,531.2039794921875,-188.727783203125,-191.8481903076172,860.9229736328125
118.84062957763672,-78.8658676147461,133.54307556152344,169.39625549316406,-200.1499786376953,995.9011840820312,140.65589904785156,-149.3510284423828,493.2176818847656,267.5614318847656,-296.1711730957031,870.9697265625,-105.86937713623048,-138.78131103515625,216.64324951171875,-133.80508422851562,-156.77268981933594,994.7639770507812,-118.38784790039062,-292.2574462890625,533.1803588867188,-188.87782287597656,-190.0331115722656,860.6538696289062
118.484619140625,-69.35460662841797,133.66452026367188,169.3955078125,-198.5349273681641,994.9525146484376,140.19398498535156,-141.84608459472656,492.8343811035156,266.5841064453125,-300.87310791015625,873.4186401367188,-106.74700927734376,-156.774169921875,209.42086791992188,-134.01663208007812,-156.17250061035156,995.1212768554688,-117.2173843383789,-294.6809997558594,534.7079467773438,-188.98263549804688,-188.2885589599609,860.2102661132812
118.10851287841795,-59.84618377685547,133.78060913085938,169.3302764892578,-196.9958038330078,993.8814086914062,139.72470092773438,-134.46522521972656,492.4230651855469,265.4662170410156,-305.3997802734375,875.7432861328125,-107.57868194580078,-175.2137451171875,202.2796936035156,-134.2637939453125,-155.5978240966797,995.271484375,-116.0977783203125,-296.42333984375,535.74755859375,-189.05078125,-186.6178741455078,859.5914916992188
117.71524047851562,-50.3444709777832,133.88943481445312,169.2052001953125,-195.53907775878903,992.6959838867188,139.24984741210938,-127.24018096923828,491.9831237792969,264.2113647460937,-309.7357177734375,877.9218139648438,-108.35030364990234,-194.0362243652344,195.354248046875,-134.54368591308594,-155.0568389892578,995.2091674804688,-115.06730651855467,-297.4911804199219,536.2708740234375,-189.0914001464844,-185.0243988037109,858.7989501953125
117.30966186523438,-40.855464935302734,133.9901885986328,169.02578735351562,-194.17074584960935,991.40625,138.77621459960938,-120.1994171142578,491.51513671875,262.8242492675781,-313.8664245605469,879.9332885742188,-109.04866790771484,-213.1562042236328,188.7739715576172,-134.85382080078125,-154.55917358398438,994.933349609375,-114.15830993652344,-297.9006652832031,536.2622680664062,-189.11387634277344,-183.51144409179688,857.8361206054688
116.89865112304688,-31.387208938598636,134.08363342285156,168.79803466796875,-192.8963623046875,990.0236206054688,138.3147430419922,-113.36847686767578,491.0205993652344,261.3104553222656,-317.7784118652344,881.7576904296875,-109.66173553466795,-232.4658050537109,182.65875244140625,-135.19219970703125,-154.11553955078125,994.447265625,-113.39582061767578,-297.6799621582031,535.7213134765625,-189.1276397705078,-182.08224487304688,856.7088623046875
116.49093627929688,-21.94964027404785,134.17274475097656,168.5281982421875,-191.7213287353516,988.5606689453124,137.8789825439453,-106.770751953125,490.5013427734375,259.6766662597656,-321.4590759277344,883.37646484375,-110.17868041992188,-251.83399963378903,177.11416625976562,-135.55746459960938,-153.73748779296875,993.759033203125,-112.79655456542967,-296.87109375,534.6640625,-189.14190673828125,-180.73992919921875,855.4249267578125
116.09662628173828,-12.554372787475586,134.26336669921875,168.22244262695312,-190.65106201171875,987.0309448242188,137.48309326171875,-100.42837524414062,489.9590148925781,257.93035888671875,-324.89666748046875,884.7728271484375,-110.58985900878906,-271.1064453125,172.22642517089844,-135.9488067626953,-153.4371337890625,992.8812255859376,-112.36835479736328,-295.5316162109375,533.1237182617188,-189.1655120849609,-179.48745727539062,853.9942626953125
115.72654724121094,-3.214388847351074,134.36453247070312,167.8864288330078,-189.69125366210935,985.4486083984376,137.1395263671875,-94.3631362915039,489.3947448730469,256.0799560546875,-328.080322265625,885.93212890625,-110.88629150390624,-290.10601806640625,168.05735778808594,-136.36605834960938,-153.22689819335938,991.830810546875,-112.11005401611328,-293.7350158691406,531.1498413085938,-189.2067413330078,-178.32765197753906,852.428955078125
115.39128875732422,6.05634069442749,134.48851013183594,167.52505493164062,-188.8481903076172,983.8282470703124,136.85678100585938,-88.59725189208984,488.8090515136719,254.134765625,-330.9998779296875,886.8419189453125,-111.05895233154295,-308.6349182128906,164.63973999023438,-136.80960083007812,-153.119384765625,990.6290283203124,-112.01175689697266,-291.570068359375,528.8067626953125,-189.27325439453125,-177.2632293701172,850.7429809570312
115.09983825683594,15.243390083312988,134.6503143310547,167.14215087890625,-188.1289825439453,982.1845703125,136.63772583007812,-83.1539535522461,488.2018432617188,252.1047821044922,-333.64581298828125,887.4924926757812,-111.0981903076172,-326.4793701171875,161.9741668701172,-137.2803192138672,-153.12718200683594,989.3007202148438,-112.05555725097656,-289.13922119140625,526.1705322265625,-189.3719940185547,-176.29681396484375,848.9521484375
114.85823822021484,24.33244514465332,134.8671417236328,166.74020385742188,-187.54165649414065,980.5322875976562,136.4783477783203,-78.05765533447266,487.5725708007813,250.0007781982422,-336.0091857910156,887.8770141601562,-110.99359893798828,-343.41619873046875,160.0277099609375,-137.77938842773438,-153.2627716064453,987.8738403320312,-112.2165985107422,-286.55596923828125,523.3255004882812,-189.5092010498047,-175.4309844970703,847.0740966796875
114.6684341430664,33.309810638427734,135.15789794921875,166.3202667236328,-187.09527587890625,978.8861083984376,136.36737060546875,-73.33385467529297,486.9205017089844,247.8341827392578,-338.0816345214844,887.99169921875,-110.73431396484376,-359.221435546875,158.7353515625,-138.3082733154297,-153.53842163085938,986.37890625,-112.46458435058594,-283.94091796875,520.361083984375,-189.69032287597656,-174.66836547851562,845.1280517578125
114.5276870727539,42.162696838378906,135.54286193847656,165.8818359375,-186.79969787597656,977.2603759765624,136.2864227294922,-69.00873565673828,486.2450866699219,245.61708068847656,-339.8553466796875,887.8360595703125,-110.30962371826172,-373.680419921875,158.0039825439453,-138.86842346191406,-153.96607971191406,984.8478393554688,-112.76543426513672,-281.41729736328125,517.368408203125,-189.9200897216797,-174.01165771484375,843.134521484375
114.4285888671875,50.87921905517578,136.04335021972656,165.4230194091797,-186.66534423828125,975.6693115234376,136.2108917236328,-65.10856628417969,485.54632568359375,243.3621368408203,-341.3229675292969,887.4127197265625,-109.70995330810548,-386.5988159179688,157.7191162109375,-139.46115112304688,-154.55728149414062,983.3133544921876,-113.08319091796876,-279.10498046875,514.4364013671875,-190.2025146484375,-173.46371459960938,841.1151733398438
114.35984802246094,59.44810485839844,136.68157958984375,164.94061279296875,-186.7025909423828,974.1268310546876,136.11134338378906,-61.65892028808594,484.8250732421875,241.0826110839844,-342.4777526855469,886.7276611328125,-108.92799377441406,-397.813720703125,157.7538299560547,-140.0874481201172,-155.32284545898438,981.8079833984376,-113.38204956054688,-277.1142883300781,511.6477966308594,-190.5409240722656,-173.02760314941406,839.0927124023438
114.3076629638672,67.85811614990234,137.48020935058594,164.43043518066406,-186.92120361328125,972.646484375,135.9554901123047,-58.68365859985352,484.0833740234375,238.792236328125,-343.3135070800781,885.7902221679688,-107.9603271484375,-407.2042846679688,157.9789276123047,-140.7479248046875,-156.27256774902344,980.3633422851562,-113.62857055664062,-275.539306640625,509.0744934082031,-190.9379730224609,-172.70668029785156,837.0902099609375
114.25748443603516,76.09722137451172,138.46192932128906,163.88763427734375,-187.32960510253903,971.24169921875,135.71092224121094,-56.2042350769043,483.3247680664063,236.50515747070312,-343.8247985839844,884.6127319335938,-106.80921936035156,-414.70068359375,158.27357482910156,-141.44265747070312,-157.41477966308594,979.0092163085938,-113.79390716552734,-274.4524841308594,506.77435302734375,-191.3957061767578,-172.50462341308594,835.1309814453125
114.19610595703124,84.15167999267578,139.64894104003906,163.30709838867188,-187.9340667724609,969.9253540039062,135.34841918945312,-54.239105224609375,482.5543518066406,234.23594665527344,-344.0068664550781,883.2103881835938,-105.48448181152344,-420.2903747558594,158.53488159179688,-142.1711883544922,-158.75564575195312,977.7732543945312,-113.85618591308594,-273.9007263183594,504.7886047363281,-191.9156188964844,-172.42547607421875,833.2384033203125
114.11355590820312,92.00507354736328,141.0623321533203,162.68397521972656,-188.7378845214844,968.710205078125,134.84524536132812,-52.80338668823242,481.7788391113281,231.99937438964844,-343.8559875488281,881.6011962890625,-104.00481414794922,-424.0207824707031,158.68521118164062,-142.9325408935547,-160.29844665527344,976.6804809570312,-113.80267333984376,-273.9032592773437,503.1409301757813,-192.4986114501953,-172.47357177734375,831.4352416992188
114.0046844482422,99.6374969482422,142.721435546875,162.0138702392578,-189.7406463623047,967.6084594726562,134.1886749267578,-51.90890884399414,481.0061340332031,229.81044006347656,-343.3694763183594,879.805419921875,-102.3986358642578,-425.9974365234375,158.67596435546875,-143.72520446777344,-162.0428009033203,975.7528076171876,-113.63150024414062,-274.45172119140625,501.8384399414063,-193.1450958251953,-172.65367126464844,829.7433471679688
113.87017059326172,107.0247573852539,144.64324951171875,161.29318237304688,-190.9378204345703,966.6317138671876,133.37916564941406,-51.5648193359375,480.2450256347656,227.6840667724609,-342.5457763671875,877.84521484375,-100.70404052734376,-426.376708984375,158.48687744140625,-144.54713439941406,-163.9838409423828,975.009033203125,-113.35262298583984,-275.51190185546875,500.87408447265625,-193.8548889160156,-172.97076416015625,828.18359375
113.71663665771484,114.13776397705078,146.84205627441406,160.51919555664062,-192.3204040527344,965.7901611328124,132.4327850341797,-51.77846908569336,479.5044555664063,225.63511657714844,-341.38482666015625,875.74462890625,-98.96796417236328,-425.3536376953125,158.12118530273438,-145.39581298828125,-166.11146545410156,974.464599609375,-112.9879913330078,-277.0277404785156,500.2306213378906,-194.6273651123047,-173.43008422851562,826.7752075195312
113.5558853149414,120.94215393066406,149.32913208007812,159.6903076171875,-193.87489318847656,965.0923461914062,131.3822479248047,-52.556270599365234,478.7928466796875,223.67807006835935,-339.887939453125,873.5287475585938,-97.24466705322266,-423.145263671875,157.59780883789062,-146.26815795898438,-168.40989685058594,974.1314697265624,-112.57069396972656,-278.92657470703125,499.8849487304688,-195.4613494873047,-174.0369873046875,825.5357055664062
113.40335845947266,127.39810943603516,152.1128692626953,158.80616760253906,-195.58338928222656,964.54443359375,130.27635192871094,-53.90446090698242,478.1169128417969,221.8269195556641,-338.0580749511719,871.2236938476562,-95.59334564208984,-419.9717102050781,156.94349670410156,-147.1606903076172,-170.85745239257812,974.0178833007812,-112.1434326171875,-281.1252136230469,499.8117065429688,-196.3551483154297,-174.796875,824.4805908203125
113.2768783569336,133.45980834960938,155.19903564453125,157.8678436279297,-197.4237823486328,964.1495971679688,129.1773681640625,-55.82966995239258,477.480712890625,220.09490966796875,-335.8999938964844,868.85595703125,-94.07495880126952,-416.0378723144531,156.18716430664062,-148.0694580078125,-173.42677307128906,974.1281127929688,-111.75643157958984,-283.5352783203125,499.98529052734375,-197.30661010742188,-175.7150421142578,823.6229858398438
113.19595336914062,139.07455444335938,158.59100341796875,156.8780975341797,-199.3701019287109,963.90771484375,128.1569366455078,-58.33942031860352,476.8843688964844,218.494384765625,-333.420166015625,866.4521484375,-92.74781036376952,-411.5187072753906,155.35659790039062,-148.990234375,-176.08544921875,974.4624633789062,-111.4648895263672,-286.0674133300781,500.3795166015625,-198.3130798339844,-176.79656982421875,822.9736328125
113.18115997314452,144.1817626953125,162.28941345214844,155.8414764404297,-201.3929748535156,963.8150634765624,127.29035186767578,-61.44226837158203,476.3232727050781,217.0365295410156,-330.626953125,864.0384521484375,-91.66194152832033,-406.5498352050781,154.47705078125,-149.9185028076172,-178.7970428466797,975.0164794921876,-111.32579803466795,-288.6331787109375,500.9654846191406,-199.37147521972656,-178.046142578125,822.5407104492188
113.25342559814452,148.7122344970703,166.29225158691406,154.76451110839844,-203.46029663085935,963.8645629882812,126.65005493164062,-65.14739227294922,475.7874755859375,215.7312469482422,-327.5306091308594,861.6403198242188,-90.85324096679688,-401.2247314453125,153.57093811035156,-150.84963989257812,-181.5224609375,975.7815551757812,-111.3938446044922,-291.1452331542969,501.7085876464844,-200.47824096679688,-179.46795654296875,822.3295288085938
113.43293762207033,152.58819580078125,170.59564208984375,153.6555938720703,-205.53787231445312,964.0455322265624,126.29905700683594,-69.46343231201172,475.2620849609375,214.58697509765625,-324.143310546875,859.2822265625,-90.33892059326172,-395.59765625,152.65809631347656,-151.7790985107422,-184.2214508056641,976.7444458007812,-111.71639251708984,-293.5157775878906,502.5659790039063,-201.6294708251953,-181.0655212402344,822.3427124023438
113.73744201660156,155.7247314453125,175.19374084472656,152.52491760253906,-207.5902557373047,964.3447875976562,126.28475952148438,-74.39678955078125,474.7288818359375,213.6105499267578,-320.4790954589844,856.9868774414062,-90.1156234741211,-389.6908264160156,151.75599670410156,-152.7025146484375,-186.8542022705078,977.8877563476562,-112.32770538330078,-295.6548767089844,503.4866638183594,-202.82081604003903,-182.84158325195312,822.5802001953125
114.18038940429688,158.03298950195312,180.0774383544922,151.3841552734375,-209.58164978027344,964.7468872070312,126.63420104980467,-79.94988250732422,474.1690673828125,212.80714416503903,-316.5538330078125,854.7753295898438,-90.1606903076172,-383.50341796875,150.8798828125,-153.61587524414062,-189.3825836181641,979.1906127929688,-113.24321746826172,-297.4697265625,504.4147033691406,-204.04763793945312,-184.7978515625,823.0391235351562
114.76917266845705,159.42514038085938,185.2321014404297,150.24594116210938,-211.47702026367188,965.235107421875,127.35099029541016,-86.11952209472656,473.5664978027344,212.18019104003903,-312.3850402832031,852.66650390625,-90.43580627441406,-377.0208129882813,150.0429229736328,-154.51568603515625,-191.7712860107422,980.62890625,-114.4552001953125,-298.8653564453125,505.29498291015625,-205.30484008789065,-186.93495178222656,823.714111328125
115.50397491455078,159.82028198242188,190.63465881347656,149.1232147216797,-213.24322509765625,965.7927856445312,128.41481018066406,-92.8954849243164,472.9116516113281,211.7314300537109,-307.99169921875,850.6770629882812,-90.89222717285156,-370.222900390625,149.25608825683594,-155.39907836914062,-193.9884185791016,982.1766357421876,-115.93122100830078,-299.747314453125,506.0796203613281,-206.58702087402344,-189.2522735595703,824.5975952148438
116.3770980834961,159.15089416503906,196.25051879882807,148.0283660888672,-214.8503570556641,966.404296875,129.78343200683594,-100.25943756103516,472.204833984375,211.4608612060547,-303.39404296875,848.8213500976562,-91.4761734008789,-363.091064453125,148.52804565429688,-156.26388549804688,-196.00607299804688,983.806396484375,-117.61614990234376,-300.0263977050781,506.733154296875,-207.8883514404297,-191.7478179931641,825.679931640625
117.37287139892578,157.3690948486328,202.03147888183597,146.97219848632812,-216.2730712890625,967.0565795898438,131.3971710205078,-108.18423461914062,471.4583740234375,211.3668670654297,-298.6133117675781,847.1112060546875,-92.13368225097656,-355.61358642578125,147.86520385742188,-157.1087188720703,-197.8004608154297,985.4906616210938,-119.43748474121094,-299.6242980957031,507.2358093261719,-209.20263671875,-194.41812133789065,826.949951171875
118.46839904785156,154.45176696777344,207.91575622558597,145.9630126953125,-217.49191284179688,967.739990234375,133.18447875976562,-116.6335906982422,470.69775390625,211.44618225097656,-293.67138671875,845.5559692382812,-92.81442260742188,-347.7888488769531,147.27174377441406,-157.9330291748047,-199.35205078125,987.2022094726562,-121.31292724609376,-298.479248046875,507.5839538574219,-210.5232391357422,-197.2582550048828,828.3951416015625
119.63538360595705,150.404296875,213.8298797607422,145.0059051513672,-218.49436950683597,968.4495239257812,135.0680694580078,-125.5620346069336,469.961181640625,211.69407653808597,-288.5906677246094,844.16259765625,-93.47473907470705,-339.62628173828125,146.7495880126953,-158.73703002929688,-200.6454315185547,988.9154663085938,-123.1592025756836,-296.5509948730469,507.7882690429688,-211.84320068359372,-200.26177978515625,830.002197265625
120.84296417236328,145.26190185546875,219.6919860839844,144.1023406982422,-219.2751617431641,969.1845703125,136.97035217285156,-134.91537475585938,469.2975463867188,212.10438537597656,-283.3937072753906,842.9357299804688,-94.07981872558594,-331.1460876464844,146.298583984375,-159.52166748046875,-201.6691436767578,990.606689453125,-124.9008560180664,-293.82440185546875,507.86962890625,-213.15516662597656,-203.42079162597656,831.7573852539062
122.0609130859375,139.08819580078125,225.4157257080078,143.25021362304688,-219.8361358642578,969.9491577148438,138.81814575195312,-144.63189697265625,468.7635498046875,212.6696319580078,-278.10284423828125,841.8777465820312,-94.60498046875,-322.3776550292969,145.91650390625,-160.28829956054688,-202.4154357910156,992.2545776367188,-126.47781372070312,-290.3114929199219,507.854248046875,-214.4515686035156,-206.7260589599609,833.6467895507812
123.26245880126952,131.97010803222656,230.9136505126953,142.44422912597656,-220.1854705810547,970.7509765625,140.5464324951172,-154.64398193359375,468.4194946289063,213.38121032714844,-272.7400207519531,840.9887084960938,-95.03582763671876,-313.3573913574219,145.5993194580078,-161.03863525390625,-202.87994384765625,993.8407592773438,-127.85045623779295,-286.0514831542969,507.7684020996094,-215.7245178222656,-210.16705322265625,835.6568603515625
124.42603302001952,124.00949096679688,236.09950256347656,141.67672729492188,-220.33677673339844,971.6004638671876,142.1011962890625,-164.87982177734375,468.3250427246094,214.22943115234372,-267.3263854980469,840.2666015625,-95.36735534667967,-304.12579345703125,145.34149169921875,-161.77439880371094,-203.0616149902344,995.3496704101562,-129.00144958496094,-281.10870361328125,507.6346435546875,-216.9660797119141,-213.73216247558597,837.7744140625
125.53570556640624,115.31330108642578,240.88870239257807,140.93878173828125,-220.30767822265625,972.5090942382812,143.44119262695312,-175.2648468017578,468.5347595214844,215.2036590576172,-261.8822937011719,839.7072143554688,-95.60215759277344,-294.7245178222656,145.13662719726562,-162.49716186523438,-202.9626617431641,996.7688598632812,-129.93411254882812,-275.5681457519531,507.4695129394531,-218.1681671142578,-217.4087829589844,839.98681640625
126.58036041259766,105.98445129394533,245.19834899902344,140.22129821777344,-220.11839294433597,973.4879150390624,144.53851318359375,-185.72320556640625,469.09381103515625,216.29237365722656,-256.4269104003906,839.304443359375,-95.7481918334961,-285.1937866210937,144.9779510498047,-163.20809936523438,-202.5885162353516,998.0886840820312,-130.6678924560547,-269.5296325683594,507.2831726074219,-219.3227386474609,-221.1835479736328,842.2822875976562
127.55204010009766,96.11488342285156,248.9476776123047,139.51605224609375,-219.790283203125,974.546142578125,145.37808227539062,-196.17881774902344,470.0343627929688,217.4832763671875,-250.9783477783203,839.0501708984375,-95.8164291381836,-275.57061767578125,144.85903930664062,-163.9077911376953,-201.94793701171875,999.3021850585938,-131.23233032226562,-263.10076904296875,507.08056640625,-220.4217987060547,-225.04248046875,844.6497192382812
128.44418334960938,85.78136444091797,252.0597686767578,138.8165283203125,-219.34469604492188,975.6893310546876,145.9559326171875,-206.55667114257807,471.3731689453125,218.76333618164065,-245.55352783203125,838.9344482421875,-95.8188247680664,-265.8876037597656,144.7741241455078,-164.5960693359375,-201.05300903320312,1000.4049072265624,-131.66073608398438,-256.3899841308594,506.8631286621094,-221.4574737548828,-228.97108459472656,847.0786743164062
129.25048828125,75.0436782836914,254.46435546875,138.1183624267578,-218.8018493652344,976.9183959960938,146.2767791748047,-216.7840576171875,473.1100463867188,220.11892700195312,-240.1681671142578,838.945556640625,-95.76680755615234,-256.172607421875,144.71839904785156,-165.27182006835938,-199.91917419433597,1001.3944702148438,-131.98458862304688,-249.49974060058597,506.6308898925781,-222.42208862304688,-232.95462036132807,849.5592041015625
129.9647979736328,63.94486618041992,256.10107421875,137.4195556640625,-218.1802215576172,978.2288818359376,146.3512725830078,-226.7918701171875,475.2279968261719,221.53585815429688,-234.8368988037109,839.0701904296875,-95.67052459716795,-246.4486389160156,144.68800354003906,-165.93289184570312,-198.56517028808597,1002.2703857421876,-132.22982788085938,-242.5207672119141,506.3844299316406,-223.3081817626953,-236.9781494140625,852.081787109375
130.58212280273438,52.51283264160156,256.9227905273437,136.7205352783203,-217.49595642089844,979.6105346679688,146.1934814453125,-236.5157928466797,477.6943054199219,222.9994659423828,-229.57321166992188,839.29345703125,-95.53872680664062,-236.73385620117188,144.67971801757812,-166.57598876953125,-197.0129547119141,1003.0336303710938,-132.41506958007812,-235.5270538330078,506.1260681152344,-224.10855102539065,-241.0266571044922,854.6368408203125
131.09963989257812,40.76285171508789,256.8979797363281,136.0240936279297,-216.76251220703125,981.0477294921876,145.81854248046875,-245.8972625732422,480.4631042480469,224.4947052001953,-224.38966369628903,839.5991821289062,-95.37911987304688,-227.0416717529297,144.69073486328125,-167.19674682617188,-195.287353515625,1003.6864013671876,-132.55206298828125,-228.5723876953125,505.8605651855469,-224.81629943847656,-245.08518981933597,857.2147827148438
131.51715087890625,28.69999885559082,256.0119934082031,135.33509826660156,-215.9904327392578,982.5203247070312,145.2411651611328,-254.8843536376953,483.4784851074219,226.0063018798828,-219.29786682128903,839.9702758789062,-95.19891357421876,-217.38082885742188,144.71827697753906,-167.7898712158203,-193.41554260253903,1004.2316284179688,-132.6474609375,-221.68885803222656,505.5946350097656,-225.42483520507807,-249.13890075683597,859.8057861328125
131.83717346191406,16.320819854736328,254.2674560546875,134.66017150878906,-215.18739318847656,984.0047607421876,144.47479248046875,-263.4325561523437,486.6781921386719,227.5187530517578,-214.3085784912109,840.388671875,-95.00537109375,-207.75567626953125,144.75955200195312,-168.34945678710938,-191.4263610839844,1004.673095703125,-132.70541381835938,-214.8877410888672,505.3363342285156,-225.92796325683597,-253.1731109619141,862.399169921875
132.064453125,3.614244699478149,251.68370056152344,134.00729370117188,-214.3583984375,985.4755859375,143.5316925048828,-271.50494384765625,489.9973754882813,229.01661682128903,-209.4318084716797,840.8358154296875,-94.80611419677734,-198.16661071777344,144.8115692138672,-168.86924743652344,-189.3494873046875,1005.014892578125,-132.73011779785156,-208.1626892089844,505.093505859375,-226.3199005126953,-257.1733703613281,864.9837036132812
132.20529174804688,-9.437817573547363,248.2963104248047,133.38511657714844,-213.5061187744141,986.9063720703124,142.42343139648438,-279.0720520019531,493.3716125488281,230.4844970703125,-204.6768341064453,841.2928466796875,-94.6092529296875,-188.6107482910156,144.87130737304688,-169.34304809570312,-187.2145538330078,1005.2614135742188,-132.72750854492188,-201.49464416503903,504.8730163574219,-226.5953063964844,-261.1255187988281,867.5472412109375
132.26666259765625,-22.859729766845703,244.15625,132.80242919921875,-212.63145446777344,988.2711181640624,141.16209411621094,-286.1112365722656,496.7394409179688,231.9073181152344,-200.0522918701172,841.7412109375,-94.4230728149414,-179.0826416015625,144.935791015625,-169.7650146484375,-185.05030822753903,1005.4171142578124,-132.70574951171875,-194.85736083984372,504.6802062988281,-226.74940490722656,-265.0157165527344,870.0767211914062
132.2556915283203,-36.68061828613281,239.32916259765625,132.2674560546875,-211.7341461181641,989.5449829101562,139.76144409179688,-292.6059265136719,500.0439758300781,233.27044677734372,-195.56626892089844,842.1625366210938,-94.25553131103516,-169.57518005371094,145.00218200683594,-170.13003540039062,-182.88372802734372,1005.4861450195312,-132.67440795898438,-188.22247314453125,504.5189514160156,-226.778076171875,-268.83062744140625,872.55810546875
132.17938232421875,-50.93182373046875,233.8944854736328,131.7874298095703,-210.8134613037109,990.7050170898438,138.2383270263672,-298.5447082519531,503.23382568359375,234.5598297119141,-191.2262420654297,842.5391235351562,-94.1135482788086,-160.08056640625,145.06809997558594,-170.43399047851562,-180.73927307128903,1005.472412109375,-132.64309692382812,-181.56370544433597,504.3919372558594,-226.6778564453125,-272.5572814941406,874.9764404296875
132.04515075683594,-65.64403533935547,227.94400024414065,131.36807250976562,-209.86888122558597,991.7306518554688,136.6136932373047,-303.9206237792969,506.2635498046875,235.76223754882807,-187.03924560546875,842.854248046875,-94.0023422241211,-150.59124755859375,145.1317596435547,-170.67391967773438,-178.6383056640625,1005.3789672851562,-132.62033081054688,-174.85992431640625,504.3006591796875,-226.44615173339844,-276.1833801269531,877.31591796875
131.86123657226562,-80.84417724609375,221.57980346679688,131.0133819580078,-208.9007568359375,992.6038208007812,134.91319274902344,-308.73065185546875,509.093505859375,236.8653259277344,-183.01182556152344,843.0924072265625,-93.9249496459961,-141.10057067871094,145.1923065185547,-170.8481903076172,-176.59877014160156,1005.2081298828124,-132.61253356933594,-168.09690856933594,504.2449035644531,-226.08126831054688,-279.697265625,879.5602416992188
131.63662719726562,-96.55194091796876,214.9120635986328,130.7255096435547,-207.9107666015625,993.3095703125,133.1670684814453,-312.9755554199219,511.6898193359375,237.8578948974609,-179.15013122558594,843.2393188476562,-93.88192749023438,-131.60325622558594,145.24977111816406,-170.95654296875,-174.63525390625,1004.9609375,-132.62356567382812,-161.26815795898438,504.2224426269531,-225.58255004882807,-283.0879211425781,881.6922607421875
131.38046264648438,-112.77626037597656,208.0566253662109,130.50473022460938,-206.90240478515625,993.8355102539062,131.40936279296875,-316.65972900390625,514.0240478515625,238.72994995117188,-175.45986938476562,843.2822265625,-93.871337890625,-122.09559631347656,145.30517578125,-171.00009155273438,-172.7591552734375,1004.63720703125,-132.65460205078125,-154.37484741210938,504.2286682128906,-224.9504547119141,-286.3450927734375,883.6948852539062
131.10118103027344,-129.51239013671875,201.13229370117188,130.349609375,-205.88096618652344,994.1724243164062,129.67628479003906,-319.7913513183594,516.0728149414062,239.47288513183597,-171.94642639160156,843.2100219726562,-93.88903045654295,-112.5757293701172,145.36012268066406,-170.98118591308594,-170.97909545898438,1004.2356567382812,-132.7044677734375,-147.42544555664062,504.2567138671875,-224.1866912841797,-289.4591979980469,885.5506591796875
130.80552673339844,-146.7395782470703,194.25791931152344,130.25717163085938,-204.85369873046875,994.3138427734376,128.00418090820312,-322.38250732421875,517.81787109375,240.07960510253903,-168.61480712890625,843.0133666992188,-93.9291000366211,-103.04336547851562,145.41644287109375,-170.9031982421875,-169.30126953125,1003.753662109375,-132.77037048339844,-140.4351043701172,504.2975463867188,-223.29428100585935,-292.4213562011719,887.2424926757812
130.49789428710938,-164.4190673828125,187.5491180419922,130.22328186035156,-203.8295745849609,994.2562255859376,126.4272918701172,-324.4493713378906,519.2457885742188,240.54466247558597,-165.46966552734375,842.6845703125,-93.9843292236328,-93.49937438964844,145.4758758544922,-170.7703094482422,-167.7296905517578,1003.1878662109376,-132.8487091064453,-133.42495727539062,504.3404541015625,-222.2776336669922,-295.2232971191406,888.7537231445312
130.1797332763672,-182.49212646484372,181.11476135253903,130.24298095703125,-202.81912231445312,993.998779296875,124.97542572021484,-326.0126647949219,520.3483276367188,240.86431884765625,-162.5153350830078,842.2181396484375,-94.04664611816406,-83.9454116821289,145.53956604003906,-170.58718872070312,-166.2665557861328,1002.53466796875,-132.9358367919922,-126.42151641845705,504.3735656738281,-221.14251708984372,-297.8573608398437,890.0684814453125
129.84910583496094,-200.8782501220703,175.05377197265625,130.3109588623047,-201.8341217041016,993.5435180664062,123.67194366455078,-327.0982666015625,521.1221313476562,241.03668212890625,-159.75572204589844,841.6104736328125,-94.10768127441406,-74.38371276855469,145.60781860351562,-170.3586883544922,-164.9123077392578,1001.7902221679688,-133.02842712402344,-119.45565032958984,504.3849487304688,-219.89601135253903,-300.3164978027344,891.1720581054688
129.50039672851562,-219.47422790527344,169.45175170898438,130.42189025878906,-200.8873443603516,992.8953247070312,122.53216552734376,-327.7378845214844,521.5693359375,241.0617828369141,-157.19444274902344,840.8601684570312,-94.15961456298828,-64.81700897216797,145.68006896972656,-170.08946228027344,-163.66590881347656,1000.951416015625,-133.12353515625,-112.5615005493164,504.3634033203125,-218.54649353027344,-302.5941772460937,892.0513916015625
129.12420654296875,-238.15415954589844,164.37802124023438,130.57093811035156,-199.9921417236328,992.0617065429688,121.56239318847656,-327.9693603515625,521.6972045898438,240.9416046142578,-154.8346710205078,839.968017578125,-94.19590759277344,-55.24846649169922,145.75523376464844,-169.78375244140625,-162.52520751953125,1000.0159912109376,-133.21835327148438,-105.7752914428711,504.2992248535156,-217.1034393310547,-304.6843566894531,892.6948852539062
128.70782470703125,-256.7709045410156,159.88278198242188,130.7539825439453,-199.16226196289065,991.0531616210938,120.75971221923828,-327.8370056152344,521.5183715820312,240.6801300048828,-152.6792449951172,838.9371948242188,-94.21199798583984,-45.68197250366211,145.83197021484375,-169.4452362060547,-161.4874725341797,998.9832153320312,-133.3097686767578,-99.13394927978516,504.1849365234375,-215.57736206054688,-306.5812683105469,893.09326171875
128.2357635498047,-275.15869140625,155.9949188232422,130.96795654296875,-198.4114532470703,989.8828125,120.11244201660156,-327.3914489746094,521.0507202148438,240.2833251953125,-150.73056030273438,837.7733154296875,-94.2056884765625,-36.1227912902832,145.90931701660156,-169.0768585205078,-160.5500030517578,997.8541259765624,-133.393798828125,-92.6734619140625,504.0152282714844,-213.9796295166016,-308.2795104980469,893.2393798828125
127.69075775146484,-293.136962890625,152.7207489013672,131.21096801757812,-197.7533264160156,988.566650390625,119.60128021240234,-326.6890869140625,520.3168334960938,239.7590789794922,-148.99069213867188,836.4845581054688,-94.17755889892578,-26.57855033874512,145.9873046875,-168.68087768554688,-159.71070861816406,996.6318359375,-133.46505737304688,-86.42720794677734,503.7872619628906,-212.32229614257807,-309.7738952636719,893.1288452148438
127.0548324584961,-310.5147399902344,150.04397583007812,131.48233032226562,-197.2011260986328,987.1231079101562,119.20086669921876,-325.7910461425781,519.3435668945312,239.11720275878903,-147.46128845214844,835.0814819335938,-94.1310043334961,-17.05995750427246,146.06790161132812,-168.25888061523438,-158.96871948242188,995.32177734375,-133.51620483398438,-80.42438507080078,503.5006713867188,-210.61788940429688,-311.05938720703125,892.760009765625
126.31060028076172,-327.0965270996094,147.92701721191406,131.78248596191406,-196.76763916015625,985.5731811523438,118.8816909790039,-324.7615661621094,518.16162109375,238.3692626953125,-146.14373779296875,833.5772705078125,-94.0714340209961,-7.580563545227051,146.15589904785156,-167.81178283691406,-158.32472229003906,993.931640625,-133.53770446777344,-74.68917083740234,503.1578063964844,-208.87936401367188,-312.131103515625,892.1342163085938
125.44264221191406,-342.688232421875,146.31361389160156,132.1128387451172,-196.46507263183597,983.940185546875,118.61226654052734,-323.66607666015625,516.8046875,237.5284576416016,-145.0391387939453,831.9873657226562,-94.00527954101562,1.8440203666687007,146.25933837890625,-167.33998107910156,-157.78123474121094,992.4715576171876,-133.5177459716797,-69.24065399169922,502.7638854980469,-207.11984252929688,-312.9842529296875,891.2559814453125
124.43917083740234,-357.10430908203125,145.1327667236328,132.475341796875,-196.3050079345703,982.2489624023438,118.36141967773438,-322.56890869140625,515.3086547851562,236.6094512939453,-144.1483917236328,830.3294067382812,-93.93927001953124,11.197009086608888,146.38973999023438,-166.84352111816406,-157.3427734375,990.9541015625,-133.44244384765625,-64.09349060058594,502.3269653320313,-205.3524475097656,-313.6142578125,890.1328735351562
123.29379272460938,-370.1746215820313,144.30389404296875,132.87225341796875,-196.2983245849609,980.5261840820312,118.10055541992188,-321.5307922363281,513.7107543945312,235.6281890869141,-143.4723358154297,828.6229248046875,-93.88013458251952,20.4611873626709,146.56167602539062,-166.32220458984375,-157.01568603515625,989.393798828125,-133.29629516601562,-59.25930404663086,501.8577880859375,-203.5902557373047,-314.0167541503906,888.7758178710938
122.00718688964844,-381.7513427734375,143.74266052246094,133.30563354492188,-196.4550323486328,978.79931640625,117.80572509765624,-320.6064758300781,512.0490112304688,234.6016082763672,-143.01177978515625,826.8890380859375,-93.83438873291016,29.61948585510254,146.79249572753906,-165.77581787109375,-156.80795288085938,987.8072509765624,-133.06272888183594,-54.74859237670898,501.36907958984375,-201.8459930419922,-314.187744140625,887.1988525390625
120.58845520019533,-391.71533203125,143.36703491210938,133.77706909179688,-196.7841339111328,977.0966186523438,117.45936584472656,-319.84246826171875,510.3612365722656,233.54747009277344,-142.767578125,825.1500854492188,-93.80810546875,38.65531921386719,147.10177612304688,-165.20420837402344,-156.72877502441406,986.21240234375,-132.7250518798828,-50.5731201171875,500.8746032714844,-200.1320037841797,-314.1236877441406,885.4189453125
119.05573272705078,-399.9812316894531,143.1029052734375,134.28724670410156,-197.29335021972656,975.4468383789062,117.05166625976562,-319.275146484375,508.68463134765625,232.4839630126953,-142.7407684326172,823.4290161132812,-93.80661010742188,47.552528381347656,147.51083374023438,-164.60740661621094,-156.78805541992188,984.6280517578124,-132.2674102783203,-46.74858856201172,500.3878784179688,-198.4600372314453,-313.8216247558594,883.4559326171875
117.4356918334961,-406.5011901855469,142.8882293701172,134.83578491210938,-197.98880004882807,973.87841796875,116.581298828125,-318.9292907714844,507.0549011230469,231.4295654296875,-142.93251037597656,821.7489013671875,-93.83409881591795,56.29486846923828,148.04241943359375,-163.98568725585938,-156.99562072753906,983.0733642578124,-131.67608642578125,-43.29726409912109,499.9208068847656,-196.8411102294922,-313.27947998046875,881.3321533203125
115.76200103759766,-411.2664794921875,142.67498779296875,135.42112731933594,-198.87454223632807,972.4194946289062,116.05567932128906,-318.81756591796875,505.50537109375,230.4026031494141,-143.34414672851562,820.1328125,-93.8931121826172,64.86509704589844,148.72035217285156,-163.33966064453125,-157.36036682128906,981.567138671875,-130.94088745117188,-40.2502326965332,499.48193359375,-195.28546142578125,-312.4959716796875,879.0722045898438
114.07341003417967,-414.30810546875,142.4297332763672,136.04054260253906,-199.95217895507807,971.09716796875,115.49051666259766,-318.94061279296875,504.0662536621094,229.4210968017578,-143.97715759277344,818.6026611328125,-93.98406982421876,73.24378204345703,149.56944274902344,-162.67030334472656,-157.88926696777344,980.1270751953124,-130.05667114257812,-37.64898300170898,499.0751647949219,-193.8023681640625,-311.4709777832031,876.702392578125
112.41193389892578,-415.6958312988281,142.1326904296875,136.69032287597656,-201.2204132080078,969.9369506835938,114.90885925292967,-319.2881164550781,502.7639465332031,228.50241088867188,-144.83316040039062,817.1792602539062,-94.10499572753906,81.40775299072266,150.6155242919922,-161.9789581298828,-158.58633422851562,978.76904296875,-129.02511596679688,-35.54597854614258,498.698486328125,-192.4001007080078,-310.2056579589844,874.2506713867188
110.82070922851562,-415.5354614257813,141.77542114257812,137.3659210205078,-202.6744537353516,968.9620361328124,114.33948516845705,-319.840576171875,501.6206359863281,227.6630096435547,-145.9137725830078,815.8817749023438,-94.25153350830078,89.32853698730469,151.88528442382812,-161.26739501953125,-159.45155334472656,977.506591796875,-127.856201171875,-34.00374984741211,498.34375,-191.08583068847656,-308.7025451660156,871.7457275390625
109.34168243408205,-413.96392822265625,141.35760498046875,138.06227111816406,-204.30572509765625,968.1924438476562,113.81497955322266,-320.5716247558594,500.6539611816406,226.91827392578125,-147.22061157226562,814.7271728515625,-94.4172821044922,96.97090911865234,153.4062042236328,-160.5377655029297,-160.4799346923828,976.3504028320312,-126.56924438476562,-33.092140197753906,497.996826171875,-189.86550903320312,-306.9656066894531,869.2168579101562
108.01280212402344,-411.1417541503906,140.88369750976562,138.7740936279297,-206.1013641357422,967.6446533203124,113.36965942382812,-321.4501342773437,499.8767395019531,226.2823028564453,-148.7551727294922,813.7301025390625,-94.5944595336914,104.29181671142578,155.20591735839844,-159.79251098632812,-161.66090393066406,975.3079223632812,-125.19316864013672,-32.88365936279297,497.6388549804688,-188.74386596679688,-305.00054931640625,866.693359375
106.86500549316406,-407.2428588867188,140.3608856201172,139.4962158203125,-208.04421997070312,967.3303833007812,113.03763580322266,-322.44158935546875,499.29638671875,225.7677154541016,-150.51873779296875,812.9026489257812,-94.77493286132812,111.23970794677734,157.31141662597656,-159.03427124023438,-162.97775268554688,974.3831176757812,-123.76634216308594,-33.44780731201172,497.2475891113281,-187.72433471679688,-302.8146057128906,864.2039184570312
105.91929626464844,-402.44244384765625,139.798095703125,140.2237548828125,-210.11285400390625,967.256591796875,112.85076904296876,-323.5086669921875,498.91412353515625,225.38555908203125,-152.5122528076172,812.2540283203125,-94.9515380859375,117.75408172607422,159.74783325195312,-158.26565551757812,-164.4075927734375,973.5765991210938,-122.33614349365234,-34.84508514404297,496.79931640625,-186.8090362548828,-300.4168395996094,861.7760620117188
105.18446350097656,-396.9048156738281,139.2059783935547,140.95236206054688,-212.28196716308597,967.424560546875,112.83663940429688,-324.6106872558594,498.7242431640625,225.14520263671875,-154.73619079589844,811.7908325195312,-95.1196060180664,123.76560974121094,162.5373077392578,-157.48919677734375,-165.921875,972.8858032226562,-120.95771026611328,-37.12128829956055,496.27044677734375,-185.9988250732422,-297.8178405761719,859.43603515625
104.6562271118164,-390.7735595703125,138.59701538085938,141.67837524414062,-214.5229949951172,967.8300170898438,113.0162353515625,-325.70233154296875,498.7132568359375,225.05419921875,-157.19044494628906,811.5166625976562,-95.27818298339844,129.19680786132812,165.69789123535156,-156.7070770263672,-167.4873809814453,972.3052368164062,-119.6915054321289,-40.30253601074219,495.6391906738281,-185.29331970214844,-295.0299072265625,857.2078247070312
104.31809997558594,-384.1658325195313,137.98484802246094,142.39892578125,-216.804931640625,968.4627075195312,113.40167236328124,-326.7317810058594,498.8595581054688,225.11834716796875,-159.87413024902344,811.4326171875,-95.43071746826172,133.96377563476562,169.24244689941406,-155.9211883544922,-169.0676727294922,971.8270263671876,-118.59959411621094,-44.39155960083008,494.8872375488281,-184.69107055664065,-292.0668334960937,855.1130981445312
104.1436538696289,-377.1714477539063,137.38307189941406,143.11183166503906,-219.0952606201172,969.3067626953124,113.99413299560548,-327.638916015625,499.1336975097656,225.3415679931641,-162.7855224609375,811.5371704101562,-95.58488464355467,137.97865295410156,173.17759704589844,-155.133056640625,-170.62457275390625,971.4415893554688,-117.74073791503906,-49.36578750610352,494.0012512207031,-184.18960571289065,-288.9438171386719,853.1708984375
104.09986114501952,-369.8547058105469,136.80389404296875,143.81570434570312,-221.3608856201172,970.3411865234376,114.7824249267578,-328.3546142578125,499.4991455078125,225.7259979248047,-165.92185974121094,811.8265380859375,-95.75153350830078,141.1526641845703,177.50253295898438,-154.3438720703125,-172.119873046875,971.138427734375,-117.1646728515625,-55.177494049072266,492.9748840332031,-183.78567504882807,-285.67724609375,851.397216796875
104.15084838867188,-362.2590026855469,136.25718688964844,144.50978088378906,-223.56900024414065,971.5406494140624,115.74271392822266,-328.8016357421875,499.9142761230469,226.27191162109372,-169.27932739257812,812.2948608398438,-95.94283294677734,143.3997802734375,182.2075653076172,-153.55462646484375,-173.51693725585938,970.9070434570312,-116.90668487548828,-61.756160736083984,491.8106689453125,-183.4753875732422,-282.2845458984375,849.8048095703125
104.2612762451172,-354.4119567871094,135.74990844726562,145.1939697265625,-225.68792724609372,972.8764038085938,116.83966064453124,-328.8978576660156,500.3351135253906,226.97775268554688,-172.8529510498047,812.934814453125,-96.17012786865234,144.64097595214844,187.2723846435547,-152.76608276367188,-174.7822265625,970.7380981445312,-116.98345184326172,-69.01275634765625,490.5220947265625,-183.2544708251953,-278.7838134765625,848.403564453125
104.39898681640624,-346.3313903808594,135.28594970703125,145.86871337890625,-227.68772888183597,974.3177490234376,118.02914428710938,-328.561279296875,500.7191162109375,227.8401641845703,-176.63656616210938,813.7379760742188,-96.4418716430664,144.80908203125,192.6643829345703,-151.97891235351562,-175.88665771484375,970.6242065429688,-117.39117431640624,-76.84577178955078,489.1349487304688,-183.11837768554688,-275.1937561035156,847.199951171875
104.53673553466795,-338.0301208496094,134.866455078125,146.5350799560547,-229.54075622558597,975.8333129882812,119.26238250732422,-327.7163391113281,501.028564453125,228.8539886474609,-180.62290954589844,814.6951904296875,-96.76213836669922,143.85433959960938,198.33746337890625,-151.1937255859375,-176.80665588378906,970.5608520507812,-118.10633850097656,-85.14826202392578,487.6884460449219,-183.0624542236328,-271.5331726074219,846.197509765625
104.65335845947266,-329.5199279785156,134.49020385742188,147.1947479248047,-231.22201538085935,977.392333984375,120.490966796875,-326.30035400390625,501.2337341308594,230.01235961914065,-184.80352783203125,815.7971801757812,-97.12974548339844,141.75010681152344,204.2321014404297,-150.4111328125,-177.52505493164062,970.5468139648438,-119.08885192871094,-93.81478881835938,486.2353210449219,-183.0820770263672,-267.8207092285156,845.39697265625
104.73431396484376,-320.8139953613281,134.1541290283203,147.85003662109375,-232.7095489501953,978.9660034179688,121.6722412109375,-324.2691345214844,501.3149108886719,231.3066864013672,-189.16891479492188,817.0350341796875,-97.53795623779295,138.49794006347656,210.27679443359372,-149.63180541992188,-178.03175354003906,970.58447265625,-120.28709411621094,-102.74759674072266,484.8406677246094,-183.17263793945312,-264.0746765136719,844.7965087890625
104.7715301513672,-311.9282531738281,133.85389709472656,148.50384521484375,-233.9846343994141,980.5285034179688,122.77410125732422,-321.6007995605469,501.2630615234375,232.7267608642578,-193.70855712890625,818.4005737304688,-97.97513580322266,134.1304473876953,216.39080810546875,-148.85650634765625,-178.3240203857422,970.6796264648438,-121.6439971923828,-111.86153411865234,483.5787963867188,-183.32965087890625,-260.3124694824219,844.3917236328125
104.76277923583984,-302.8810119628906,133.58453369140625,149.1596221923828,-235.0318145751953,982.0576171875,123.77835083007812,-318.2973937988281,501.0797119140625,234.2608184814453,-198.4110107421875,819.8867797851562,-98.42664337158205,128.71142578125,222.48768615722656,-148.0861053466797,-178.40646362304688,970.8413696289062,-123.10304260253906,-121.08738708496094,482.5284729003906,-183.54867553710935,-256.550537109375,844.1763305664062
104.71078491210938,-293.6921081542969,133.34107971191406,149.82119750976562,-235.8390045166016,983.535400390625,124.6818618774414,-314.3840026855469,500.77545166015625,235.8956298828125,-203.2640380859375,821.4879760742188,-98.8775634765625,122.33248901367188,228.4787139892578,-147.32154846191406,-178.29058837890625,971.0810546875,-124.61289978027344,-130.3726043701172,481.76702880859375,-183.82525634765625,-252.8040008544922,844.1422729492188
104.62210083007812,-284.38201904296875,133.11912536621094,150.49258422851562,-236.39724731445312,984.9478759765624,125.4952163696289,-309.9053039550781,500.36767578125,237.6166076660156,-208.25466918945312,823.199951171875,-99.31550598144533,115.10601043701172,234.2754821777344,-146.5638427734375,-177.99392700195312,971.4119262695312,-126.12993621826172,-139.67942810058594,481.3642272949219,-184.15484619140625,-249.08657836914065,844.280029296875
104.50579071044922,-274.97076416015625,132.9151153564453,151.17784118652344,-236.7006683349609,986.2852172851562,126.23896026611328,-304.9201965332031,499.8779296875,239.40792846679688,-213.3693389892578,825.02001953125,-99.73307037353516,107.15481567382812,239.7904510498047,-145.81405639648438,-177.5388641357422,971.8475952148438,-127.61882019042967,-148.98080444335938,481.3767395019531,-184.53265380859372,-245.4104461669922,844.57861328125
104.37208557128906,-265.4773864746094,132.7266845703125,151.88076782226562,-236.746337890625,987.5409545898438,126.93789672851562,-299.4951477050781,499.3294982910156,241.2527313232422,-218.5939178466797,826.9468383789062,-100.12942504882812,98.60009002685548,244.9355316162109,-145.07334899902344,-176.95118713378906,972.4014282226562,-129.0520782470703,-158.25567626953125,481.843994140625,-184.9534912109375,-241.7862243652344,845.0259399414062
104.23104858398438,-255.9194183349609,132.55267333984375,152.6046905517578,-236.5339508056641,988.71142578125,127.61465454101562,-293.6976013183594,498.7452697753906,243.13327026367188,-223.9138336181641,828.980224609375,-100.51068115234376,89.54960632324219,249.6198883056641,-144.34298706054688,-176.25857543945312,973.0847778320312,-130.4091796875,-167.48416137695312,482.7857360839844,-185.41165161132807,-238.2229156494141,845.60888671875
104.09137725830078,-246.3121490478516,132.39321899414062,153.35214233398438,-236.06576538085935,989.794921875,128.283935546875,-287.5899963378906,498.1462707519531,245.0311279296875,-229.31411743164065,831.1209106445312,-100.88905334472656,80.08836364746094,253.74920654296875,-143.6244354248047,-175.4889678955078,973.9064331054688,-131.67515563964844,-176.64315795898438,484.20123291015625,-185.90072631835935,-234.72802734375,846.3134765625
103.95964813232422,-236.66818237304688,132.24948120117188,154.12464904785156,-235.3463287353516,990.7911987304688,128.9486541748047,-281.2255554199219,497.5504760742188,246.92752075195312,-234.7794647216797,833.3698120117188,-101.28095245361328,70.27327728271484,257.2278137207031,-142.9194793701172,-174.66905212402344,974.8712158203124,-132.8389129638672,-185.70361328125,486.07037353515625,-186.4135589599609,-231.3076934814453,847.1245727539062
103.8399429321289,-226.997314453125,132.12327575683594,154.92242431640625,-234.3824920654297,991.7003784179688,129.5992431640625,-274.6454772949219,496.9724731445313,248.80352783203125,-240.2942352294922,835.72802734375,-101.7048568725586,60.132415771484375,259.9638977050781,-142.23023986816406,-173.8229522705078,975.9794311523438,-133.8914031982422,-194.6296844482422,488.3555908203125,-186.9421844482422,-227.9667053222656,848.0263671875
103.73389434814452,-217.30665588378903,132.01669311523438,155.74420166015625,-233.18348693847656,992.52294921875,130.21604919433594,-267.87799072265625,496.4230346679688,250.64041137695312,-245.842529296875,838.1961059570312,-102.17965698242188,49.667999267578125,261.8765869140625,-141.55934143066406,-172.9712371826172,977.2262573242188,-134.8235321044922,-203.3795166015625,491.00494384765625,-187.4778289794922,-224.7087860107422,849.0021362304688
103.64102172851562,-207.60104370117188,131.9315643310547,156.5870361328125,-231.7610015869141,993.2589111328124,130.77467346191406,-260.9387512207031,495.9093322753906,252.41986083984372,-251.40823364257807,840.7734985351562,-102.72350311279295,38.86190032958984,262.9028625488281,-140.90989685058594,-172.13018798828125,978.6015014648438,-135.62423706054688,-211.90768432617188,493.9557495117188,-188.01107788085935,-221.5366668701172,850.0345458984375
103.55907440185548,-197.8837127685547,131.86898803710938,157.44627380371094,-230.1290435791016,993.9077758789062,131.25262451171875,-253.83245849609372,495.4354553222656,254.1243133544922,-256.9750671386719,843.4584350585938,-103.353271484375,27.68234634399414,263.0033874511719,-140.28550720214844,-171.31158447265625,980.0897216796876,-136.27877807617188,-220.16802978515625,497.1384582519531,-188.531982421875,-218.45230102539065,851.10546875
103.48445892333984,-188.1570587158203,131.82908630371094,158.3155517578125,-228.3037872314453,994.468505859375,131.63526916503906,-246.5559234619141,495.0027770996094,255.73715209960935,-262.526611328125,846.2471313476562,-104.0842056274414,16.090694427490234,262.1658935546875,-139.6902313232422,-170.52261352539062,981.6708374023438,-136.76783752441406,-228.11666870117188,500.480712890625,-189.0303497314453,-215.45703125,852.1965942382812
103.41283416748048,-178.4230499267578,131.8109893798828,159.1869354248047,-226.30300903320312,994.9396362304688,131.9187774658203,-239.1021423339844,494.6107482910156,257.2430114746094,-268.0462951660156,849.1337890625,-104.92955017089844,4.047626495361328,260.4061584472656,-139.12843322753906,-169.7662811279297,983.3203735351562,-137.06761169433594,-235.714111328125,503.91162109375,-189.49603271484372,-212.55172729492188,853.2891845703125
103.33966827392578,-168.6833953857422,131.81300354003906,160.05108642578125,-224.14561462402344,995.3192138671876,132.10960388183594,-231.4648284912109,494.2571716308594,258.6279296875,-273.517578125,852.1101684570312,-105.89998626708984,-8.481780052185059,257.7667236328125,-138.60459899902344,-169.04190063476562,985.0109252929688,-137.1510772705078,-242.9261779785156,507.3651123046875,-189.91925048828125,-209.73699951171875,854.3646240234375
103.26063537597656,-158.9395751953125,131.83287048339844,160.89776611328125,-221.85128784179688,995.6051635742188,132.22120666503906,-223.642578125,493.9383850097656,259.8796081542969,-278.92388916015625,855.1655883789062,-107.00276184082033,-21.524396896362305,254.31375122070312,-138.1232452392578,-168.3458709716797,986.7127075195312,-136.9906463623047,-249.72344970703125,510.78228759765625,-190.2909698486328,-207.0132293701172,855.4044189453125
103.1717758178711,-149.19281005859375,131.86782836914062,161.71629333496094,-219.4400634765625,995.7953491210938,132.26983642578125,-215.64190673828125,493.6493225097656,260.9873962402344,-284.24871826171875,858.2866821289062,-108.24063110351562,-35.096824645996094,250.13296508789065,-137.68861389160156,-167.6724853515625,988.39501953125,-136.5619659423828,-256.08056640625,514.1121826171875,-190.6032257080078,-204.3807678222656,856.3909301757812
103.06954956054688,-139.4440155029297,131.91500854492188,162.49607849121094,-216.9322509765625,995.8876342773438,132.2705078125,-207.47882080078125,493.3835754394531,261.9425964355469,-289.4757385253906,861.4575805664062,-109.610595703125,-49.20424270629883,245.3247528076172,-137.30455017089844,-167.01487731933594,990.0269775390624,-135.8484344482422,-261.9756164550781,517.310791015625,-190.8494415283203,-201.83995056152344,857.3070068359375
102.9507827758789,-129.6939239501953,131.9715118408203,163.22711181640625,-214.3482208251953,995.8800659179688,132.2344512939453,-199.17922973632807,493.1336364746094,262.7383117675781,-294.5888671875,864.66015625,-111.1024932861328,-63.83987808227539,239.99940490722656,-136.97427368164062,-166.3657684326172,991.5787963867188,-134.84568786621094,-267.3902282714844,520.3394165039062,-191.0247344970703,-199.3912353515625,858.1370239257812
102.81268310546876,-119.94310760498048,132.03460693359375,163.90045166015625,-211.7082672119141,995.7710571289062,132.16806030273438,-190.77767944335935,492.8913269042969,263.3695983886719,-299.5722351074219,867.8739013671875,-112.69718933105467,-78.9845199584961,234.27243041992188,-136.7001190185547,-165.71827697753906,993.0225219726562,-133.56466674804688,-272.3093566894531,523.1627807617188,-191.12608337402344,-197.03515625,858.8662719726562
102.65294647216795,-110.192138671875,132.10177612304688,164.5086212158203,-209.03265380859372,995.5593872070312,132.0731658935547,-182.3146209716797,492.6482238769531,263.83349609375,-304.410400390625,871.0763549804688,-114.36483764648438,-94.60617065429688,228.2605438232422,-136.4834747314453,-165.0663604736328,994.3325805664062,-132.0327911376953,-276.7212219238281,525.74853515625,-191.1524810791016,-194.77243041992188,859.4819946289062
102.46990966796876,-100.44161224365234,132.17074584960938,165.04586791992188,-206.3415985107422,995.2440795898438,131.94822692871094,-173.83294677734375,492.3965148925781,264.1288146972656,-309.08819580078125,874.2435302734375,-116.0637435913086,-110.66001892089844,222.0782623291016,-136.32456970214844,-164.4052734375,995.4864501953124,-130.293212890625,-280.6168518066406,528.0670776367188,-191.10494995117188,-192.6038818359375,859.9728393554688
102.26283264160156,-90.69213104248048,132.23956298828125,165.50833129882812,-203.6552276611328,994.8245849609376,131.79019165039062,-165.37454223632812,492.1295166015625,264.2563171386719,-313.5908508300781,877.3499755859375,-117.74024200439452,-127.0890884399414,215.8349151611328,-136.2224578857422,-163.73190307617188,996.4649658203124,-128.4023895263672,-283.9900817871094,530.0922241210938,-190.98655700683597,-190.53048706054688,860.3292236328125
102.03205871582033,-80.94429779052734,132.30662536621094,165.8940887451172,-200.9935760498047,994.3005981445312,131.5962677001953,-156.97744750976562,491.8422546386719,264.218505859375,-317.9040222167969,880.3695678710938,-119.3303451538086,-143.8257293701172,209.63238525390625,-136.17510986328125,-163.04498291015625,997.252685546875,-126.42644500732422,-286.8374938964844,531.8013305664062,-190.8022308349609,-188.55340576171875,860.54345703125
101.77931213378906,-71.19881439208984,132.37088012695312,166.2030792236328,-198.3765106201172,993.6722412109376,131.3656005859375,-148.6739501953125,491.5319213867188,264.01953125,-322.0138244628906,883.275634765625,-120.7633819580078,-160.7943878173828,203.56341552734372,-136.1795654296875,-162.34527587890625,997.8377075195312,-124.43658447265624,-289.15838623046875,533.1759033203125,-190.55859375,-186.67384338378903,860.6095581054688
101.50788879394533,-61.45669174194336,132.431884765625,166.43692016601562,-195.8236846923828,992.9398193359376,131.1001739501953,-140.4899444580078,491.1979370117188,263.6650390625,-325.9069519042969,886.041259765625,-121.96761322021484,-177.91590881347656,197.7104339599609,-136.2321319580078,-161.6356201171875,998.2119750976562,-122.50411224365234,-290.95489501953125,534.2013549804688,-190.26370239257807,-184.8931427001953,860.523193359375
101.22273254394533,-51.71942138671875,132.49000549316406,166.59872436523438,-193.35455322265625,992.1038818359376,130.80540466308594,-132.44540405273438,490.8419799804688,263.16192626953125,-329.5707397460937,888.639892578125,-122.87701416015624,-195.11212158203125,192.1447906494141,-136.32870483398438,-160.9208221435547,998.3712158203124,-120.69524383544922,-292.2319641113281,534.8674926757812,-189.92681884765625,-183.21273803710935,860.2817993164062
100.93018341064452,-41.989288330078125,132.54656982421875,166.69271850585938,-190.9883270263672,991.1655883789062,130.48985290527344,-124.55646514892578,490.4673461914063,262.5182189941406,-332.9931945800781,891.0455932617188,-123.43732452392578,-212.30807495117188,186.92648315429688,-136.4651336669922,-160.20765686035156,998.31494140625,-119.06614685058594,-292.9977111816406,535.1682739257812,-189.55807495117188,-181.63412475585935,859.88427734375
100.63761901855467,-32.269779205322266,132.6041259765625,166.72386169433594,-188.74386596679688,990.12646484375,130.16477966308594,-116.83805847167967,490.0781555175781,261.74285888671875,-336.1631164550781,893.2332153320312,-123.61028289794922,-229.43118286132807,182.104248046875,-136.6375274658203,-159.504638671875,998.0460815429688,-117.65859985351562,-293.26397705078125,535.101806640625,-189.16819763183597,-180.1588287353516,859.3311767578125
100.35299682617188,-22.566390991210938,132.66659545898438,166.69741821289062,-186.63937377929688,988.9888916015624,129.8432159423828,-109.30598449707033,489.6782836914063,260.8453674316406,-339.0699462890625,895.1791381835938,-123.375244140625,-246.4079132080078,177.7156982421875,-136.8424835205078,-158.8219451904297,997.5711669921876,-116.49686431884766,-293.0473327636719,534.6707153320312,-188.76828002929688,-178.78848266601562,858.62451171875
100.08460998535156,-12.887214660644531,132.739501953125,166.6186065673828,-184.6920623779297,987.756103515625,129.538818359375,-101.97846221923828,489.2706298828125,259.8358764648437,-341.70391845703125,896.861328125,-122.72825622558594,-263.1593322753906,173.78741455078125,-137.07723999023438,-158.17132568359375,996.89990234375,-115.5860366821289,-292.3705444335937,533.8816528320312,-188.36949157714844,-177.52474975585938,857.7678833007812
99.84073638916016,-3.2428886890411377,132.8301544189453,166.49232482910156,-182.9176483154297,986.4326782226562,129.26451110839844,-94.877197265625,488.8565368652344,258.724853515625,-344.055908203125,898.2595825195312,-121.67984771728516,-279.5968322753906,170.33486938476562,-137.33973693847656,-157.5660400390625,996.044921875,-114.91214752197266,-291.2649230957031,532.7459716796875,-187.9828948974609,-176.36935424804688,856.7662353515625
99.6291046142578,6.353994369506836,132.94741821289062,166.32298278808594,-181.32981872558597,985.0244750976562,129.03118896484375,-88.02766418457031,488.435302734375,257.5229797363281,-346.11749267578125,899.356201171875,-120.2522430419922,-295.6190185546875,167.36221313476562,-137.6285858154297,-157.0207977294922,995.0215454101562,-114.4438934326172,-289.7722473144531,531.2799682617188,-187.6192779541016,-175.32408142089844,855.6263427734375
99.45610809326172,15.889644622802734,133.1014404296875,166.1145782470703,-179.93992614746094,983.5387573242188,128.84658813476562,-81.45846557617188,488.0041809082031,256.2410888671875,-347.880859375,900.1360473632812,-118.47657775878906,-311.11102294921875,164.86178588867188,-137.94287109375,-156.55172729492188,993.8474731445312,-114.13573455810548,-287.9467468261719,529.5064697265625,-187.2889709472656,-174.39083862304688,854.3563232421875
99.32601165771484,25.3497371673584,133.3033447265625,165.87074279785156,-178.75682067871094,981.9844970703124,128.7145538330078,-75.20004272460938,487.5587158203125,254.89007568359372,-349.33868408203125,900.5869140625,-116.39036560058594,-325.9452819824219,162.81365966796875,-138.28192138671875,-156.1762237548828,992.542724609375,-113.93196868896484,-285.85614013671875,527.4566040039062,-187.0016632080078,-173.57156372070312,852.96630859375
99.24042510986328,34.719966888427734,133.5650634765625,165.5948944091797,-177.78677368164062,980.3721923828124,128.634521484375,-69.28298950195312,487.0932922363281,253.4808654785156,-350.484130859375,900.6998901367188,-114.03519439697266,-339.9847106933594,161.18556213378906,-138.6450653076172,-155.91270446777344,991.1292114257812,-113.7716064453125,-283.5815734863281,525.1714477539062,-186.766357421875,-172.8683624267578,851.4678344726562
99.19790649414062,43.98655700683594,133.89956665039062,165.29034423828125,-177.03378295898438,978.7140502929688,128.6011505126953,-63.73618698120117,486.6016845703125,252.0244140625,-351.3106994628906,900.4693603515625,-111.45462036132812,-353.0870666503906,159.93353271484375,-139.0313262939453,-155.78025817871094,989.6304931640624,-113.59374237060548,-281.216064453125,522.7030029296875,-186.59120178222656,-172.28346252441406,849.8743896484375
99.19390869140624,53.13663101196289,134.32090759277344,164.96047973632812,-176.49978637695312,977.0237426757812,128.60440063476562,-58.58528137207031,486.0780944824219,250.53163146972656,-351.8123474121094,899.8936157226562,-108.69219207763672,-365.1113586425781,159.00355529785156,-139.4391632080078,-155.79812622070312,988.0716552734376,-113.343017578125,-278.86114501953125,520.11328125,-186.4833984375,-171.81924438476562,848.2011108398438
99.2209930419922,62.15839385986328,134.84445190429688,164.6087188720703,-176.18495178222656,975.31640625,128.62966918945312,-53.85161209106445,485.5178833007813,249.01345825195312,-351.9833374023437,898.974609375,-105.78955078125,-375.9246826171875,158.3343963623047,-139.8663330078125,-155.9850616455078,986.47900390625,-112.97432708740234,-276.6219482421875,517.4712524414062,-186.44906616210935,-171.478271484375,846.4649047851562
99.26937103271484,71.04110717773438,135.4866943359375,164.2386932373047,-176.08804321289062,973.6080932617188,128.65841674804688,-49.552001953125,484.9183349609375,247.48085021972656,-351.8182373046875,897.7183837890625,-102.78500366210938,-385.4096374511719,157.86138916015625,-140.30978393554688,-156.358642578125,984.8797607421876,-112.4562759399414,-274.60064697265625,514.848876953125,-186.49322509765625,-171.2633056640625,844.6840209960938
99.3276824951172,79.77476501464844,136.2648162841797,163.85398864746094,-176.20663452148438,971.916015625,128.66929626464844,-45.6994743347168,484.2793273925781,245.9447784423828,-351.3119812011719,896.135009765625,-99.71306610107422,-393.47174072265625,157.52061462402344,-140.76576232910156,-156.934326171875,983.3018798828124,-111.77276611328124,-272.88934326171875,512.3159790039062,-186.61965942382807,-171.17730712890625,842.8783569335938
99.38410186767578,88.3494873046875,137.19619750976562,163.45809936523438,-176.537353515625,970.2578125,128.6400146484375,-42.30488967895508,483.6033020019531,244.41616821289065,-350.4598999023437,894.2384643554688,-96.60511779785156,-400.0457763671875,157.25318908691406,-141.22996520996094,-157.72467041015625,981.773681640625,-110.92279052734376,-271.5635070800781,509.9353942871094,-186.83087158203125,-171.22344970703125,841.0689086914062
99.4274673461914,96.754638671875,138.2975616455078,163.0541229248047,-177.07598876953125,968.6513671875,128.54957580566406,-39.37907791137695,482.8951721191406,242.9059600830078,-349.25787353515625,892.0468139648438,-93.49089050292967,-405.1011962890625,157.00892639160156,-141.69781494140625,-158.73834228515625,980.32373046875,-109.91886138916016,-270.67694091796875,507.759765625,-187.1280975341797,-171.40513610839844,839.277587890625
99.4485321044922,104.97763061523438,139.58465576171875,162.64453125,-177.81752014160156,967.1145629882812,128.3804931640625,-36.93497848510742,482.1614685058594,241.42495727539065,-347.702392578125,889.5819091796875,-90.40048217773438,-408.64556884765625,156.74887084960938,-142.1648406982422,-159.97923278808594,978.980224609375,-108.78472900390624,-270.259765625,505.8295593261719,-187.5112152099609,-171.7259063720703,837.5270385742188
99.44127655029295,113.00252532958984,141.07273864746094,162.23086547851562,-178.7560272216797,965.6647338867188,128.12088012695312,-34.989261627197266,481.4093933105469,239.98377990722656,-345.790771484375,886.8693237304688,-87.36632537841797,-410.725341796875,156.44610595703125,-142.62701416015625,-161.44566345214844,977.7705688476562,-107.55300903320312,-270.3187561035156,504.1728210449219,-187.97889709472656,-172.18955993652344,835.84033203125
99.40416717529295,120.80858612060548,142.7772674560547,161.8135986328125,-179.88426208496094,964.3184814453124,127.76637268066406,-33.56349182128906,480.6458129882813,238.5927276611328,-343.5213928222656,883.9378662109375,-84.42509460449219,-411.4228820800781,156.08534240722656,-143.08111572265625,-163.1298370361328,976.7208251953124,-106.26287078857422,-270.84002685546875,502.8064575195313,-188.5285186767578,-172.7999725341797,834.2403564453125
99.34091186523438,128.36886596679688,144.7142791748047,161.3920440673828,-181.19317626953125,963.09130859375,127.322265625,-32.684783935546875,479.8768005371094,237.2616729736328,-340.8938903808594,880.8192749023438,-81.61845397949219,-410.8505554199219,155.66134643554688,-143.5249786376953,-165.01759338378906,975.8551025390624,-104.95772552490234,-271.7929077148437,501.7384338378906,-189.1563720703125,-173.5611572265625,832.7498779296875
99.26089477539062,135.64891052246094,146.90042114257812,160.96449279785156,-182.6713409423828,961.9968872070312,126.80511474609376,-32.385780334472656,479.1073303222656,235.9999084472656,-337.9095458984375,877.5479125976562,-78.99189758300781,-409.1423645019531,155.1761474609375,-143.95758056640625,-167.08848571777344,975.194580078125,-103.68321990966795,-273.1339416503906,500.9707336425781,-189.8576812744141,-174.47715759277344,831.390869140625
99.17931365966795,142.60572814941406,149.35281372070312,160.52833557128906,-184.3043670654297,961.0470581054688,126.24366760253906,-32.70380401611328,478.3412170410156,234.81594848632807,-334.5714111328125,874.1600952148438,-76.59247589111328,-406.4440002441406,154.63580322265625,-144.3791046142578,-169.3163604736328,974.7567749023438,-102.48562622070312,-274.81060791015625,500.5011596679688,-190.6267852783203,-175.5519256591797,830.184326171875
99.1168441772461,149.187255859375,152.0884552001953,160.08053588867188,-186.074462890625,960.2510375976562,125.67864990234376,-33.679046630859375,477.5809326171875,233.71743774414065,-330.8847045898437,870.693359375,-74.46591186523438,-402.9017639160156,154.04808044433594,-144.79078674316406,-171.67027282714844,974.5549926757812,-101.41099548339844,-276.7630615234375,500.3238830566406,-191.4572906494141,-176.789306640625,829.1498413085938
99.0987548828125,155.33255004882812,155.1234893798828,159.61798095703125,-187.96011352539065,959.615478515625,125.1612548828125,-35.35196685791016,476.8275146484375,232.71099853515625,-326.8572082519531,867.186279296875,-72.65287780761719,-398.6523132324219,153.42108154296875,-145.19479370117188,-174.11573791503906,974.59716796875,-100.50454711914062,-278.92486572265625,500.4276123046875,-192.3422088623047,-178.19284057617188,828.3052368164062
99.15370178222656,160.9723358154297,158.47219848632812,159.1379852294922,-189.93592834472656,959.143798828125,124.75018310546876,-37.76002883911133,476.0798645019531,231.8021697998047,-322.4992370605469,863.67724609375,-71.18424224853516,-393.8146057128906,152.7624053955078,-145.593994140625,-176.6162109375,974.885498046875,-99.80976104736328,-281.22198486328125,500.792724609375,-193.27407836914065,-179.76564025878906,827.6663208007812
99.31210327148438,166.0301055908203,162.14601135253906,158.63865661621094,-191.9728240966797,958.8363647460938,124.5074234008789,-40.93411636352539,475.3343811035156,230.9952850341797,-317.8240966796875,860.2042846679688,-70.07611083984375,-388.4852600097656,152.0791015625,-145.99168395996094,-179.1345977783203,975.4160766601562,-99.36627197265624,-283.57110595703125,501.3877868652344,-194.2451629638672,-181.51026916503903,827.2462768554688
99.60421752929688,170.42352294921875,166.15220642089844,158.11912536621094,-194.0384063720703,958.6904296875,124.492919921875,-44.895015716552734,474.5848083496094,230.2935028076172,-312.84814453125,856.8040161132812,-69.32638549804688,-382.73779296875,151.3782958984375,-146.3914031982422,-181.63461303710935,976.1788330078124,-99.20641326904295,-285.87799072265625,502.1675720214844,-195.24755859375,-183.4285888671875,827.0557861328125
100.05792999267578,174.0666046142578,170.49258422851562,157.57958984375,-196.0979461669922,958.7001953125,124.7587890625,-49.65038299560547,473.8224182128906,229.69879150390625,-307.5907592773437,853.5111694335938,-68.91383361816406,-376.62408447265625,150.66795349121094,-146.79672241210938,-184.0819396972656,977.1575317382812,-99.35086822509766,-288.0370178222656,503.0736999511719,-196.27322387695312,-185.52151489257807,827.102294921875
100.6963119506836,176.87220764160156,175.16195678710938,157.02137756347656,-198.11557006835935,958.857421875,125.34361267089844,-55.19257736206055,473.03759765625,229.2120361328125,-302.0743713378906,850.35791015625,-68.80030059814453,-370.1772155761719,149.95718383789062,-147.21107482910156,-186.4449157714844,978.3305053710938,-99.80437469482422,-289.9327697753906,504.0386352539063,-197.3141326904297,-187.7889862060547,827.3900756835938
101.5354232788086,178.75531005859375,180.1464691162109,156.44668579101562,-200.05563354492188,959.152099609375,126.2679214477539,-61.49794769287109,472.2219848632813,228.83306884765625,-296.32421875,847.37353515625,-68.93529510498047,-363.4150390625,149.2560577392578,-147.6376495361328,-188.69505310058597,979.671630859375,-100.5528793334961,-291.4439392089844,504.9925231933594,-198.36219787597656,-190.2296905517578,827.920166015625
102.58251953125,179.6368865966797,185.4220428466797,155.8584442138672,-201.88429260253903,959.5733642578124,127.53194427490234,-68.52767944335938,471.37158203125,228.56082153320312,-290.3681030273437,844.5836791992188,-69.26178741455078,-356.34429931640625,148.57498168945312,-148.07925415039062,-190.80697631835935,981.1512451171876,-101.56324005126952,-292.4495544433594,505.8708801269531,-199.40936279296875,-192.84092712402344,828.6900634765625
103.83505249023438,179.44839477539062,190.95286560058597,155.2601318359375,-203.57077026367188,960.1104125976562,129.1157684326172,-76.22988891601562,470.4898986816406,228.3934631347656,-284.2359619140625,842.0103759765625,-69.72188568115234,-348.9652404785156,147.924072265625,-148.53823852539062,-192.7582855224609,982.7378540039062,-102.78578186035156,-292.8362731933594,506.6213073730469,-200.4475250244141,-195.6185607910156,829.6939697265625
105.2804183959961,178.13682556152344,196.69085693359372,154.65541076660156,-205.0888671875,960.7536010742188,130.98190307617188,-84.5425033569336,469.5905456542969,228.32843017578125,-277.95947265625,839.6716918945312,-70.26146697998047,-341.27587890625,147.3125457763672,-149.01646423339844,-194.52915954589844,984.3991088867188,-104.15925598144533,-292.5060119628906,507.2083129882813,-201.46856689453125,-198.5568389892578,830.9229736328125
106.89675903320312,175.6700897216797,202.57632446289065,154.04763793945312,-206.4182891845703,961.4945068359376,133.079345703125,-93.39656066894533,468.6986389160156,228.3626251220703,-271.5712585449219,837.5816650390625,-70.8334732055664,-333.2758178710937,146.7481231689453,-149.51512145996094,-196.10202026367188,986.103515625,-105.61724853515624,-291.3826904296875,507.6148986816406,-202.4643096923828,-201.64840698242188,832.3653564453125
108.65470886230467,172.04164123535156,208.5401611328125,153.43951416015625,-207.5457305908203,962.3264770507812,135.34811401367188,-102.71932983398438,467.850830078125,228.49252319335935,-265.1044921875,835.750244140625,-71.40009307861328,-324.9695129394531,146.23663330078125,-150.03477478027344,-197.4611968994141,987.8216552734376,-107.0951690673828,-289.41729736328125,507.8419799804688,-203.426513671875,-204.88430786132807,834.0069580078125
110.5199966430664,167.27401733398438,214.50733947753903,152.83279418945312,-208.4654083251953,963.2449340820312,137.72372436523438,-112.43710327148438,467.0937194824219,228.7141265869141,-258.5921936035156,834.18359375,-71.9338150024414,-316.3685607910156,145.7815704345703,-150.57533264160156,-198.59262084960935,989.52685546875,-108.53678894042967,-286.5909729003906,507.90521240234375,-204.34698486328125,-208.25408935546875,835.8314819335938
112.45648956298828,161.42001342773438,220.40103149414065,152.22836303710938,-209.17889404296875,964.2470703125,140.1414337158203,-122.47740173339844,466.4813537597656,229.02310180664065,-252.06668090820312,832.8839721679688,-72.41749572753906,-307.49334716796875,145.38404846191406,-151.13600158691406,-199.48382568359372,991.1959228515624,-109.8992919921875,-282.916259765625,507.8302001953125,-205.2175750732422,-211.745849609375,837.8211669921875
114.42947387695312,154.5609588623047,226.1459197998047,151.626220703125,-209.69436645507807,965.33203125,142.53981018066406,-132.7706298828125,466.0719909667969,229.4146423339844,-245.5590057373047,831.8499755859375,-72.84326934814453,-298.3726501464844,145.04290771484375,-151.71539306640625,-200.12391662597656,992.8095092773438,-111.1561050415039,-278.4365539550781,507.64752197265625,-206.03028869628903,-215.3465118408203,839.957275390625
116.40869903564452,146.80108642578125,231.66973876953125,151.02566528320312,-210.0255889892578,966.5004272460938,144.86376953125,-143.25088500976562,465.9242248535156,229.8834686279297,-239.0986785888672,831.0767211914062,-73.21063995361328,-289.0419311523437,144.7550811767578,-152.3115997314453,-200.5038146972656,994.3522338867188,-112.29696655273438,-273.2233581542969,507.3875732421875,-206.7774200439453,-219.0419769287109,842.2203979492188
118.37052917480467,138.25875854492188,236.902587890625,150.42544555664062,-210.1905517578125,967.7537231445312,147.06674194335938,-153.85597229003906,466.0930480957031,230.4237060546875,-232.7132110595703,830.5559692382812,-73.52420043945312,-279.54052734375,144.5163116455078,-152.92225646972656,-200.6165771484375,995.8119506835938,-113.32534790039062,-267.3719177246094,507.0773010253906,-207.4516143798828,-222.81735229492188,844.5908813476562
120.29886627197266,129.05589294433594,241.7747802734375,149.8240966796875,-210.2099456787109,969.0935668945312,149.11187744140625,-164.52626037597656,466.6260986328125,231.02882385253903,-226.42791748046875,830.2765502929688,-73.79127502441406,-269.9084777832031,144.32177734375,-153.54458618164062,-200.4577789306641,997.1799926757812,-114.2537612915039,-260.99468994140625,506.7380981445313,-208.0460357666016,-226.65716552734372,847.0494995117188
122.18449401855467,119.3069305419922,246.2147521972656,149.2200927734375,-210.1057281494141,970.5208129882812,150.97225952148438,-175.20301818847656,467.5599060058594,231.6915740966797,-220.26583862304688,830.22412109375,-74.01980590820312,-260.1838073730469,144.16673278808594,-154.1754608154297,-200.02615356445312,998.4501342773438,-115.09817504882812,-254.2138214111328,506.3857421875,-208.55441284179688,-230.5456695556641,849.5775146484375
124.0233154296875,109.10948944091795,250.1485290527344,148.61221313476562,-209.89959716796875,972.0344848632812,152.6300048828125,-185.82662963867188,468.9171142578125,232.40382385253903,-214.2476348876953,830.3818969726562,-74.21678924560547,-250.4003448486328,144.04693603515625,-154.811279296875,-199.32395935058597,999.6185302734376,-115.87248992919922,-247.1524200439453,506.0316162109375,-208.9711151123047,-234.46694946289065,852.1569213867188
125.81419372558594,98.5380401611328,253.50091552734372,147.99990844726562,-209.6118011474609,973.631103515625,154.07437133789062,-196.33547973632807,470.7043762207031,233.1566467285156,-208.3915863037109,830.7307739257812,-74.38732147216797,-240.5862579345703,143.95880126953125,-155.4479522705078,-198.3575439453125,1000.682861328125,-116.5844497680664,-239.9259033203125,505.6844482421875,-209.29119873046875,-238.4052276611328,854.770751953125
127.55729675292967,87.6417007446289,256.198486328125,147.38348388671875,-209.2600860595703,975.3037109375,155.2995147705078,-206.6663055419922,472.911376953125,233.94032287597656,-202.71372985839844,831.2493286132812,-74.5344009399414,-230.7630615234375,143.8993682861328,-156.0807647705078,-197.13754272460935,1001.64208984375,-117.23365020751952,-232.63333129882807,505.3522338867188,-209.510498046875,-242.34495544433597,857.403076171875
129.25318908691406,76.44558715820312,258.1732177734375,146.76449584960938,-208.85911560058597,977.0416259765624,156.3020477294922,-216.75570678710935,475.5107116699219,234.7444000244141,-197.22792053222656,831.91455078125,-74.65921783447266,-220.94552612304688,143.8661346435547,-156.70425415039062,-195.678955078125,1002.4962768554688,-117.81201171875,-225.35015869140625,505.0431823730469,-209.62548828125,-246.2709808349609,860.0390625
130.90261840820312,64.95482635498047,259.3658142089844,146.14585876464844,-208.42015075683597,978.830078125,157.0792694091797,-226.5430450439453,478.4591064453125,235.55783081054688,-191.94595336914065,832.701904296875,-74.76191711425781,-211.1424560546875,143.85687255859375,-157.31211853027344,-194.00094604492188,1003.245849609375,-118.30638885498048,-218.12335205078125,504.7665100097656,-209.6334381103516,-250.1686553955078,862.6648559570312
132.50660705566406,53.15982437133789,259.7287292480469,145.5319061279297,-207.95095825195312,980.650634765625,157.62786865234375,-235.97329711914065,481.7000427246094,236.3691864013672,-186.877685546875,833.585693359375,-74.84254455566406,-201.35797119140625,143.86932373046875,-157.89712524414062,-192.1264190673828,1003.8919067382812,-118.70259857177734,-210.9705352783203,504.5321044921875,-209.5322723388672,-254.0239715576172,865.2676391601562
134.06668090820312,41.04108810424805,259.2279968261719,144.92837524414062,-207.45594787597656,982.481201171875,157.94369506835938,-244.99920654296875,485.1670227050781,237.16688537597656,-182.03114318847656,834.5396118164062,-74.90196228027344,-191.59300231933597,143.9010772705078,-158.4512481689453,-190.0814666748047,1004.4356689453124,-118.9897689819336,-203.8831024169922,504.35003662109375,-209.3206024169922,-257.82354736328125,867.8352661132812
135.5850067138672,28.572729110717773,257.8450012207031,144.34230041503906,-206.9366455078125,984.2974853515624,158.02200317382812,-253.5821533203125,488.7881774902344,237.93939208984372,-177.4126739501953,835.5371704101562,-74.94243621826172,-181.8468017578125,143.94943237304688,-158.96572875976562,-187.89463806152344,1004.878662109375,-119.1640853881836,-196.83302307128903,504.2293090820313,-208.99771118164065,-261.5547790527344,870.356201171875
137.06446838378906,15.724834442138672,255.57801818847656,143.7817840576172,-206.3922271728516,986.0732421875,157.8585662841797,-261.69171142578125,492.4902038574219,238.67556762695312,-173.02708435058594,836.5518798828125,-74.96772003173828,-172.11793518066406,144.0113983154297,-159.4315185546875,-185.5960998535156,1005.22265625,-119.23078918457033,-189.7817840576172,504.1759338378906,-208.56349182128903,-265.20587158203125,872.8193359375
138.50836181640625,2.4650702476501465,252.4438323974609,143.2557373046875,-205.8201904296875,987.7817993164062,157.450927734375,-269.3041381835937,496.2023315429688,239.3648681640625,-168.87765502929688,837.5578002929688,-74.9826889038086,-162.4048614501953,144.08392333984375,-159.8395538330078,-183.2165985107422,1005.46923828125,-119.20379638671876,-182.69000244140625,504.19146728515625,-208.01852416992188,-268.765869140625,875.2137451171875
139.91958618164062,-11.240473747253418,248.47872924804688,142.7734832763672,-205.2170867919922,989.3966674804688,156.80006408691406,-276.400634765625,499.85888671875,239.9976348876953,-164.9663543701172,838.5302124023438,-74.9925537109375,-152.70603942871094,144.16407775878906,-160.1812286376953,-180.7865295410156,1005.6203002929688,-119.10319519042967,-175.52569580078125,504.2721862792969,-207.3639373779297,-272.2246398925781,877.5286254882812
141.2992706298828,-25.42671775817871,243.73880004882807,142.34426879882812,-204.57928466796875,990.8927001953124,155.9119415283203,-282.9654541015625,503.40087890625,240.5653839111328,-161.2938995361328,839.4454956054688,-75.00191497802734,-143.0196990966797,144.2494354248047,-160.44873046875,-178.3351287841797,1005.6774291992188,-118.951416015625,-168.26995849609375,504.4094848632813,-206.6015625,-275.57281494140625,879.7529296875
142.64544677734375,-40.12833023071289,238.2994842529297,141.97677612304688,-203.9035186767578,992.2462768554688,154.79925537109375,-288.9848327636719,506.7767333984375,241.06085205078125,-157.85984802246094,840.281982421875,-75.0139389038086,-133.3440399169922,144.33822631835938,-160.635498046875,-175.88970947265625,1005.64208984375,-118.7694320678711,-160.91966247558594,504.5909729003906,-205.73390197753903,-278.8017578125,881.8753662109375
143.9521026611328,-55.37728500366211,232.2544860839844,141.67857360839844,-203.1875,993.4364624023438,153.48268127441406,-294.4465637207031,509.9420776367188,241.47837829589844,-154.66281127929688,841.0199584960938,-75.02980041503906,-123.6774673461914,144.42945861816406,-160.73646545410156,-173.4752655029297,1005.5155029296876,-118.57376098632812,-153.4875946044922,504.8022155761719,-204.7642059326172,-281.90350341796875,883.88427734375
145.2088165283203,-71.19932556152344,225.71372985839844,141.45578002929688,-202.43035888671875,994.4447631835938,151.99166870117188,-299.3404846191406,512.8592529296875,241.81385803222656,-151.70045471191406,841.6422729492188,-75.04851531982422,-114.01885986328124,144.52291870117188,-160.74842834472656,-171.11424255371094,1005.2979125976562,-118.37493133544922,-146.00051879882812,505.028076171875,-203.69651794433597,-284.87060546875,885.7674560546875
146.4007568359375,-87.60993194580078,218.80064392089844,141.31275939941406,-201.63287353515625,995.2557983398438,150.36412048339844,-303.659423828125,515.4967041015625,242.06491088867188,-148.96975708007812,842.1341552734375,-75.0670394897461,-104.36776733398438,144.6190948486328,-160.670166015625,-168.826416015625,1004.9891357421876,-118.17729949951172,-138.4959716796875,505.2540283203125,-202.53570556640625,-287.6961364746094,887.5125122070312
147.50912475585938,-104.61028289794922,211.64849853515625,141.2518768310547,-200.79771423339844,995.8570556640624,148.64523315429688,-307.4006652832031,517.8282470703125,242.23095703125,-146.46702575683594,842.4835205078125,-75.08052062988281,-94.72433471679688,144.71917724609375,-160.50242614746094,-166.6288299560547,1004.587890625,-117.98004150390624,-131.01812744140625,505.4671936035156,-201.2875518798828,-290.3736877441406,889.1065063476562
148.51185607910156,-122.1835479736328,204.39630126953125,141.27352905273438,-199.92958068847656,996.2392578125,146.8850860595703,-310.567138671875,519.8329467773438,242.3131866455078,-144.1881561279297,842.68115234375,-75.08268737792969,-85.08920288085938,144.82481384277344,-160.24786376953125,-164.5358428955078,1004.0922241210938,-117.77883911132812,-123.61351776123048,505.6566467285156,-199.95872497558597,-292.8973999023437,890.5365600585938
149.38479614257812,-140.29214477539062,197.1841583251953,141.3761749267578,-199.03515625,996.3961791992188,145.13565063476562,-313.1688232421875,521.4944458007812,242.3145446777344,-142.1286163330078,842.720703125,-75.06626892089844,-75.46354675292969,144.93783569335938,-159.91067504882812,-162.5591583251953,1003.4996337890624,-117.56783294677734,-116.32706451416016,505.8134460449219,-198.5568389892578,-295.26190185546875,891.7896728515625
150.10317993164062,-158.8762664794922,190.1482086181641,141.55662536621094,-198.12310791015625,996.3248291015624,143.4473876953125,-315.22344970703125,522.8015747070312,242.23974609375,-140.2836456298828,842.5984497070312,-75.02356719970703,-65.84935760498047,145.0599365234375,-159.49636840820312,-160.70802307128906,1002.8074951171876,-117.3414077758789,-109.19882202148438,505.9302978515625,-197.09039306640625,-297.46246337890625,892.8532104492188
150.64352416992188,-177.85366821289062,183.41546630859372,141.8101806640625,-197.20404052734372,996.0255126953124,141.86573791503906,-316.7572021484375,523.7481689453125,242.09515380859372,-138.64830017089844,842.3134155273438,-74.94725799560547,-56.24982833862305,145.1925048828125,-159.0114288330078,-158.98931884765625,1002.0131225585938,-117.09557342529295,-102.2615203857422,506.0013732910156,-195.5688018798828,-299.494873046875,893.7150268554688
150.9849853515625,-197.1197662353516,177.0993194580078,142.13108825683594,-196.29034423828125,995.5018310546876,140.42811584472656,-317.8046264648437,524.3341064453125,241.8887634277344,-137.21754455566406,841.8671875,-74.83147430419922,-46.66944122314453,145.3367462158203,-158.4630584716797,-157.4079132080078,1001.1145629882812,-116.8287582397461,-95.53919982910156,506.0219421386719,-194.00228881835935,-301.3554077148437,894.3638305664062
151.1102752685547,-216.5480194091797,171.2955322265625,142.5128631591797,-195.39610290527344,994.760986328125,139.16139221191406,-318.40838623046875,524.5654296875,241.6300201416016,-135.9862823486328,841.263671875,-74.67277526855469,-37.113731384277344,145.4938507080078,-157.85903930664062,-155.96693420410156,1000.11083984375,-116.54188537597656,-89.04712677001953,505.9881591796875,-192.40187072753903,-303.040771484375,894.78955078125
151.00624084472656,-235.9907684326172,166.07882690429688,142.94866943359375,-194.53695678710935,993.8134765625,138.0801544189453,-318.6178283691406,524.4550170898438,241.32969665527344,-134.9493865966797,840.5091552734375,-74.47090148925781,-27.58909034729004,145.66531372070312,-157.20738220214844,-154.66806030273438,999.00244140625,-116.23786163330078,-82.79287719726562,505.8969421386719,-190.77926635742188,-304.5480041503906,894.9835815429688
150.664306640625,-255.2809600830078,161.50038146972656,143.43165588378906,-193.7300262451172,992.6732177734376,137.18606567382812,-318.4877014160156,524.0223999023438,240.99972534179688,-134.10179138183594,839.61181640625,-74.22911834716797,-18.102649688720703,145.8530731201172,-156.51625061035156,-153.51181030273438,997.79150390625,-115.9208526611328,-76.77808380126953,505.7462768554688,-189.14663696289065,-305.8744812011719,894.9390869140625
150.08087158203125,-274.2345886230469,157.5859832763672,143.9552764892578,-192.99366760253903,991.3575439453124,136.4682159423828,-318.076171875,523.2930297851562,240.65301513671875,-133.43846130371094,838.5818481445312,-73.95423126220703,-8.662288665771484,146.059814453125,-155.79364013671875,-152.497802734375,996.4826049804688,-115.59537506103516,-71.00054168701172,505.5354919433594,-187.5165252685547,-307.0177307128906,894.6513671875
149.25738525390625,-292.65460205078125,154.33543395996094,144.5134735107422,-192.3472595214844,989.8868408203124,135.9046173095703,-317.44305419921875,522.2975463867188,240.3032073974609,-132.95449829101562,837.4312133789062,-73.65599822998047,0.7234752178192139,146.2893829345703,-155.04722595214844,-151.62498474121094,995.0825805664062,-115.2653579711914,-65.45619201660156,505.2658996582031,-185.9016265869141,-307.975341796875,894.1181640625
148.20042419433594,-310.336669921875,151.72323608398438,145.10081481933594,-191.81088256835935,988.2843017578124,135.46461486816406,-316.64794921875,521.0704345703125,239.96446228027344,-132.64511108398438,836.1735229492188,-73.34626007080078,10.045677185058594,146.54718017578125,-154.28407287597656,-150.8918914794922,993.6009521484376,-114.93323516845705,-60.14112854003906,504.9410400390625,-184.31460571289065,-308.744873046875,893.33984375
146.92169189453125,-327.0755920410156,149.70068359375,145.7124786376953,-191.4048309326172,986.5759887695312,135.11192321777344,-315.74859619140625,519.6483764648438,239.65118408203125,-132.5056915283203,834.82373046875,-73.03780364990234,19.295001983642575,146.8404541015625,-153.51051330566406,-150.29684448242188,992.0499877929688,-114.59900665283205,-55.05339431762695,504.5670776367188,-182.7678985595703,-309.32391357421875,892.3196411132812
145.43812561035156,-342.6725158691406,148.19915771484375,146.34429931640625,-191.14923095703125,984.7899780273438,134.80795288085938,-314.7999572753906,518.0692138671875,239.37777709960935,-132.53189086914062,833.3981323242188,-72.74327087402344,28.46177673339844,147.1781768798828,-152.73204040527344,-149.83827209472656,990.4442749023438,-114.25955200195312,-50.19466781616211,504.15228271484375,-181.2735748291016,-309.7098999023437,891.0638427734375
143.77194213867188,-356.9423217773437,147.1346435546875,146.99261474609375,-191.0634002685547,982.9561767578124,134.5152587890625,-313.8534851074219,516.3707885742188,239.1583404541016,-132.71969604492188,831.9142456054688,-72.47411346435547,37.53596878051758,147.57102966308594,-151.95327758789062,-149.51499938964844,988.80078125,-113.90797424316406,-45.571754455566406,503.7067260742188,-179.84307861328125,-309.9002380371094,889.58203125
141.9508056640625,-369.7208557128906,146.41343688964844,147.65420532226562,-191.1652374267578,981.1057739257812,134.20071411132812,-312.9569702148437,514.5906982421875,239.0064392089844,-133.0655059814453,830.3902587890625,-72.23973846435547,46.50722503662109,148.03140258789062,-151.17799377441406,-149.32650756835938,987.1378784179688,-113.53336334228516,-41.19785690307617,503.2413330078125,-178.48715209960938,-309.8921813964844,887.8867797851562
140.0076904296875,-380.8718872070313,145.9386444091797,148.32614135742188,-191.47064208984372,979.2706298828124,133.83834838867188,-312.15435791015625,512.765869140625,238.93478393554688,-133.56622314453125,828.8451538085938,-72.04684448242188,55.36473846435547,148.57330322265625,-150.40919494628906,-149.2731170654297,985.4750366210938,-113.12096405029295,-37.09347534179688,502.7668151855469,-177.2156524658203,-309.6831359863281,885.993896484375
137.9805908203125,-390.2930603027344,145.61685180664062,149.00572204589844,-191.99285888671875,977.4827880859376,133.41136169433594,-311.4852600097656,510.9325866699219,238.9550628662109,-134.2194061279297,827.298095703125,-71.89910888671875,64.0969009399414,149.2123565673828,-149.64910888671875,-149.35601806640625,983.8319702148438,-112.65290832519533,-33.28706359863281,502.2929992675781,-176.03736877441406,-309.2705383300781,883.9222412109375
135.91165161132812,-397.9207763671875,145.36412048339844,149.69036865234375,-192.741943359375,975.7739868164062,132.91319274902344,-310.9843139648437,509.1262512207031,239.07763671875,-135.02330017089844,825.7684936523438,-71.79733276367188,72.69074249267578,149.965576171875,-148.8992462158203,-149.57716369628906,982.2279052734376,-112.10958099365234,-29.81540298461914,501.8277893066406,-174.95997619628906,-308.6520690917969,881.6934814453125
133.84559631347656,-403.7331237792969,145.110595703125,150.377685546875,-193.72415161132807,974.1749267578124,132.3478240966797,-310.6802978515625,507.3806762695313,239.3114776611328,-135.97698974609375,824.275390625,-71.73997497558594,81.13115692138672,150.85113525390625,-148.1603546142578,-149.9391632080078,980.6810913085938,-111.4716796875,-26.723535537719727,501.3768005371094,-173.98992919921875,-307.8258361816406,879.3317260742188
131.82835388183594,-407.7517700195313,144.8037567138672,151.06546020507812,-194.9414978027344,972.7147827148438,131.7290802001953,-310.59527587890625,505.7275085449219,239.6639404296875,-137.08045959472656,822.8374633789062,-71.723876953125,89.40003204345703,151.88824462890625,-147.4324493408203,-150.44493103027344,979.2080078125,-110.72290802001952,-24.06423759460449,500.9431762695313,-173.13233947753906,-306.7904968261719,876.8634643554688
129.90560913085938,-410.0418701171875,144.41036987304688,151.75173950195312,-196.39129638671875,971.420654296875,131.0791473388672,-310.7438659667969,504.1955871582031,240.1407012939453,-138.33457946777344,821.4725341796875,-71.74515533447266,97.47511291503906,153.09693908691406,-146.71485900878906,-151.09715270996094,977.8231811523438,-109.85317993164062,-21.8968505859375,500.5276794433594,-172.39097595214844,-305.54547119140625,874.3168334960938
128.12107849121094,-410.7101440429688,143.9162139892578,152.43502807617188,-198.06593322753903,970.317138671875,130.42674255371094,-311.1329345703125,502.8104553222656,240.7457427978516,-139.74119567871094,820.1975708007812,-71.79999542236328,105.32880401611328,154.4979705810547,-146.00621032714844,-151.89772033691406,976.538818359375,-108.8617935180664,-20.285362243652344,500.12890625,-171.7681884765625,-304.0910339355469,871.721435546875
126.514404296875,-409.8997192382813,143.32337951660156,153.11427307128906,-199.9525604248047,969.4254150390624,129.80490112304688,-311.7612609863281,501.5941467285156,241.4813537597656,-141.30307006835938,819.0283813476562,-71.88546752929688,112.92694091796876,156.1127471923828,-145.3045654296875,-152.84690856933594,975.364501953125,-107.75981903076172,-19.29547119140625,499.7433166503906,-171.26492309570312,-302.4285888671875,869.107666015625
125.1185531616211,-407.781494140625,142.64547729492188,153.7889862060547,-202.03321838378903,968.7631225585938,129.2489776611328,-312.61944580078125,500.56488037109375,242.3481903076172,-143.02378845214844,817.9795532226562,-72.00004577636719,120.2275619506836,157.9631805419922,-144.6074981689453,-153.9425048828125,974.3074951171876,-106.57108306884766,-18.99073982238769,499.3653259277344,-170.88076782226562,-300.56072998046875,866.5061645507812
123.95733642578124,-404.54248046875,141.9017791748047,154.459228515625,-204.2849578857422,968.343505859375,128.7947540283203,-313.6895751953125,499.73675537109375,243.34536743164065,-144.9075927734375,817.0643310546875,-72.14403533935547,127.17967987060548,160.07142639160156,-143.91217041015625,-155.17892456054688,973.372314453125,-105.33206939697266,-19.428640365600582,498.98681640625,-170.61392211914062,-298.491455078125,863.947509765625
123.04322052001952,-400.3717346191406,141.112548828125,155.12567138671875,-206.68023681640625,968.1751098632812,128.4767303466797,-314.9443054199219,499.1189575195313,244.47059631347656,-146.9592742919922,816.2943725585938,-72.31956481933594,133.722412109375,162.4596405029297,-143.21560668945312,-156.54641723632812,972.5610961914062,-104.0907211303711,-20.657135009765625,498.59674072265625,-170.46124267578125,-296.2261657714844,861.4613037109375
122.37590789794922,-395.44580078125,140.29701232910156,155.7894287109375,-209.1876220703125,968.26123046875,128.3263397216797,-316.3457946777344,498.7145080566406,245.72027587890625,-149.18394470214844,815.679931640625,-72.53028869628906,139.7847442626953,165.149658203125,-142.51473999023438,-158.0303955078125,971.8736572265624,-102.90409088134766,-22.71196174621582,498.1804809570313,-170.4184112548828,-293.7718505859375,859.0757446289062
121.94207000732422,-389.9161071777344,139.47337341308594,156.4520721435547,-211.77247619628903,968.5997314453124,128.37002563476562,-317.8437194824219,498.5189208984375,247.0896759033203,-151.58676147460938,815.2294921875,-72.78070831298828,145.28604125976562,168.16268920898438,-141.80670166015625,-159.61094665527344,971.3074340820312,-101.83460998535156,-25.614561080932617,497.71978759765625,-170.4799346923828,-291.1370544433594,856.8171997070312
121.71662139892578,-383.9012756347656,138.6592254638672,157.11537170410156,-214.39801025390625,969.1827392578124,128.62686157226562,-319.3735046386719,498.5187683105469,248.57298278808597,-154.17269897460938,814.9498901367188,-73.07528686523438,150.1376190185547,171.51889038085938,-141.08900451660156,-161.2629852294922,970.8579711914062,-100.9451904296875,-29.37060546875,497.1929321289063,-170.6393280029297,-288.331787109375,854.7092895507812
121.66546630859376,-377.4855041503906,137.8713836669922,157.7811737060547,-217.02633666992188,969.9970092773438,129.106201171875,-320.8551940917969,498.6907958984375,250.1633758544922,-156.9463653564453,814.84619140625,-73.41766357421875,154.24505615234375,175.2362823486328,-140.3597412109375,-162.95677185058594,970.5191040039062,-100.29353332519533,-33.96928024291992,496.5762023925781,-170.88922119140625,-285.3677673339844,852.7728881835938
121.74917602539062,-370.721435546875,137.1248779296875,158.4512481689453,-219.619384765625,971.0238037109376,129.8056640625,-322.1932983398437,499.0022277832031,251.8531494140625,-159.91163635253906,814.9217529296875,-73.80990600585938,157.5117645263672,179.32911682128906,-139.61770629882812,-164.6589813232422,970.2832641601562,-99.92606353759766,-39.383487701416016,495.845947265625,-171.22152709960938,-282.258056640625,851.0252685546875
121.92688751220705,-363.6366271972656,136.431884765625,159.12721252441406,-222.1399688720703,972.239990234375,130.7100067138672,-323.2790832519531,499.4121398925781,253.63363647460935,-163.07150268554688,815.177978515625,-74.25210571289062,159.8429718017578,183.8052978515625,-138.86251831054688,-166.3340606689453,970.14208984375,-99.87247467041016,-45.57110595703125,494.98193359375,-171.6276092529297,-279.01708984375,849.480224609375
122.15985107421876,-356.2412109375,135.80104064941406,159.8104705810547,-224.55247497558597,973.6183471679688,131.79135131835938,-323.9952087402344,499.8743896484375,255.4952850341797,-166.42787170410156,815.6146850585938,-74.74222564697266,161.15061950683594,188.66314697265625,-138.09463500976562,-167.94581604003906,970.087158203125,-100.14203643798828,-52.4773063659668,493.9714660644531,-172.09844970703125,-275.66064453125,848.1474609375
122.4139175415039,-348.5363464355469,135.2371826171875,160.5023193359375,-226.82366943359372,975.1290283203124,133.01095581054688,-324.2230529785156,500.3413391113281,257.4275817871094,-169.98135375976562,816.2298583984375,-75.27635192871094,161.35848999023438,193.8880615234375,-137.31533813476562,-169.45909118652344,970.1106567382812,-100.72252655029295,-60.03781127929688,492.8136596679688,-172.62477111816406,-272.2055358886719,847.0328979492188
122.66107177734376,-340.5216979980469,134.741455078125,161.20394897460938,-228.92312622070312,976.740478515625,134.32257080078125,-323.8514404296875,500.7680358886719,259.4190979003906,-173.73117065429688,817.0201416015625,-75.84921264648438,160.40805053710938,199.4499664306641,-136.5266876220703,-170.84144592285156,970.2061767578124,-101.58196258544922,-68.18285369873047,491.5235595703125,-173.197265625,-268.6692810058594,846.138427734375
122.87998962402344,-332.2010803222656,134.31175231933594,161.91668701171875,-230.82362365722656,978.4210205078124,135.67694091796875,-322.7862548828125,501.1158752441406,261.4574279785156,-177.67510986328125,817.9807739257812,-76.45459747314453,158.2641143798828,205.30177307128903,-135.73121643066406,-172.0647430419922,970.3692626953124,-102.67233276367188,-76.84095764160156,490.1349487304688,-173.80667114257812,-265.0700378417969,845.4623413085938
123.05613708496094,-323.5859680175781,133.94338989257812,162.64187622070312,-232.5013732910156,980.139892578125,137.0272216796875,-320.9588317871094,501.3553771972656,263.5292358398437,-181.8094787597656,819.1060180664062,-77.08538055419922,154.91998291015625,211.3801422119141,-134.93191528320312,-173.1064910888672,970.597900390625,-103.93486785888672,-85.94229125976562,488.70166015625,-174.44393920898438,-261.42608642578125,844.999267578125
123.1813735961914,-314.6966857910156,133.6297607421875,163.3810577392578,-233.9362030029297,981.868408203125,138.3342742919922,-318.3323669433594,501.4678039550781,265.62030029296875,-186.1291046142578,820.3895263671875,-77.73307800292969,150.4006805419922,217.6079864501953,-134.13189697265625,-173.9510040283203,970.892822265625,-105.3061981201172,-95.42137908935548,487.2958068847656,-175.10035705566406,-257.7555236816406,844.7407836914062
123.25320434570312,-305.561767578125,133.36305236816406,164.13589477539062,-235.11167907714844,983.5808715820312,139.57102966308594,-314.9053039550781,501.445556640625,267.715576171875,-190.62741088867188,821.82421875,-78.3881607055664,144.7631072998047,223.8985137939453,-133.33428955078125,-174.59002685546875,971.2571411132812,-106.72411346435548,-105.2185287475586,486.0035400390625,-175.76759338378906,-254.07598876953125,844.67578125
123.2737808227539,-296.2157287597656,133.13510131835938,164.90809631347656,-236.01524353027344,985.2547607421876,140.72518920898438,-310.7109069824219,501.2916259765625,269.7992858886719,-195.2963714599609,823.4030151367188,-79.04122161865234,138.0924835205078,230.1591033935547,-132.5419921875,-175.02310180664062,971.6961669921876,-108.13223266601562,-115.27935028076172,484.9185791015625,-176.43777465820312,-250.40440368652344,844.790771484375
123.2489242553711,-286.6965026855469,132.93801879882812,165.69947814941406,-236.63821411132807,986.8711547851562,141.79920959472656,-305.8134155273437,501.0177307128906,271.8551940917969,-200.12664794921875,825.1188354492188,-79.68474578857422,130.4950714111328,236.2943115234375,-131.75762939453125,-175.25729370117188,972.2168579101562,-109.48297119140624,-125.55304718017578,484.1340026855469,-177.10348510742188,-246.7567138671875,845.0703125
123.18690490722656,-277.0430603027344,132.76492309570312,166.5117950439453,-236.9757232666016,988.4146728515624,142.80780029296875,-300.3009948730469,500.6419677734375,273.86651611328125,-205.10760498046875,826.964599609375,-80.31482696533203,122.08809661865234,242.206787109375,-130.98338317871094,-175.30633544921875,972.8269653320312,-110.73947143554688,-135.99008178710938,483.73382568359375,-177.7577362060547,-243.14773559570312,845.49755859375
123.09718322753906,-267.2933959960937,132.61036682128906,167.3466033935547,-237.02664184570312,989.873046875,143.7727813720703,-294.2769470214844,500.1861572265625,275.8164367675781,-210.22738647460935,828.93359375,-80.93221282958984,112.98855590820312,247.79660034179688,-130.22103881835938,-175.1896209716797,973.5341186523438,-111.87651824951172,-146.53953552246094,483.7851867675781,-178.39393615722656,-239.59097290039065,846.0543823242188
122.98912048339844,-257.48248291015625,132.47073364257812,168.2051544189453,-236.79335021972656,991.2366943359376,144.71632385253906,-287.84991455078125,499.6733703613281,277.6880187988281,-215.47303771972656,831.0194091796875,-81.54251861572266,103.30341339111328,252.9598846435547,-129.4720458984375,-174.9306182861328,974.3447875976562,-112.88047790527344,-157.1463623046875,484.3323059082031,-179.00576782226562,-236.0985870361328,846.7217407226562
122.87085723876952,-247.6404571533203,132.3442840576172,169.08811950683594,-236.2816467285156,992.4984741210938,145.6538848876953,-281.1246337890625,499.1259460449219,279.4646301269531,-220.8305206298828,833.2156372070312,-82.15546417236328,93.12259674072266,257.5891418457031,-128.737548828125,-174.5552978515625,975.2633666992188,-113.74820709228516,-167.749267578125,485.3931884765625,-179.58705139160156,-232.6812896728516,847.4801635742188
122.7485809326172,-237.7913055419922,132.23101806640625,169.995361328125,-235.50054931640625,993.6527709960938,146.58836364746094,-274.1940002441406,498.5638122558594,281.13018798828125,-226.2848358154297,835.5162353515625,-82.7833251953125,82.51563262939453,261.5761413574219,-128.0186004638672,-174.0904083251953,976.2908935546876,-114.48523712158205,-178.28012084960938,486.9591369628906,-180.13174438476562,-229.34841918945312,848.3096313476562
122.62609100341795,-227.9522705078125,132.13230895996094,170.92578125,-234.4623260498047,994.6954345703124,147.50726318359375,-267.1334228515625,498.0036315917969,282.669189453125,-231.8200836181641,837.9148559570312,-83.4391098022461,71.53130340576172,264.8172912597656,-127.3162841796875,-173.56187438964844,977.4246826171876,-115.10286712646484,-188.6650238037109,488.99652099609375,-180.63380432128903,-226.10784912109372,849.1898803710938
122.50489044189452,-218.13414001464844,132.0503692626953,171.87701416015625,-233.18243408203125,995.623046875,148.38385009765625,-259.99737548828125,497.4580993652344,284.067138671875,-237.41954040527344,840.4051513671875,-84.13481903076172,60.19951629638672,267.219970703125,-126.63197326660156,-172.99334716796875,978.6575927734376,-115.61469268798828,-198.826904296875,491.450439453125,-181.0872039794922,-222.9662170410156,850.100830078125
122.38459777832033,-208.34194946289065,131.98751831054688,172.84527587890625,-231.67955017089844,996.4326782226562,149.1824951171875,-252.81846618652344,496.93603515625,285.3106689453125,-243.06578063964844,842.9801025390625,-84.88028717041016,48.53439712524414,268.70904541015625,-125.96739959716795,-172.40504455566406,979.9780883789062,-116.03309631347656,-208.68942260742188,494.2497253417969,-181.4859313964844,-219.9289093017578,851.0223999023438
122.26354217529295,-198.57614135742188,131.94552612304688,173.82522583007812,-229.9752655029297,997.1218872070312,149.8668975830078,-245.60858154296875,496.44287109375,286.3876953125,-248.7406768798828,845.63232421875,-85.68267822265625,36.53760528564453,269.2319641113281,-125.3248519897461,-171.81285095214844,981.3701171875,-116.36593627929688,-218.1815948486328,497.3127746582031,-181.82408142089844,-217.00021362304688,851.9349975585938
122.139404296875,-188.8339080810547,131.92514038085938,174.80984497070312,-228.09378051757807,997.6881103515624,150.4089813232422,-238.36204528808597,495.98138427734375,287.28765869140625,-254.4255828857422,848.353271484375,-86.54670715332031,24.20162773132324,268.761962890625,-124.70716094970705,-171.22796630859375,982.8139038085938,-116.61415100097656,-227.24205017089844,500.5538940429688,-182.0959930419922,-214.18348693847656,852.819580078125
122.00990295410156,-179.11058044433594,131.92588806152344,175.79051208496094,-226.06126403808597,998.1290893554688,150.7952117919922,-231.0609130859375,495.5525817871094,288.0014953613281,-260.1014404296875,851.133544921875,-87.47537231445312,11.512579917907717,267.2992553710937,-124.11775970458984,-170.65676879882812,984.2864990234376,-116.77033996582033,-235.8218536376953,503.8895263671875,-182.29644775390625,-211.4812164306641,853.6578369140625
121.87332153320312,-169.40057373046875,131.94625854492188,176.75717163085938,-223.9050445556641,998.4426879882812,151.0283966064453,-223.6815643310547,495.156005859375,288.5218200683594,-265.7488098144531,853.9625854492188,-88.47093963623047,-1.547627329826355,264.8703918457031,-123.56053161621094,-170.10105895996094,985.7627563476562,-116.81884765625,-243.885009765625,507.24359130859375,-182.42083740234372,-208.89524841308597,854.4325561523438
121.7287826538086,-159.6979217529297,131.98388671875,177.69869995117188,-221.65286254882807,998.6270141601562,151.12521362304688,-216.201171875,494.7898864746094,288.843017578125,-271.34814453125,856.8284912109375,-89.53587341308594,-14.999736785888672,261.5263671875,-123.03974151611328,-169.55874633789062,987.2163696289062,-116.7375259399414,-251.40708923339844,510.5509948730469,-182.4654693603516,-206.4268493652344,855.127685546875
121.57626342773438,-149.99658203125,132.0357208251953,178.60340881347656,-219.3323211669922,998.6804809570312,151.11085510253906,-208.60287475585935,494.4509582519531,288.961181640625,-276.8798217773437,859.7180786132812,-90.67324829101562,-28.865846633911133,257.3392639160156,-122.55982971191406,-169.024658203125,988.62060546875,-116.50102996826172,-258.3728332519531,513.7589111328125,-182.427734375,-204.076904296875,855.7288208007812
121.4163055419922,-140.2909393310547,132.09829711914062,179.45953369140625,-216.9701690673828,998.60205078125,151.01309204101562,-200.87911987304688,494.1347961425781,288.8741149902344,-282.32440185546875,862.61669921875,-91.8862762451172,-43.16801452636719,252.39878845214844,-122.1252899169922,-168.4915313720703,989.9493408203124,-116.08528900146484,-264.77398681640625,516.8252563476562,-182.3063201904297,-201.8459014892578,856.2229614257812
121.24958801269533,-130.5762481689453,132.1678924560547,180.25588989257807,-214.59185791015625,998.3909301757812,150.85720825195312,-193.0334625244141,493.8355407714844,288.581298828125,-287.66259765625,865.508544921875,-93.177001953125,-57.926536560058594,246.8082427978516,-121.74042510986328,-167.951171875,991.1779174804688,-115.47254180908205,-270.607666015625,519.7152709960938,-182.1013641357422,-199.734130859375,856.5991821289062
121.07646942138672,-120.8489227294922,132.24073791503906,180.982421875,-212.2211456298828,998.0472412109376,150.66287231445312,-185.0810089111328,493.5462036132813,288.0840148925781,-292.8755798339844,868.37646484375,-94.54454803466795,-73.1577377319336,240.68101501464844,-121.40908813476562,-167.3954620361328,992.283447265625,-114.65553283691406,-275.87506103515625,522.3984375,-181.8146209716797,-197.74166870117188,856.8483276367188
120.89666748046876,-111.10661315917967,132.31307983398438,181.63070678710935,-209.87974548339844,997.571533203125,150.44276428222656,-177.04705810546875,493.2588806152344,287.38494873046875,-297.9449768066406,871.2021484375,-95.98284149169922,-88.87116241455078,234.1374664306641,-121.13446044921876,-166.81729125976562,993.2454223632812,-113.64030456542967,-280.5800170898437,524.8455200195312,-181.44940185546875,-195.86839294433597,856.9635620117188
120.70914459228516,-101.34823608398438,132.38121032714844,182.1944274902344,-207.58712768554688,996.9652709960938,150.2030487060547,-168.96470642089844,492.96527099609375,286.488525390625,-302.85308837890625,873.9664306640625,-97.4783706665039,-105.06656646728516,227.3021545410156,-120.91879272460938,-166.21131896972656,994.0462036132812,-112.44718933105467,-284.7284545898437,527.0280151367188,-181.01068115234372,-194.1140594482422,856.9398193359375
120.51221466064452,-91.57401275634766,132.44168090820312,182.66964721679688,-205.3603515625,996.2306518554688,149.94497680664062,-160.8716278076172,492.6573486328125,285.4005126953125,-307.58306884765625,876.6491088867188,-99.00827026367188,-121.7310562133789,220.3011474609375,-120.76322174072266,-165.57464599609375,994.6709594726562,-111.11013793945312,-288.3277282714844,528.9183349609375,-180.5048675537109,-192.47825622558597,856.7742919921875
120.30402374267578,-81.78536224365234,132.49142456054688,183.05499267578125,-203.2140045166016,995.370849609375,149.66738891601562,-152.80691528320312,492.327880859375,284.1281433105469,-312.11883544921875,879.2294921875,-100.53931427001952,-138.83702087402344,213.2595367431641,-120.66766357421876,-164.9074249267578,995.1080932617188,-109.67463684082033,-291.38641357421875,530.4911499023438,-179.93978881835938,-190.96038818359372,856.4661254882812
120.08312225341795,-71.98481750488281,132.52813720703125,183.3515472412109,-201.16009521484372,994.3902587890624,149.36917114257812,-144.80828857421875,491.9710388183594,282.67987060546875,-316.4454345703125,881.6864624023438,-102.02842712402344,-156.3415069580078,206.2990264892578,-120.63072967529295,-164.21298217773438,995.349365234375,-108.19469451904295,-293.9141845703125,531.7250366210938,-179.3243865966797,-189.5596160888672,856.0164794921875
119.8489990234375,-62.17608642578125,132.550537109375,183.56277465820312,-199.20819091796875,993.294189453125,149.0515899658203,-136.91000366210938,491.5828857421875,281.0654602050781,-320.54888916015625,883.998779296875,-103.42505645751952,-174.18724060058594,199.53565979003903,-120.64983367919922,-163.4980010986328,995.3900756835938,-106.72901153564452,-295.9214782714844,532.6038818359375,-178.66856384277344,-188.27491760253903,855.4280395507812
119.6025619506836,-52.36422348022461,132.5585479736328,183.6941375732422,-197.36538696289065,992.0891723632812,148.7195281982422,-129.14166259765625,491.1616821289063,279.2956848144531,-324.4164733886719,886.145263671875,-104.67550659179688,-192.30499267578125,193.0777740478516,-120.72132873535156,-162.77215576171875,995.2290649414062,-105.33658599853516,-297.4192199707031,533.1176147460938,-177.98291015625,-187.1049346923828,854.7054443359375
119.34619140625,-42.555912017822266,132.55361938476562,183.7527618408203,-195.6366424560547,990.7827758789062,148.38194274902344,-121.52864837646484,490.7078552246094,277.3824157714844,-328.0365905761719,888.1051635742188,-105.72858428955078,-210.61544799804688,187.0233612060547,-120.8408203125,-162.04786682128906,994.8690185546876,-104.0719757080078,-298.4188232421875,533.2628784179688,-177.27847290039062,-186.04806518554688,853.8545532226562
119.0836944580078,-32.75978088378906,132.53907775878906,183.74681091308597,-194.0250701904297,989.3836669921876,148.0513916015625,-114.0933609008789,490.223876953125,275.3383178710937,-331.3988952636719,889.8583984375,-106.54109954833984,-229.02923583984372,181.45700073242188,-121.00350952148438,-161.3397979736328,994.31640625,-102.98046112060548,-298.9324645996094,533.0430297851562,-176.56651306152344,-185.10243225097656,852.8828125
118.8202133178711,-22.98665428161621,132.5205078125,183.6850128173828,-192.53260803222656,987.9014282226562,147.74282836914062,-106.85655975341795,489.7137145996094,273.1768798828125,-334.49420166015625,891.3861694335938,-107.08135223388672,-247.44430541992188,176.44677734375,-121.2046127319336,-160.66429138183594,993.581298828125,-102.09376525878906,-298.9739685058594,532.4680786132812,-175.85833740234375,-184.26583862304688,851.7986450195312
118.5622787475586,-13.249567031860352,132.5061798095703,183.575927734375,-191.16061401367188,986.3466796875,147.471923828125,-99.8384246826172,489.1824035644531,270.9122619628906,-337.3143920898437,892.6708374023438,-107.33043670654295,-265.7425537109375,172.041748046875,-121.43970489501952,-160.0388946533203,992.6776123046876,-101.42682647705078,-298.560546875,531.5535888671875,-175.1651153564453,-183.535888671875,850.61181640625
118.3176498413086,-3.5633277893066406,132.5073699951172,183.427490234375,-189.91043090820312,984.73095703125,147.25289916992188,-93.05941772460938,488.6353759765625,268.5592041015625,-339.8524475097656,893.6966552734375,-107.28154754638672,-283.7879638671875,168.27035522460938,-121.70497131347656,-159.48187255859375,991.6222534179688,-100.9764633178711,-297.7152709960937,530.3201293945312,-174.49771118164062,-182.90997314453125,849.332763671875
118.09490966796876,6.056156158447266,132.53807067871094,183.24652099609372,-188.78399658203125,983.0669555664062,147.09637451171875,-86.54074096679688,488.0780944824219,266.1329650878906,-342.1022033691406,894.4500122070312,-106.93785858154295,-301.42681884765625,165.13961791992188,-121.99740600585938,-159.01177978515625,990.435302734375,-100.72203826904295,-296.47003173828125,528.7924194335938,-173.8666229248047,-182.38531494140625,847.9730224609375
117.90255737304688,15.592659950256348,132.61441040039062,183.0384521484375,-187.7841644287109,981.3683471679688,147.00755310058594,-80.30445861816406,487.5156555175781,263.6492919921875,-344.0584716796875,894.9196166992188,-106.3098602294922,-318.4900207519531,162.63539123535156,-122.31492614746094,-158.6471405029297,989.1393432617188,-100.62793731689452,-294.86883544921875,526.9993286132812,-173.28187561035156,-181.95913696289065,846.5447998046875
117.74820709228516,25.030309677124023,132.75401306152344,182.8072662353516,-186.91514587402344,979.6499633789062,146.98497009277344,-74.37337493896484,486.9526062011719,261.1242980957031,-345.7166748046875,895.0970458984375,-105.41284942626952,-334.7972106933594,160.72305297851562,-122.65634155273438,-158.40609741210938,987.759033203125,-100.64737701416016,-292.9703063964844,524.974853515625,-172.7528839111328,-181.62863159179688,845.0610961914062
117.6377182006836,34.354095458984375,132.97537231445312,182.5554962158203,-186.1825256347656,977.927490234375,147.019775390625,-68.77085876464844,486.3929443359375,258.574462890625,-347.0729064941406,894.976806640625,-104.26495361328124,-350.162841796875,159.34896850585938,-123.0212860107422,-158.3062744140625,986.3204956054688,-100.72697448730467,-290.8495788574219,522.7598266601562,-172.28854370117188,-181.39117431640625,843.535400390625
117.5745086669922,43.55033874511719,133.2973175048828,182.2841644287109,-185.5933837890625,976.2174072265624,147.09580993652344,-63.52061462402344,485.8400573730469,256.01666259765625,-348.12384033203125,894.556640625,-102.88570404052734,-364.4033203125,158.44273376464844,-123.4100570678711,-158.36444091796875,984.8505249023438,-100.81166076660156,-288.59796142578125,520.404052734375,-171.8970489501953,-181.24441528320312,841.9818725585938
117.55896759033205,52.607078552246094,133.73843383789062,181.99301147460935,-185.15606689453125,974.536376953125,147.1901092529297,-58.64664077758789,485.2967529296875,253.46798706054688,-348.8665466308594,893.8377685546875,-101.2949447631836,-377.3449401855469,157.92031860351562,-123.8233871459961,-158.59640502929688,983.376220703125,-100.849609375,-286.3208923339844,517.9666137695312,-171.5859375,-181.18634033203125,840.4151000976562
117.58810424804688,61.514286041259766,134.3166961669922,181.68060302734372,-184.87991333007807,972.9009399414062,147.274169921875,-54.17324447631836,484.7648010253906,250.94581604003903,-349.2984924316406,892.8248291015625,-99.51226043701172,-388.8326110839844,157.68865966796875,-124.26222229003906,-159.01666259765625,981.9241333007812,-100.79652404785156,-284.1327819824219,515.5144653320312,-171.36203002929688,-181.21548461914065,838.85009765625
117.65564727783205,70.26371002197266,135.04905700683594,181.34466552734372,-184.7745513916016,971.3270263671876,147.31582641601562,-50.125282287597656,484.2447814941406,248.4677276611328,-349.4175109863281,891.526123046875,-97.55681610107422,-398.7387390136719,157.6514892578125,-124.72746276855467,-159.6380157470703,980.519775390625,-100.61891174316406,-282.150146484375,513.1183471679688,-171.23135375976562,-181.33099365234372,837.3021240234375
117.75252532958984,78.84834289550781,135.95115661621094,180.9823455810547,-184.84942626953125,969.8295288085938,147.28192138671875,-46.52853393554688,483.7357482910156,246.05130004882807,-349.2218017578125,889.9534301757812,-95.44784545898438,-406.9717102050781,157.71583557128906,-125.21976470947266,-160.47119140625,979.187255859375,-100.29592895507812,-280.48248291015625,510.847412109375,-171.19912719726562,-181.5326690673828,835.7865600585938
117.8676986694336,87.26158905029297,137.03717041015625,180.5905303955078,-185.1129150390625,968.4219360351562,147.14170837402344,-43.410118103027344,483.2348327636719,243.71408081054688,-348.7098999023437,888.1220092773438,-93.20578002929688,-413.4832153320313,157.7987518310547,-125.73932647705078,-161.52426147460938,977.9489135742188,-99.81977081298828,-279.2229309082031,508.7633361816406,-171.2696990966797,-181.82115173339844,834.3187866210938
117.98938751220705,95.49601745605467,138.319580078125,180.1660003662109,-185.57167053222656,967.1160888671876,146.870849609375,-40.798828125,482.7375793457031,241.47337341308597,-347.880859375,886.0503540039062,-90.8538589477539,-418.2735290527344,157.83302307128906,-126.2858428955078,-162.8019561767578,976.8253784179688,-99.19503021240234,-278.4400939941406,506.91497802734375,-171.44642639160156,-182.19781494140625,832.9140014648438
118.10643768310548,103.54183959960938,139.80918884277344,179.70565795898438,-186.22979736328125,965.9216918945312,146.4553985595703,-38.725196838378906,482.2379150390625,239.34600830078125,-346.734130859375,883.7601318359375,-88.41976165771484,-421.39361572265625,157.7710723876953,-126.85839080810548,-164.30499267578125,975.8353881835938,-98.43766784667967,-278.1725158691406,505.3351440429688,-171.73162841796875,-182.66488647460935,831.5872192382812
118.20992279052734,111.38513946533205,141.51556396484375,179.20664978027344,-187.08816528320312,964.8466186523438,145.89544677734375,-37.221221923828125,481.72894287109375,237.34811401367188,-345.2698974609375,881.2757568359375,-85.93685913085938,-422.94329833984375,157.58609008789062,-127.45543670654295,-166.02931213378906,974.99609375,-97.57400512695312,-278.4268493652344,504.0393371582031,-172.1265106201172,-183.2252655029297,830.352783203125
118.29505157470705,119.00579071044922,143.4484100341797,178.66650390625,-188.14376831054688,963.89697265625,145.20726013183594,-36.31954193115234,481.2033386230469,235.49484252929688,-343.4889831542969,878.6241455078125,-83.4449234008789,-423.064208984375,157.2700653076172,-128.07481384277344,-167.9654541015625,974.3229370117188,-96.63978576660156,-279.1798400878906,503.0267639160156,-172.63116455078125,-183.8825836181641,829.2246704101562
118.36335754394533,126.3754653930664,145.61912536621094,178.08338928222656,-189.38909912109372,963.0772705078124,144.42376708984375,-36.05206298828125,480.6540832519531,233.8001251220703,-341.39306640625,875.8345336914062,-80.99034118652344,-421.927978515625,156.82955932617188,-128.71371459960938,-170.09805297851562,973.8297729492188,-95.6788101196289,-280.3832092285156,502.283447265625,-173.24447631835938,-184.6409912109375,828.216064453125
118.42424011230467,133.45562744140625,148.0412139892578,177.45635986328125,-190.8117828369141,962.390625,143.59352111816406,-36.448612213134766,480.0747985839844,232.2762908935547,-338.98486328125,872.937744140625,-78.62602233886719,-419.72064208984375,156.2802734375,-129.36874389648438,-172.40573120117188,973.5286865234376,-94.74089050292967,-281.9700012207031,501.7871398925781,-173.96417236328125,-185.505126953125,827.3394165039062
118.49537658691406,140.19635009765625,150.72959899902344,176.78553771972656,-192.3941650390625,961.8389282226562,142.7781219482422,-37.53579711914063,479.4602355957031,230.9338836669922,-336.26812744140625,869.9661865234375,-76.41031646728516,-416.6253051757813,155.64193725585938,-130.0359344482422,-174.8611297607422,973.4298706054688,-93.87918090820312,-283.8612976074219,501.5122375488281,-174.78683471679688,-186.4799346923828,826.606201171875
118.60166931152344,146.53611755371094,153.69989013671875,176.07232666015625,-194.11329650878903,961.4228515625,142.0483856201172,-39.33613967895508,478.8062744140625,229.7814178466797,-333.248046875,866.952880859375,-74.40431213378906,-412.806884765625,154.93484497070312,-130.7108612060547,-177.43148803710938,973.5413208007812,-93.14738464355467,-285.971435546875,501.4339904785156,-175.7079620361328,-187.5706329345703,826.0270385742188
118.77301025390624,152.40286254882812,156.9677276611328,175.31954956054688,-195.94125366210935,961.1416015625,141.478759765625,-41.86725616455078,478.1099243164063,228.82516479492188,-329.9312438964844,863.9314575195312,-72.66658020019531,-408.4015808105469,154.17788696289062,-131.38868713378906,-180.07945251464844,973.8679809570312,-92.59717559814452,-288.2113342285156,501.53021240234375,-176.72207641601562,-188.78244018554688,825.6114501953125
119.04151916503906,157.7152862548828,160.5478515625,174.53158569335938,-197.84571838378903,960.9929809570312,141.14068603515625,-45.14108657836914,477.3685607910156,228.0690155029297,-326.3260803222656,860.9352416992188,-71.24629974365234,-403.5112915039063,153.38760375976562,-132.06442260742188,-182.76422119140625,974.4116821289062,-92.27582550048828,-290.48907470703125,501.7809143066406,-177.8227081298828,-190.1205596923828,825.3677978515625
119.43850708007812,162.38462829589844,164.4529266357422,173.71426391601562,-199.7910003662109,960.9732055664062,141.0952606201172,-49.16318893432617,476.5794677734375,227.5144805908203,-322.4428100585937,857.9967651367188,-70.17650604248047,-398.20355224609375,152.57830810546875,-132.73306274414062,-185.4429931640625,975.1704711914062,-92.22364807128906,-292.70880126953125,502.1658935546875,-179.0025177001953,-191.58995056152344,825.3032836914062
119.99128723144533,166.31663513183594,168.69190979003906,172.87477111816406,-201.73904418945312,961.0770874023438,141.38638305664062,-53.93225860595703,475.7396240234375,227.1606292724609,-318.29364013671875,855.1474609375,-69.46928405761719,-392.5158386230469,151.7629852294922,-133.38992309570312,-188.07237243652344,976.1381225585938,-92.47098541259766,-294.7684020996094,502.66162109375,-180.2534027099609,-193.1951904296875,825.4235229492188
120.72013092041016,169.41416931152344,173.26792907714844,172.02137756347656,-203.65089416503903,961.298095703125,142.03570556640625,-59.43985748291016,474.8459777832031,227.00424194335935,-313.89288330078125,852.4166870117188,-69.1141357421875,-386.4633483886719,150.9540252685547,-134.0309600830078,-190.6099548339844,977.3041381835938,-93.0346908569336,-296.5580444335937,503.2395629882813,-181.56651306152344,-194.9403076171875,825.7328491210938
121.63587951660156,171.58041381835938,178.17579650878906,171.16307067871094,-205.4879913330078,961.6285400390624,143.0406494140625,-65.67023468017578,473.8971557617188,227.0399169921875,-309.2568359375,849.8316040039062,-69.07969665527344,-380.0469970703125,150.16358947753906,-134.65304565429688,-193.01556396484372,978.6533813476562,-93.91456604003906,-297.96099853515625,503.8662109375,-182.93235778808597,-196.82858276367188,826.2337646484375
122.73847198486328,172.72305297851562,183.39923095703125,170.30909729003906,-207.2136688232422,962.0603637695312,144.3754425048828,-72.60023498535156,472.895751953125,227.26026916503903,-304.4039611816406,847.4163818359375,-69.31824493408203,-373.2611999511719,149.4035186767578,-135.2543182373047,-195.25241088867188,980.16650390625,-95.09052276611328,-298.8574523925781,504.5058898925781,-184.3408050537109,-198.8623962402344,826.9270629882812
124.01661682128906,172.7593994140625,188.90826416015625,169.46847534179688,-208.794677734375,962.5852661132812,145.99461364746094,-80.19911193847656,471.85150146484375,227.6561584472656,-299.3544311523437,845.1920166015625,-69.771728515625,-366.099853515625,148.68479919433594,-135.83424377441406,-197.28765869140625,981.8198852539062,-96.52173614501952,-299.1314697265625,505.1243591308594,-185.78121948242188,-201.04302978515625,827.8118896484375
125.4485321044922,171.6224822998047,194.657470703125,168.64950561523438,-210.2024688720703,963.1956176757812,147.83792114257812,-88.42817687988281,470.7835998535156,228.21702575683597,-294.130126953125,843.1756591796875,-70.3779525756836,-358.5610656738281,148.0172119140625,-136.3936309814453,-199.0926971435547,983.5867309570312,-98.14854431152344,-298.67999267578125,505.6929321289063,-187.2424468994141,-203.37057495117188,828.8854370117188
127.00377655029295,169.26766967773438,200.5857086181641,167.8591766357422,-211.4144592285156,963.8848266601562,149.83535766601562,-97.24024963378906,469.7224731445313,228.93109130859372,-288.75439453125,841.3809204101562,-71.0759506225586,-350.6503295898437,147.40867614746094,-136.93450927734375,-200.64312744140625,985.4371337890624,-99.897216796875,-297.421875,506.1911315917969,-188.71295166015625,-205.84368896484372,830.1431274414062
128.64599609375,165.67893981933594,206.61810302734372,167.1026611328125,-212.4150390625,964.6477661132812,151.9123992919922,-106.57928466796876,468.7095031738281,229.78570556640625,-283.2515869140625,839.817138671875,-71.81018829345703,-342.3816833496094,146.86488342285156,-137.45974731445312,-201.91847229003903,987.3397827148438,-101.68685913085938,-295.3053894042969,506.6082153320313,-190.1807861328125,-208.45957946777344,831.5789794921875
130.33604431152344,160.8740234375,212.67002868652344,166.38278198242188,-213.19601440429688,965.4812622070312,153.9946746826172,-116.38050842285156,467.7955932617188,230.767578125,-277.6467590332031,838.4899291992188,-72.53370666503906,-333.7780456542969,146.38902282714844,-137.9728546142578,-202.9020538330078,989.2625732421876,-103.43778228759766,-292.312744140625,506.9426574707031,-191.6338348388672,-211.21388244628903,833.185302734375
132.0351104736328,154.90689086914062,218.6527557373047,165.69981384277344,-213.7567138671875,966.3840942382812,156.01187133789062,-126.5713119506836,467.0383605957031,231.86312866210935,-271.9651794433594,837.4008178710938,-73.21018981933594,-324.8703918457031,145.98159790039062,-138.47744750976562,-203.5806579589844,991.174072265625,-105.0800323486328,-288.4612731933594,507.2001647949219,-193.05984497070312,-214.10064697265625,834.9530639648438
133.70779418945312,147.8662567138672,224.4788818359375,165.05145263671875,-214.10357666015625,967.3568725585938,157.90106201171875,-137.07293701171875,466.49853515625,233.05860900878903,-266.2319641113281,836.5474243164062,-73.81465911865234,-315.69647216796875,145.64056396484375,-138.97698974609375,-203.9444732666016,993.044677734375,-106.56056213378906,-283.8016357421875,507.39068603515625,-194.44656372070312,-217.1123962402344,836.872314453125
135.32464599609375,139.86976623535156,230.0662384033203,164.4330596923828,-214.249267578125,968.4019165039062,159.6091766357422,-147.8029022216797,466.23577880859375,234.3404235839844,-260.4715270996094,835.9238891601562,-74.33289337158203,-306.2987976074219,145.36178588867188,-139.47445678710938,-203.9869537353516,994.8473510742188,-107.8476333618164,-278.4133605957031,507.5249328613281,-195.78195190429688,-220.2401123046875,838.9319458007812
136.8637237548828,131.05442810058594,235.3389587402344,163.83824157714844,-214.21153259277344,969.522216796875,161.09475708007812,-158.67742919921875,466.3045654296875,235.69515991210935,-254.7074279785156,835.5208740234375,-74.75963592529297,-296.7221069335937,145.13958740234375,-139.9720001220703,-203.7048797607422,996.55859375,-108.93177032470705,-272.3989562988281,507.6114196777344,-197.0542755126953,-223.4733428955078,841.120361328125
138.31080627441406,121.56464385986328,240.2262725830078,163.25955200195312,-214.01161193847656,970.7205810546876,162.3291473388672,-169.61373901367188,466.7499694824219,237.10975646972656,-248.9618377685547,835.3259887695312,-75.09620666503906,-287.0107421875,144.96763610839844,-140.47085571289062,-203.0984649658203,998.1588745117188,-109.82283020019533,-265.8765563964844,507.65472412109375,-198.2522735595703,-226.80035400390625,843.4251708984375
139.65829467773438,111.54005432128906,244.6599884033203,162.68948364257812,-213.6727600097656,971.998779296875,163.29647827148438,-180.53176879882807,467.6044006347656,238.571533203125,-243.2554473876953,835.3239135742188,-75.34793853759766,-277.2063903808594,144.83963012695312,-140.9712371826172,-202.171630859375,999.6326293945312,-110.54420471191406,-258.9722595214844,507.6549682617188,-199.3653259277344,-230.20823669433597,845.8338012695312
140.90321350097656,101.1042709350586,248.57249450683597,162.12118530273438,-213.21856689453125,973.3564453125,163.9928436279297,-191.35536193847656,468.88482666015625,240.06814575195312,-237.60728454589844,835.4970703125,-75.5218276977539,-267.3461608886719,144.7498779296875,-141.47222900390625,-200.93240356445312,1000.9684448242188,-111.12539672851562,-251.81268310546875,507.60888671875,-200.383544921875,-233.6830139160156,848.3333129882812
142.04493713378906,90.35614013671876,251.8959808349609,161.54916381835938,-212.67172241210935,974.7904052734376,164.4241485595703,-202.01304626464844,470.59130859375,241.587646484375,-232.0345916748047,835.8257446289062,-75.62481689453125,-257.4613342285156,144.693603515625,-141.9718017578125,-199.39321899414065,1002.1586303710938,-111.5947494506836,-244.51744079589844,507.511962890625,-201.2979278564453,-237.2098846435547,850.9105224609375
143.08389282226562,79.36465454101562,254.56336975097656,160.96978759765625,-212.05276489257807,976.2940673828124,164.60353088378906,-212.4388427734375,472.7068786621094,243.11834716796875,-226.5528106689453,836.28857421875,-75.6628189086914,-247.576904296875,144.66708374023438,-142.46678161621094,-197.57125854492188,1003.198974609375,-111.9738540649414,-237.19244384765625,507.3609924316406,-202.1004180908203,-240.7732696533203,853.5521240234375
144.02122497558594,68.16798400878906,256.5108642578125,160.38156127929688,-211.3793029785156,977.8568115234376,164.5482635498047,-222.57286071777344,475.19830322265625,244.6488037109375,-221.17567443847656,836.8629760742188,-75.64038848876953,-237.71145629882807,144.6675262451172,-142.95286560058594,-195.4886779785156,1004.08837890625,-112.27452850341795,-229.92369079589844,507.1561584472656,-202.78399658203125,-244.3570251464844,856.2445678710938
144.8600311279297,56.77569961547852,257.6812744140625,159.7852020263672,-210.6654510498047,979.4642944335938,164.27700805664062,-232.36187744140625,478.0184631347656,246.167724609375,-215.9152374267578,837.5255126953125,-75.56100463867188,-227.87754821777344,144.6928253173828,-143.42465209960938,-193.17239379882807,1004.8283081054688,-112.49880981445312,-222.77249145507807,506.90234375,-203.3427581787109,-247.94464111328125,858.9742431640625
145.6068572998047,45.17315673828125,258.0276184082031,159.18382263183594,-209.9217834472656,981.09814453125,163.80770874023438,-241.75949096679688,481.1095275878906,247.6639709472656,-210.78207397460935,838.2523803710938,-75.42765808105469,-218.082275390625,144.74134826660156,-143.87583923339844,-190.65382385253903,1005.4226684570312,-112.64156341552734,-215.77288818359372,506.6089782714844,-203.7718811035156,-251.5193023681641,861.7273559570312
146.2720947265625,33.32748031616211,257.5157775878906,158.58279418945312,-209.15533447265625,982.7369995117188,163.15638732910156,-250.7260589599609,484.4067687988281,249.1265411376953,-205.78530883789065,839.0198974609375,-75.24370574951172,-208.3278961181641,144.8115234375,-144.2993621826172,-187.96829223632807,1005.8772583007812,-112.69450378417967,-208.93185424804688,506.2890319824219,-204.06773376464844,-255.06417846679688,864.4896850585938
146.86888122558594,21.194225311279297,256.1264953613281,157.98971557617188,-208.36981201171875,984.3571166992188,162.33685302734375,-259.22821044921875,487.84271240234375,250.54458618164065,-200.9328765869141,839.8046875,-75.01360321044922,-198.61248779296875,144.90158081054688,-144.68775939941406,-185.15423583984372,1006.199462890625,-112.65060424804688,-202.2325439453125,505.9573059082031,-204.2277984619141,-258.5624694824219,867.2468872070312
147.4110870361328,8.723298072814941,253.856689453125,157.41409301757812,-207.56594848632807,985.9334716796876,161.36117553710938,-267.2380065917969,491.3509521484375,251.9075164794922,-196.2315216064453,840.5842895507812,-74.74345397949219,-188.9307861328125,145.00941467285156,-145.03347778320312,-182.2520751953125,1006.3978881835938,-112.5075912475586,-195.6400604248047,505.6284790039063,-204.250732421875,-261.9977111816406,869.9840698242188
147.91168212890625,-4.136600494384766,250.72080993652344,156.86680603027344,-206.74205017089844,987.4412231445312,160.24078369140625,-274.7319030761719,494.8689880371094,253.20509338378903,-191.68704223632807,841.3374633789062,-74.44119262695312,-179.27523803710938,145.13241577148438,-145.3292236328125,-179.3030242919922,1006.4822387695312,-112.26978302001952,-189.1088714599609,505.315673828125,-204.13626098632807,-265.35382080078125,872.6860961914062
148.38128662109375,-17.43484878540039,246.7520751953125,156.3594512939453,-205.8946990966797,988.8562622070312,158.9878692626953,-281.6895446777344,498.34027099609375,254.42759704589844,-187.3043212890625,842.0443725585938,-74.1163330078125,-169.6370086669922,145.267578125,-145.5683135986328,-176.34768676757812,1006.46240234375,-111.9479751586914,-182.5903778076172,505.0293273925781,-203.88519287109372,-268.6153259277344,875.337158203125
148.82708740234375,-31.21668815612793,242.00379943847656,155.90347290039062,-205.01956176757807,990.156494140625,157.6170196533203,-288.0928649902344,501.71478271484375,255.56597900390625,-183.08746337890625,842.68701171875,-73.7794418334961,-160.0070037841797,145.41159057617188,-145.74497985839844,-173.4247589111328,1006.3485107421876,-111.55801391601562,-176.03936767578125,504.7771911621094,-203.49937438964844,-271.767578125,877.9209594726562
149.25198364257812,-45.521629333496094,236.549560546875,155.50946044921875,-204.1121063232422,991.3219604492188,156.1466522216797,-293.9255065917969,504.9488220214844,256.61212158203125,-179.0398712158203,843.249267578125,-73.44136047363281,-150.37672424316406,145.56112670898438,-145.8546600341797,-170.56983947753906,1006.1502685546876,-111.11871337890624,-169.41897583007812,504.5643310546875,-202.9815826416016,-274.7969665527344,880.420654296875
149.6539764404297,-60.38185501098633,230.4822540283203,155.18630981445312,-203.1683349609375,992.3355712890624,154.60006713867188,-299.1729431152344,508.0042724609375,257.5589599609375,-175.16432189941406,843.7171020507812,-73.11244201660156,-140.73878479003906,145.71310424804688,-145.8942108154297,-167.81460571289062,1005.8765869140624,-110.65001678466795,-162.70361328125,504.3934631347656,-202.3355255126953,-277.6909484863281,882.8187255859375
150.0261688232422,-75.82011413574219,223.912109375,154.94082641601562,-202.1854248046875,993.1829833984376,153.00588989257812,-303.8229064941406,510.8475036621094,258.4007263183594,-171.46299743652344,844.07861328125,-72.8019027709961,-131.08738708496094,145.8649444580078,-145.8621063232422,-165.18618774414062,1005.5350952148438,-110.1714324951172,-155.88034057617188,504.2651062011719,-201.5657501220703,-280.4382629394531,885.0969848632812
150.3574981689453,-91.84695434570312,216.9635467529297,154.77723693847656,-201.1622314453125,993.8527221679688,151.3976593017578,-307.86639404296875,513.4484252929688,259.1331481933594,-167.9375762939453,844.3241577148438,-72.51738739013672,-121.4184799194336,146.0147705078125,-145.75845336914062,-162.7067413330078,1005.1316528320312,-109.70092010498048,-148.94882202148438,504.1780090332031,-200.67770385742188,-283.0288391113281,887.2368774414062
150.63442993164062,-108.45793914794922,209.7713623046875,154.69712829589844,-200.0996856689453,994.3360595703124,149.8124237060547,-311.29901123046875,515.7801513671875,259.7535400390625,-164.58929443359375,844.4461059570312,-72.2646484375,-111.7299346923828,146.16140747070312,-145.58505249023438,-160.3932342529297,1004.6705932617188,-109.25414276123048,-141.92010498046875,504.1294250488281,-199.6775665283203,-285.4540100097656,889.2193603515625
150.843017578125,-125.631591796875,202.4761962890625,154.6995086669922,-199.00112915039065,994.6268310546876,148.28878784179688,-314.12213134765625,517.8187255859375,260.2608947753906,-161.41896057128906,844.4389038085938,-72.0473403930664,-102.02136993408205,146.3043975830078,-145.3451690673828,-158.25735473632812,1004.154052734375,-108.84405517578124,-134.81497192382812,504.11517333984375,-198.5723876953125,-287.7063903808594,891.0252075195312
150.9705810546875,-143.32769775390625,195.2196502685547,154.78111267089844,-197.8723602294922,994.7213134765624,146.86428833007812,-316.3440856933594,519.5435791015625,260.6560974121094,-158.4270477294922,844.2988891601562,-71.86688232421875,-92.29393005371094,146.44390869140625,-145.0433349609375,-156.30552673339844,1003.58251953125,-108.48067474365234,-127.66195678710938,504.1297607421875,-197.3698883056641,-289.7798156738281,892.63525390625
151.00674438476562,-161.48562622070312,188.1396942138672,154.9367218017578,-196.7215576171875,994.6181640625,145.57286071777344,-317.9811096191406,520.9384155273438,260.9417419433594,-155.61366271972656,844.0242309570312,-71.72238159179688,-82.55020904541016,146.58045959472656,-144.6850128173828,-154.5391387939453,1002.9547119140624,-108.17110443115234,-120.4954605102539,504.1661071777344,-196.0784454345703,-291.6695251464844,894.03076171875
150.9439697265625,-180.0227508544922,181.36614990234372,155.1597900390625,-195.5591278076172,994.3182983398438,144.44227600097656,-319.05828857421875,521.9923095703125,261.1223449707031,-152.9785614013672,843.61474609375,-71.61065673828125,-72.79446411132812,146.71470642089844,-144.2761688232422,-152.9550323486328,1002.2681884765624,-107.91943359375,-113.35395050048828,504.2157287597656,-194.7070159912109,-293.371826171875,895.193603515625
150.7777862548828,-198.8333740234375,175.01649475097656,155.44287109375,-194.39735412597656,993.8251342773438,143.4921417236328,-319.6098022460937,522.7003784179688,261.2041015625,-150.52120971679688,843.07177734375,-71.52647399902344,-63.03321838378906,146.8472900390625,-143.82302856445312,-151.54623413085938,1001.5198974609376,-107.7265167236328,-106.27845764160156,504.2687072753906,-193.2650146484375,-294.8842163085937,896.1067504882812
150.50674438476562,-217.7889862060547,169.19180297851562,155.77828979492188,-193.25001525878903,993.1443481445312,142.73243713378906,-319.6788635253906,523.0647583007812,261.1949768066406,-148.24066162109375,842.398193359375,-71.46308898925781,-53.275535583496094,146.9790802001953,-143.33169555664062,-150.3028564453125,1000.7063598632812,-107.58976745605467,-99.31108856201172,504.3143310546875,-191.76223754882807,-296.20513916015625,896.7547607421875
150.13226318359375,-236.7398681640625,163.9730987548828,156.1586456298828,-192.13206481933597,992.284423828125,142.16278076171875,-319.31707763671875,523.0947875976562,261.1045227050781,-146.1356658935547,841.5982055664062,-71.412841796875,-43.53279495239258,147.11135864257812,-142.80801391601562,-149.2130126953125,999.8244018554688,-107.50299835205078,-92.49348449707033,504.34124755859375,-190.20870971679688,-297.3339233398437,897.1240844726562
149.65843200683594,-255.5179901123047,159.4180450439453,156.57717895507812,-191.0592041015625,991.2564697265624,141.77256774902344,-318.5834655761719,522.80712890625,260.94366455078125,-144.20452880859375,840.67724609375,-71.3676986694336,-33.81825256347656,147.24627685546875,-142.25729370117188,-148.2637176513672,998.87158203125,-107.45639038085938,-85.86529541015625,504.3381958007813,-188.6146240234375,-298.2704467773437,897.2034912109375
149.09182739257812,-273.9408264160156,155.55841064453125,157.02830505371094,-190.04759216308597,990.0743408203124,141.54202270507812,-317.5425720214844,522.2247314453125,260.72467041015625,-142.44525146484375,839.64208984375,-71.31961822509766,-24.14659309387207,147.3870849609375,-141.6842498779297,-147.4418487548828,997.8465576171876,-107.43663024902344,-79.46318054199219,504.2945251464844,-186.9902191162109,-299.0152282714844,896.9847412109375
148.44122314453125,-291.8160400390625,152.39857482910156,157.50765991210938,-189.11351013183597,988.7548828125,141.44403076171875,-316.2624816894531,521.3760375976562,260.4607849121094,-140.8555145263672,838.5006713867188,-71.26081085205078,-14.533342361450195,147.5387420654297,-141.09295654296875,-146.7348175048828,996.7494506835938,-107.42732238769533,-73.32010650634766,504.2007751464844,-185.34564208984372,-299.5689697265625,896.462890625
147.7169647216797,-308.9469299316406,149.91534423828125,158.0123291015625,-188.2731170654297,987.3175659179688,141.44667053222656,-314.812255859375,520.2935791015625,260.166015625,-139.43276977539062,837.2620849609375,-71.18399047851562,-4.994091033935547,147.70840454101562,-140.48681640625,-146.13136291503906,995.5821533203124,-107.40962982177734,-67.46487426757812,504.0494079589844,-183.69091796875,-299.9326477050781,895.63671875
146.93043518066406,-325.1381225585937,148.0590362548828,158.54066467285156,-187.54222106933597,985.7845458984376,141.51600646972656,-313.25927734375,519.012451171875,259.85498046875,-138.17428588867188,835.9366455078125,-71.082763671875,4.456380844116211,147.90570068359375,-139.8685760498047,-145.62225341796875,994.3484497070312,-107.36314392089844,-61.92179107666016,503.8355102539063,-182.03582763671875,-300.1072692871094,894.509033203125
146.09347534179688,-340.201904296875,146.75640869140625,159.0921173095703,-186.9361114501953,984.179931640625,141.61904907226562,-311.666748046875,517.56884765625,259.5423889160156,-137.0773468017578,834.53564453125,-70.95207214355469,13.804945945739746,148.14266967773438,-139.24038696289062,-145.20069885253906,993.0540771484376,-107.26692199707033,-56.7106819152832,503.5574645996094,-180.3897857666016,-300.0937194824219,893.0870361328125
145.2179412841797,-353.9647521972656,145.91537475585938,159.6668701171875,-186.4694366455078,982.5296630859376,141.7262420654297,-310.0918273925781,515.9989624023438,259.242919921875,-136.1393280029297,833.071533203125,-70.78878784179688,23.040794372558597,148.43344116210938,-138.6038818359375,-144.86288452148438,991.7066040039062,-107.10055541992188,-51.84724044799805,503.2170715332031,-178.76185607910156,-299.8929138183594,891.3823852539062
144.31552124023438,-366.2737426757813,145.4313201904297,160.26553344726562,-186.15586853027344,980.8607177734376,141.81346130371094,-308.5843505859375,514.3377685546875,258.970947265625,-135.35787963867188,831.5574951171875,-70.59225463867188,32.15578842163086,148.7937469482422,-137.960205078125,-144.6079864501953,990.3154296875,-106.84513092041016,-47.34380340576172,502.8197021484375,-177.16061401367188,-299.5054931640625,889.411376953125
143.39781188964844,-377.0025634765625,145.19479370117188,160.88880920410156,-186.00799560546875,979.2003173828124,141.86331176757812,-307.1861877441406,512.6185302734375,258.7401428222656,-134.7310028076172,830.0077514648438,-70.36479949951172,41.14447784423828,149.24038696289062,-137.31008911132812,-144.43829345703125,988.8915405273438,-106.48410034179688,-43.21038055419922,502.3736267089844,-175.59402465820312,-298.9320678710937,887.1947631835938
142.47642517089844,-386.0565185546875,145.09933471679688,161.5371551513672,-186.03677368164065,977.5758056640624,141.86561584472656,-305.9312438964844,510.8724670410156,258.5633239746094,-134.2572479248047,828.4371337890625,-70.1118392944336,50.003639221191406,149.79075622558594,-136.6538543701172,-144.35894775390625,987.447021484375,-106.00395965576172,-39.45590591430664,501.88916015625,-174.06947326660156,-298.17315673828125,884.7576293945312
141.56277465820312,-393.3762512207031,145.04879760742188,162.21067810058594,-186.25128173828125,976.013671875,141.8172149658203,-304.84588623046875,509.1289978027344,258.4522399902344,-133.93576049804688,826.8612060546875,-69.84160614013672,58.73130416870117,150.46202087402344,-135.99136352539062,-144.3775177001953,985.9949340820312,-105.3947982788086,-36.08958435058594,501.3775634765625,-172.59359741210938,-297.2293395996094,882.1289672851562
140.66758728027344,-398.9401245117188,144.96319580078125,162.90896606445312,-186.65809631347656,974.5392456054688,141.72100830078125,-303.9498291015625,507.4155883789063,258.4174499511719,-133.76646423339844,825.2957153320312,-69.56427001953125,67.32537078857422,151.27059936523438,-135.32203674316406,-144.5034637451172,984.5490112304688,-104.65069580078124,-33.12227249145508,500.8499145507813,-171.17222595214844,-296.1012268066406,879.3414306640625
139.80059814453125,-402.7655944824219,144.78317260742188,163.63124084472656,-187.2607879638672,973.1765747070312,141.58460998535156,-303.25689697265625,505.7582092285156,258.46807861328125,-133.75013732910156,823.7567749023438,-69.291015625,75.7818832397461,152.23162841796875,-134.64480590820312,-144.7472686767578,983.1228637695312,-103.77002716064452,-30.567798614501957,500.31585693359375,-169.8103790283203,-294.789794921875,876.4306030273438
138.97064208984375,-404.9097595214844,144.4728240966797,164.37640380859375,-188.0594024658203,971.9476318359376,141.4190216064453,-302.7759094238281,504.1815490722656,258.6117858886719,-133.88841247558594,822.2606201171875,-69.0331802368164,84.09307098388672,153.3589630126953,-133.95814514160156,-145.11952209472656,981.730224609375,-102.75567626953124,-28.44413185119629,499.78265380859375,-168.51210021972656,-293.2963256835937,873.434326171875
138.18580627441406,-405.4681091308594,144.01992797851562,165.1433868408203,-189.0499725341797,970.8724975585938,141.2375946044922,-302.51092529296875,502.7095336914063,258.8547668457031,-134.18389892578125,820.8231811523438,-68.8014907836914,92.2454833984375,154.66566467285156,-133.2601318359375,-145.62994384765625,980.384033203125,-101.6153564453125,-26.774314880371094,499.2544860839844,-167.2804718017578,-291.62261962890625,870.3921508789062
137.45352172851562,-404.5711669921875,143.43316650390625,165.93121337890625,-190.2239532470703,969.968994140625,141.05552673339844,-302.4613342285156,501.365478515625,259.2015686035156,-134.64007568359375,819.4603271484375,-68.60557556152344,100.21797943115234,156.16476440429688,-132.548583984375,-146.28614807128906,979.0964965820312,-100.3621597290039,-25.58702850341797,498.7319641113281,-166.11752319335938,-289.77117919921875,867.3441772460938
136.78045654296875,-402.3781127929688,142.73646545410156,166.73928833007812,-191.56802368164065,969.2523193359376,140.8900604248047,-302.6212158203125,500.1720275878906,259.6553039550781,-135.26126098632812,818.1871948242188,-68.45359802246094,107.98004150390624,157.87020874023438,-131.82113647460938,-147.092529296875,977.8786010742188,-99.01520538330078,-24.916696548461918,498.2121887207031,-165.02423095703125,-287.7452392578125,864.3306884765625
136.17251586914062,-399.0673522949219,141.9617919921875,167.56732177734375,-193.06390380859372,968.7349853515624,140.7610626220703,-302.97857666015625,499.1504821777344,260.2175598144531,-136.05252075195312,817.0186157226562,-68.3520736694336,115.49026489257812,159.79763793945312,-131.07546997070312,-148.04913330078125,976.7400512695312,-97.60042572021484,-24.80293655395508,497.6889953613281,-164.00048828125,-285.5489501953125,861.3906860351562
135.63479614257812,-394.8242492675781,141.142333984375,168.41543579101562,-194.68858337402344,968.4266357421876,140.69174194335938,-303.51397705078125,498.3193664550781,260.8885803222656,-137.01943969726562,815.968505859375,-68.30590057373047,122.69547271728516,161.96495056152344,-130.30947875976562,-149.15061950683594,975.6890258789062,-96.151123046875,-25.28926467895508,497.1534118652344,-163.04505920410156,-283.1873779296875,858.5617065429688
135.17152404785156,-389.8268737792969,140.30787658691406,169.2838592529297,-196.41473388671875,968.33349609375,140.7089385986328,-304.1986389160156,497.6927490234375,261.6672058105469,-138.1680145263672,815.0499267578125,-68.31836700439453,129.53060913085938,164.3924102783203,-129.52151489257812,-150.3854522705078,974.7320556640624,-94.70797729492188,-26.420948028564453,496.5939636230469,-162.1557159423828,-280.6666564941406,855.8784790039062
134.78578186035156,-384.2326965332031,139.48265075683594,170.17286682128906,-198.2115936279297,968.4585571289062,140.84275817871094,-304.9925537109375,497.2777404785156,262.5512084960937,-139.50440979003906,814.2750244140625,-68.39116668701172,135.9193572998047,167.10238647460938,-128.71043395996094,-151.73548889160156,973.8739624023438,-93.31816864013672,-28.242115020751957,495.9969787597656,-161.32923889160156,-277.9939880371094,853.3724975585938
134.4788360595703,-378.16845703125,138.68502807617188,171.08241271972656,-200.0459747314453,968.8008422851562,141.1248321533203,-305.8423156738281,497.0725708007813,263.537109375,-141.03469848632812,813.6546020507812,-68.52450561523438,141.77552795410156,170.1185760498047,-127.87590789794922,-153.17601013183594,973.11767578125,-92.03350067138672,-30.79221534729004,495.3468017578125,-160.56166076660156,-275.1776733398437,851.071533203125
134.2496795654297,-371.7259521484375,137.9284210205078,172.0118865966797,-201.88336181640625,969.3555908203124,141.5855712890625,-306.67950439453125,497.0645446777344,264.6204833984375,-142.7646942138672,813.1983032226562,-68.7171401977539,147.00503540039062,173.46473693847656,-127.01847839355467,-154.6764373779297,972.4644775390624,-90.9073715209961,-34.102088928222656,494.62640380859375,-159.84841918945312,-272.2271728515625,848.998779296875
134.09486389160156,-364.9634094238281,137.2220458984375,172.9599609375,-203.6891632080078,970.114013671875,142.25062561035156,-307.4198608398437,497.22943115234375,265.79595947265625,-144.69969177246094,812.914306640625,-68.96660614013672,151.5084228515625,177.1624298095703,-126.13963317871094,-156.201171875,971.9136962890624,-89.99064636230469,-38.18998336791992,493.8184814453125,-159.18458557128906,-269.1529541015625,847.1728515625
134.00868225097656,-357.9111633300781,136.5711212158203,173.9244384765625,-205.42965698242188,971.0631713867188,143.1370391845703,-307.9641418457031,497.5320739746094,267.0572204589844,-146.84425354003906,812.8092041015625,-69.2695541381836,155.1842498779297,181.22825622558597,-125.24171447753906,-157.71092224121094,971.4633178710938,-89.3266830444336,-43.05805969238281,492.9075927734375,-158.56524658203125,-265.96636962890625,845.6074829101562
133.9835662841797,-350.5792236328125,135.97747802734375,174.90232849121094,-207.07298278808597,972.186767578125,144.2501220703125,-308.2012939453125,497.9288024902344,268.39715576171875,-149.20191955566406,812.887939453125,-69.62223052978516,157.9334716796875,185.6710205078125,-124.32777404785156,-159.1641387939453,971.1102905273438,-88.94645690917969,-48.6900634765625,491.8832702636719,-157.98561096191406,-262.6798095703125,844.311279296875
134.0106964111328,-342.96533203125,135.4400177001953,175.88998413085938,-208.58978271484372,973.465087890625,145.58123779296875,-308.0142517089844,498.3712463378906,269.8079528808594,-151.77513122558594,813.1536865234375,-70.02092742919922,159.66476440429688,190.48892211914065,-123.40135192871094,-160.5187225341797,970.8509521484376,-88.8645248413086,-55.050540924072266,490.743896484375,-157.44139099121094,-259.30633544921875,843.2879028320312
134.08062744140625,-335.0628356933594,134.95553588867188,176.8833770751953,-209.9536895751953,974.8759765625,147.107177734375,-307.2879333496094,498.8111572265625,271.2810363769531,-154.5649871826172,813.60791015625,-70.46224212646484,160.30072021484375,195.66726684570312,-122.46632385253906,-161.73379516601562,970.6820068359376,-89.07691192626953,-62.08586883544922,489.50048828125,-156.9288787841797,-255.85971069335935,842.5362548828125
134.18374633789062,-326.8667907714844,134.5193634033203,177.87840270996094,-211.1417388916016,976.3953857421876,148.79139709472656,-305.9184875488281,499.20501708984375,272.8072814941406,-157.5710906982422,814.250244140625,-70.94290924072266,159.78421020507812,201.17662048339844,-121.52672576904295,-162.77154541015625,970.600830078125,-89.56143951416016,-69.72713470458984,488.1796875,-156.44520568847656,-252.35406494140625,842.0506591796875
134.31051635742188,-318.3782958984375,134.12623596191406,178.87127685546875,-212.134521484375,977.9984130859376,150.58697509765625,-303.8226013183594,499.5177307128906,274.3769226074219,-160.79150390625,815.0787963867188,-71.45923614501953,158.08409118652344,206.97174072265625,-120.58656311035156,-163.5990447998047,970.6061401367188,-90.28042602539062,-77.89466857910156,486.8252258300781,-155.98843383789062,-248.8037567138672,841.8212890625
134.45184326171875,-309.607177734375,133.77088928222656,179.85867309570312,-212.9163055419922,979.6597900390624,152.4412384033203,-300.9451904296875,499.7250061035156,275.97967529296875,-164.22262573242188,816.0902099609375,-72.0065689086914,155.198974609375,212.9916839599609,-119.64972686767578,-164.18984985351562,970.6983032226562,-91.18527221679688,-86.50347900390625,485.4973449707031,-155.55760192871094,-245.22299194335935,841.8348999023438
134.59938049316406,-300.57257080078125,133.44845581054688,180.83799743652344,-213.4751434326172,981.3549194335938,154.30116271972656,-297.2646484375,499.8143310546875,277.6048583984375,-167.8592071533203,817.2798461914062,-72.57903289794922,151.15879821777344,219.1609344482422,-118.71985626220705,-164.5253448486328,970.8795776367188,-92.22211456298828,-95.4685287475586,484.2698669433594,-155.1527557373047,-241.6256103515625,842.0750122070312
134.74574279785156,-291.30242919921875,133.1546173095703,181.8072967529297,-213.802734375,983.06005859375,156.11849975585938,-292.7945556640625,499.7843627929688,279.2412414550781,-171.69436645507812,818.64208984375,-73.16966247558594,146.02374267578125,225.39210510253903,-117.80027770996094,-164.59568786621094,971.1538696289062,-93.33758544921876,-104.70904541015624,483.2250061035156,-154.77487182617188,-238.02484130859372,842.5227661132812
134.88462829589844,-281.8311767578125,132.88577270507812,182.7654266357422,-213.8945159912109,984.753173828125,157.8539581298828,-287.5817565917969,499.6435241699219,280.8774108886719,-175.7196807861328,820.170654296875,-73.77104187011719,139.87986755371094,231.58924865722656,-116.89395904541016,-164.4001922607422,971.5266723632812,-94.48384857177734,-114.15130615234376,482.4464111328125,-154.42562866210938,-234.4329833984375,843.157470703125
135.01097106933594,-272.1968688964844,132.63916015625,183.7118377685547,-213.7494354248047,986.4136352539062,159.47911071777344,-281.701171875,499.407470703125,282.5016174316406,-179.92515563964844,821.8583984375,-74.37639617919922,132.83189392089844,237.6512451171875,-116.00343322753906,-163.9471435546875,972.0043334960938,-95.62207794189452,-123.72978973388672,482.0116271972656,-154.10731506347656,-230.8612518310547,843.9570922851562
135.1210174560547,-262.4383239746094,132.412841796875,184.64659118652344,-213.36978149414065,988.0227661132812,160.9761962890625,-275.2479553222656,499.0962524414063,284.1020202636719,-184.29937744140625,823.6979370117188,-74.98087310791016,124.99371337890624,243.47430419921875,-115.13079071044922,-163.25303649902344,972.59326171875,-96.72384643554688,-133.3863983154297,481.9848327636719,-153.8224334716797,-227.3195343017578,844.8987426757812
135.21234130859375,-252.59214782714844,132.2056121826172,185.5702209472656,-212.7608184814453,989.5634765625,162.33560180664062,-268.3284606933594,498.731689453125,285.666748046875,-188.82958984375,825.6815795898438,-75.58258819580078,116.4786148071289,248.95323181152344,-114.27774810791016,-162.34124755859375,973.2994384765624,-97.7704086303711,-143.06761169433594,482.4111022949219,-153.57351684570312,-223.81640625,845.9591064453125
135.28382873535156,-242.6901092529297,132.016845703125,186.4835205078125,-211.93040466308597,991.0205078125,163.5520477294922,-261.0508728027344,498.3353271484375,287.1840515136719,-193.5017242431641,827.8014526367188,-76.18305206298828,107.39109802246094,253.9822540283203,-113.44571685791016,-161.24038696289062,974.126953125,-98.7509536743164,-152.7211456298828,483.3132629394531,-153.36276245117188,-220.35894775390625,847.1146850585938
135.3355255126953,-232.7577362060547,131.84634399414062,187.38735961914065,-210.88856506347656,992.3803100585938,164.62045288085938,-253.51715087890625,497.92669677734375,288.6423645019531,-198.30056762695312,830.0494384765625,-76.7864990234375,97.8218765258789,258.4570007324219,-112.63595581054688,-159.9822998046875,975.0775146484376,-99.6604461669922,-162.29295349121094,484.6910400390625,-153.19175720214844,-216.9528045654297,848.3422241210938
135.36846923828125,-222.81393432617188,131.69412231445312,188.28240966796875,-209.6468811035156,993.6307373046876,165.53305053710938,-245.81663513183597,497.52239990234375,290.0304870605469,-203.20982360839844,832.4172973632812,-77.39845275878906,87.84601593017578,262.2783203125,-111.84972381591795,-158.60011291503906,976.1495361328124,-100.4971694946289,-171.72483825683594,486.5228271484375,-153.06126403808594,-213.60220336914065,849.6190185546875
135.38442993164062,-212.87152099609372,131.5603485107422,189.16900634765625,-208.2182159423828,994.7615356445312,166.2789764404297,-238.02215576171875,497.1353149414063,291.3376159667969,-208.2122344970703,834.8966064453125,-78.02401733398438,77.52354431152344,265.3572692871094,-111.08846282958984,-157.12643432617188,977.3375244140624,-101.26026153564452,-180.95372009277344,488.7689514160156,-152.97100830078125,-210.3101043701172,850.9227905273438
135.38548278808594,-202.9385681152344,131.44500732421875,190.04690551757807,-206.6162567138672,995.7638549804688,166.84681701660156,-230.18814086914065,496.77435302734375,292.5535888671875,-213.28973388671875,837.4785766601562,-78.66676330566406,66.9008560180664,267.6203308105469,-110.35396575927734,-155.59188842773438,978.6319580078124,-101.9474105834961,-189.91329956054688,491.3765869140625,-152.9196014404297,-207.07827758789065,852.2319946289062
135.3736114501953,-193.02005004882807,131.34796142578125,190.9151763916016,-204.85546875,996.630615234375,167.22947692871094,-222.35079956054688,496.4444580078125,293.6689453125,-218.4235382080078,840.1538696289062,-79.32840728759766,56.01207733154297,269.0130920410156,-109.64847564697266,-154.0240020751953,980.0194091796876,-102.55288696289062,-198.53778076171875,494.28466796875,-152.9044647216797,-203.90756225585935,853.526123046875
135.35040283203125,-183.11920166015625,131.26876831054688,191.77198791503903,-202.95079040527344,997.3565673828124,167.42950439453125,-214.530029296875,496.1471557617188,294.6749267578125,-223.59434509277344,842.912841796875,-80.00879669189453,44.88042449951172,269.5025329589844,-108.97469329833984,-152.44650268554688,981.482666015625,-103.06612396240234,-206.76564025878903,497.4283142089844,-152.92201232910156,-200.7979278564453,854.7857055664062
135.31671142578125,-173.23829650878906,131.2066650390625,192.61447143554688,-200.91751098632807,997.9384765625,167.462646484375,-206.7331695556641,495.8807373046875,295.563720703125,-228.7824859619141,845.744873046875,-80.70598602294922,33.51973342895508,269.0775451660156,-108.33574676513672,-150.8788299560547,983.001708984375,-103.47137451171876,-214.54241943359372,500.7422790527344,-152.96763610839844,-197.74880981445312,855.9923706054688
135.2728271484375,-163.37890625,131.16070556640625,193.438720703125,-198.77088928222656,998.3751831054688,167.3578338623047,-198.9599151611328,495.6410827636719,296.328369140625,-233.9680633544922,848.6388549804688,-81.41650390625,21.935871124267575,267.7478332519531,-107.73505401611328,-149.33616638183594,984.5543212890624,-103.74880981445312,-221.82247924804688,504.1632995605469,-153.03604125976562,-194.7591857910156,857.1292724609375
135.21856689453125,-153.54159545898438,131.1297149658203,194.23968505859372,-196.5257873535156,998.66748046875,167.15365600585938,-191.20758056640625,495.422119140625,296.9629211425781,-239.13108825683597,851.58251953125,-82.1357421875,10.127545356750488,265.5417175292969,-107.1762237548828,-147.8296661376953,986.1171875,-103.87691497802734,-228.5697326660156,507.6308288574219,-153.1215057373047,-191.82785034179688,858.1809692382812
135.15330505371094,-143.7259063720703,131.1125030517578,195.01133728027344,-194.19662475585935,998.818359375,166.89242553710938,-183.47552490234372,495.2166442871094,297.4624938964844,-244.2516326904297,854.5628662109375,-82.85848999023438,-1.9135109186172483,262.5033264160156,-106.66287994384766,-146.36672973632812,987.6663818359376,-103.8353042602539,-234.75732421875,511.0874328613281,-153.2180938720703,-188.9535980224609,859.1336669921875
135.07618713378906,-133.9304962158203,131.107666015625,195.7468719482422,-191.7973480224609,998.8325805664062,166.61376953125,-175.7678680419922,495.0170593261719,297.8231811523437,-249.3100128173828,857.5659790039062,-83.57946014404297,-14.202882766723633,258.689697265625,-106.19847869873048,-144.9514923095703,989.178466796875,-103.60743713378906,-240.36643981933597,514.4784545898438,-153.3200225830078,-186.13528442382807,859.9754638671875
134.9861602783203,-124.15370178222656,131.11373901367188,196.43898010253903,-189.34146118164065,998.7162475585938,166.3491668701172,-168.09442138671875,494.8161010742188,298.0421142578125,-254.28689575195312,860.576904296875,-84.29402160644531,-26.76376342773437,254.1685485839844,-105.7861099243164,-143.58522033691406,990.630859375,-103.18295288085938,-245.38479614257807,517.7514038085938,-153.42202758789062,-183.3721160888672,860.6962280273438
134.88223266601562,-114.39393615722656,131.12899780273438,197.08010864257807,-186.84222412109372,998.4769897460938,166.1189727783203,-160.47076416015625,494.6071166992188,298.1175231933594,-259.1634521484375,863.5797729492188,-84.99890899658203,-39.62665557861328,249.01638793945312,-105.42838287353516,-142.26693725585938,992.00244140625,-102.5595245361328,-249.8052215576172,520.8557739257812,-153.5194854736328,-180.66363525390625,861.2879638671875
134.7635955810547,-104.64998626708984,131.1514892578125,197.6628570556641,-184.3127899169922,998.1229858398438,165.9319610595703,-152.91751098632812,494.3845520019531,298.048583984375,-263.92156982421875,866.5580444335938,-85.69286346435547,-52.827880859375,243.31756591796875,-105.12725830078124,-140.99383544921875,993.2734985351562,-101.7438735961914,-253.62469482421875,523.74267578125,-153.6088104248047,-178.0098876953125,861.744384765625
134.62969970703125,-94.92112731933594,131.17898559570312,198.18035888671875,-181.7663726806641,997.6632080078124,165.7869110107422,-145.45883178710938,494.143798828125,297.8354797363281,-268.5438232421875,869.4940795898438,-86.37666320800781,-66.40660095214844,237.1638336181641,-104.88402557373048,-139.7619171142578,994.4259643554688,-100.75198364257812,-256.8439636230469,526.3662719726562,-153.6875762939453,-175.41146850585938,862.0611572265625
134.4803466796875,-85.20708465576172,131.20899963378906,198.62664794921875,-179.2163848876953,997.1064453125,165.67556762695312,-138.12002563476562,493.88134765625,297.4794311523437,-273.01373291015625,872.3697509765625,-87.05220794677734,-80.40031433105469,230.65423583984372,-104.69921875,-138.5665283203125,995.443603515625,-99.60843658447266,-259.467529296875,528.6843872070312,-153.7545928955078,-172.86952209472656,862.2357788085938
134.31570434570312,-75.50788116455078,131.23892211914062,198.9971466064453,-176.67642211914062,996.4616088867188,165.58584594726562,-130.92446899414062,493.594482421875,296.9825744628906,-277.3157043457031,875.1663208007812,-87.7205810546875,-94.8390655517578,223.89520263671875,-104.57269287109376,-137.40301513671875,996.3118896484376,-98.34525299072266,-261.5040588378906,530.6605834960938,-153.81004333496094,-170.38577270507812,862.267333984375
134.13632202148438,-65.82367706298828,131.26617431640625,199.28890991210935,-174.16021728515625,995.7369384765624,165.50479125976562,-123.8902816772461,493.2815246582031,296.3480834960937,-281.43511962890625,877.8645629882812,-88.38020324707031,-109.7397232055664,216.99993896484372,-104.50369262695312,-136.2672119140625,997.0178833007812,-97.00021362304688,-262.96697998046875,532.2652587890625,-153.85545349121094,-167.96253967285156,862.15625
133.94313049316406,-56.15449905395508,131.2885284423828,199.5008087158203,-171.68136596679688,994.93994140625,165.4207305908203,-117.02759552001952,492.9417114257813,295.5800170898437,-285.3583068847656,880.4450073242188,-89.02555847167969,-125.10159301757812,210.0871124267578,-104.49095153808594,-135.15597534179688,997.5508422851562,-95.61509704589844,-263.8750915527344,533.4766845703125,-153.89358520507812,-165.60260009765625,861.9044189453125
133.73745727539062,-46.50000762939453,131.30433654785156,199.63375854492188,-169.2530975341797,994.0771484375,165.3247528076172,-110.3369369506836,492.5751953125,294.68341064453125,-289.0726318359375,882.88818359375,-89.64659881591797,-140.903564453125,203.27835083007807,-104.53276824951172,-134.0675506591797,997.9017944335938,-94.23360443115234,-264.2533264160156,534.2819213867188,-153.92843627929688,-163.3092803955078,861.5145263671875
133.52098083496094,-36.85933303833008,131.3128204345703,199.6905212402344,-166.8878173828125,993.1539306640624,165.21124267578125,-103.8088150024414,492.1829833984375,293.6640625,-292.5664367675781,885.1747436523438,-90.22885131835938,-157.10252380371094,196.6949157714844,-104.6270523071289,-133.00184631347656,998.0641479492188,-92.89920806884766,-264.13330078125,534.6776123046875,-153.9650115966797,-161.08627319335938,860.9902954101562
133.29568481445312,-27.231107711791992,131.31436157226562,199.6756896972656,-164.59695434570312,992.1743774414062,165.07778930664062,-97.42523956298828,491.7666320800781,292.52862548828125,-295.8290405273437,887.2857055664062,-90.7541961669922,-173.6328125,190.45347595214844,-104.7713851928711,-131.96067810058594,998.03369140625,-91.6528549194336,-263.5538330078125,534.670654296875,-154.00929260253906,-158.9376220703125,860.3360595703125
133.06387329101562,-17.61370086669922,131.3107452392578,199.59532165527344,-162.3907470703125,991.1416015625,164.92465209960938,-91.16291809082033,491.327880859375,291.2843933105469,-298.85064697265625,889.2026977539062,-91.2022933959961,-190.40670776367188,184.66134643554688,-104.9631118774414,-130.947998046875,997.8088989257812,-90.5306625366211,-262.5609130859375,534.2784423828125,-154.0679473876953,-156.86764526367188,859.5565795898438
132.82810974121094,-8.005672454833984,131.30538940429688,199.45655822753903,-160.2782745361328,990.0574951171876,164.75404357910156,-84.9974136352539,490.8682861328125,289.93927001953125,-301.62225341796875,890.9083251953125,-91.55230712890624,-207.31588745117188,179.41127014160156,-105.19940185546876,-129.96983337402344,997.3912353515624,-89.56180572509766,-261.2076416015625,533.5286254882812,-154.14822387695312,-154.8808135986328,858.6572875976562
132.5911407470703,1.5936126708984375,131.3033447265625,199.26708984375,-158.26744079589844,988.9237670898438,164.56976318359375,-78.90733337402344,490.388916015625,288.5016784667969,-304.1356201171875,892.38623046875,-91.78480529785156,-224.2336883544922,174.77664184570312,-105.47738647460938,-129.03440856933594,996.7853393554688,-88.76671600341797,-259.55328369140625,532.457763671875,-154.25778198242188,-152.981689453125,857.6439208984375
132.35592651367188,11.183115005493164,131.31130981445312,199.0346527099609,-156.36508178710938,987.74169921875,164.37667846679688,-72.87789154052734,489.8904724121094,286.9804992675781,-306.3829650878906,893.6216430664062,-91.88337707519533,-241.0180206298828,170.80743408203125,-105.79425811767578,-128.15203857421875,995.999267578125,-88.15563201904297,-257.66241455078125,531.1090698242188,-154.40447998046875,-151.1748504638672,856.5227661132812
132.12570190429688,20.759260177612305,131.33737182617188,198.7665252685547,-154.57699584960938,986.51318359375,164.1802520751953,-66.9036636352539,489.3732604980469,285.38494873046875,-308.3569641113281,894.6015625,-91.8358154296875,-257.51416015625,167.5272674560547,-106.14740753173828,-127.33499908447266,995.0443725585938,-87.72781372070312,-255.60366821289065,529.5294189453125,-154.59622192382812,-149.4647979736328,855.300537109375
131.9042510986328,30.315580368041992,131.39080810546875,198.4691162109375,-152.9082794189453,985.24072265625,163.98623657226562,-60.990264892578125,488.8374328613281,283.7245788574219,-310.0505676269531,895.31494140625,-91.63452911376952,-273.5584411621094,164.93215942382812,-106.53449249267578,-126.59732818603516,993.9356689453124,-87.4714584350586,-253.4485015869141,527.7661743164062,-154.84071350097656,-147.85592651367188,853.9845581054688
131.69566345214844,39.84303665161133,131.48162841796875,198.1475524902344,-151.36355590820312,983.92822265625,163.8002166748047,-55.15485382080078,488.2830810546875,282.0092468261719,-311.4569091796875,895.7532348632812,-91.27628326416016,-288.98321533203125,162.99085998535156,-106.95352172851562,-125.95458984375,992.691650390625,-87.36455535888672,-251.26950073242188,525.8644409179688,-155.1453399658203,-146.35244750976562,852.5830688476562
131.50413513183594,49.33063507080078,131.6201171875,197.80551147460935,-149.9473876953125,982.5807495117188,163.6270751953125,-49.4255485534668,487.7103271484375,280.2490539550781,-312.5691833496094,895.9103393554688,-90.76144409179688,-303.6217956542969,161.6468963623047,-107.4028778076172,-125.42350769042967,991.333740234375,-87.37654876708984,-249.13877868652344,523.8662109375,-155.5169677734375,-144.95843505859375,851.1049194335938
131.333740234375,58.76597213745117,131.81668090820312,197.445068359375,-148.66456604003906,981.2052612304688,163.4704132080078,-43.83982849121094,487.1197509765625,278.4543762207031,-313.3805236816406,895.782958984375,-90.09298706054688,-317.3134155273437,160.8222198486328,-107.8812484741211,-125.02151489257812,989.886474609375,-87.47077941894531,-247.1259002685547,521.8101806640625,-155.96176147460938,-143.67771911621094,849.5602416992188
131.18797302246094,68.13562774658203,132.08187866210938,197.066650390625,-147.5205841064453,979.8099975585938,163.33172607421875,-38.44211959838867,486.5122985839844,276.63580322265625,-313.8841247558594,895.3707885742188,-89.27554321289062,-329.9076843261719,160.4221954345703,-108.38762664794922,-124.76622772216795,988.3765258789062,-87.60739135742188,-245.29574584960935,519.7328491210938,-156.48504638671875,-142.5140380859375,847.9599609375
131.06942749023438,77.42533111572266,132.42674255371094,196.6690673828125,-146.52191162109375,978.4046630859376,163.20960998535156,-33.28101348876953,485.8899230957031,274.80419921875,-314.07305908203125,894.676513671875,-88.31472778320312,-341.2688903808594,160.34136962890625,-108.9211883544922,-124.67479705810548,986.83251953125,-87.74642181396484,-243.706298828125,517.6697387695312,-157.09117126464844,-141.47097778320312,846.3165283203125
130.97935485839844,86.62007141113281,132.86351013183594,196.24966430664065,-145.67613220214844,976.9999389648438,163.09890747070312,-28.40635681152344,485.2556457519531,272.9705810546875,-313.9404296875,893.7057495117188,-87.21700286865234,-351.2803955078125,160.47024536132812,-109.48120880126952,-124.7631607055664,985.2843017578124,-87.85081481933594,-242.40606689453125,515.6552124023438,-157.78338623046875,-140.55206298828125,844.6431884765625
130.917236328125,95.70393371582033,133.4062957763672,195.8046417236328,-144.99209594726562,975.607421875,162.9903106689453,-23.866863250732425,484.6137390136719,271.1461486816406,-313.4794921875,892.4672241210938,-85.9901351928711,-359.84918212890625,160.70217895507812,-110.06700897216795,-125.0452117919922,983.7620849609376,-87.88886260986328,-241.43150329589844,513.7225952148438,-158.5638427734375,-139.76084899902344,842.9547119140625
130.88063049316406,104.6599578857422,134.07156372070312,195.3294219970703,-144.47964477539062,974.2391967773438,162.87010192871094,-19.708511352539062,483.9696960449219,269.3422546386719,-312.6836853027344,890.9722900390625,-84.64429473876953,-366.9103088378906,160.9404296875,-110.67796325683594,-125.53189849853516,982.2962036132812,-87.83602142333984,-240.80474853515625,511.9028930664063,-159.4333953857422,-139.10101318359375,841.2665405273438
130.86532592773438,113.46983337402344,134.87841796875,194.81912231445312,-144.1492462158203,972.9076538085938,162.72084045410156,-15.97396755218506,483.3297424316406,267.5701599121094,-311.5468444824219,889.2352294921875,-83.1934814453125,-372.4311828613281,161.10452270507812,-111.31353759765624,-126.23037719726562,980.9159545898438,-87.67636108398438,-240.53250122070312,510.223876953125,-160.3917694091797,-138.5763702392578,839.5953369140625
130.86581420898438,122.11349487304688,135.8484649658203,194.2689666748047,-144.0114288330078,971.6251220703124,162.5227813720703,-12.702958106994627,482.7000427246094,265.84112548828125,-310.0633850097656,887.2725219726562,-81.6570053100586,-376.4147338867188,161.13516235351562,-111.9733657836914,-127.14318084716795,979.6492309570312,-87.4036636352539,-240.6060333251953,508.7093200683594,-161.4374237060547,-138.1909637451172,837.958251953125
130.87596130371094,130.5685577392578,137.0054473876953,193.6744384765625,-144.0760955810547,970.4033203125,162.25619506835938,-9.933284759521484,482.0857238769531,264.16619873046875,-308.2285461425781,885.1029663085938,-80.06072235107422,-378.9007873535156,160.9967498779297,-112.65733337402344,-128.2675018310547,978.52197265625,-87.0222396850586,-241.0028533935547,507.3787536621094,-162.56768798828125,-137.94915771484375,836.3729248046875
130.8896484375,138.8097381591797,138.37435913085938,193.0315399169922,-144.3516845703125,969.2531127929688,161.9045867919922,-7.702097415924072,481.4896240234375,262.5560913085937,-306.03857421875,882.7471313476562,-78.43762969970703,-379.9648132324219,160.67698669433594,-113.36566925048828,-129.5946807861328,977.5571899414062,-86.54728698730469,-241.689697265625,506.2474060058594,-163.77877807617188,-137.85557556152344,834.8572998046875
130.90147399902344,146.80828857421875,139.98056030273438,192.3368225097656,-144.84425354003906,968.1840209960938,161.45799255371094,-6.046987533569336,480.9115905761719,261.0209045410156,-303.4908752441406,880.227294921875,-76.8274917602539,-379.7142028808594,160.18370056152344,-114.09899139404295,-131.10995483398438,976.7750244140624,-86.00486755371094,-242.62643432617188,505.32708740234375,-165.06597900390625,-137.91519165039062,833.4290161132812
130.90736389160156,154.5313720703125,141.8486785888672,191.5876007080078,-145.5564422607422,967.2040405273438,160.9163360595703,-5.006608486175537,480.3478088378906,259.5702514648437,-300.58447265625,877.5668334960938,-75.2754135131836,-378.2810668945313,159.53915405273438,-114.85831451416016,-132.7925262451172,976.1917114257812,-85.43111419677734,-243.7700958251953,504.6266174316406,-166.42372131347656,-138.13319396972656,832.1055908203125
130.9056396484375,161.9415283203125,144.0023956298828,190.78204345703125,-146.48654174804688,966.3192749023438,160.2921142578125,-4.6206374168396,479.7908325195313,258.21270751953125,-297.32000732421875,874.7900390625,-73.82919311523438,-375.8130187988281,158.77346801757812,-115.64494323730467,-134.61598205566406,975.8193969726562,-84.8707046508789,-245.07843017578125,504.1523132324219,-167.84576416015625,-138.51499938964844,830.90380859375
130.8988800048828,168.9958038330078,146.46510314941406,189.9193572998047,-147.62754821777344,965.5339965820312,159.61180114746094,-4.929038047790527,479.2300109863281,256.9559326171875,-293.7001037597656,871.9220581054688,-72.53569793701172,-372.4620361328125,157.91888427734375,-116.46039581298828,-136.54908752441406,975.6659545898438,-84.37464141845703,-246.51187133789065,503.906982421875,-169.32533264160156,-139.06605529785156,829.8394165039062
130.8957061767578,175.64456176757812,149.2595672607422,189.0,-148.96652221679688,964.8504638671876,158.91586303710938,-5.970654010772705,478.6519470214844,255.8064727783203,-289.7294616699219,868.9879760742188,-71.43658447265625,-368.3738708496094,157.00631713867188,-117.30619049072266,-138.55697631835938,975.7341918945312,-83.99723052978516,-248.0338134765625,503.8882446289063,-170.85525512695312,-139.7917938232422,828.9271850585938
130.9119415283203,181.8303985595703,152.40635681152344,188.0257568359375,-150.48423767089844,964.2689819335938,158.25665283203125,-7.781236171722412,478.0414123535156,254.7694854736328,-285.4152526855469,866.01318359375,-70.56354522705078,-363.67877197265625,156.0629425048828,-118.18363189697266,-140.60255432128906,976.0220947265624,-83.7924575805664,-249.6088409423828,504.0856628417969,-172.42811584472656,-140.69732666015625,828.180419921875
130.97085571289062,187.4872589111328,155.9215545654297,186.99989318847656,-152.15516662597656,963.7880859375,157.6947021484375,-10.391080856323242,477.3817443847656,253.84881591796875,-280.7669677734375,863.022705078125,-69.93439483642578,-358.4852294921875,155.1110382080078,-119.09363555908205,-142.64801025390625,976.5225830078124,-83.80957794189453,-251.19937133789065,504.4780578613281,-174.03639221191406,-141.787353515625,827.6107788085938
131.10183715820312,192.5400238037109,159.81468200683594,185.9270477294922,-153.94790649414062,963.4048461914062,157.2930450439453,-13.82257080078125,476.6559143066406,253.0468597412109,-275.796875,860.0408935546875,-69.55099487304688,-352.8767395019531,154.16854858398438,-120.03645324707033,-144.6562957763672,977.223876953125,-84.08821105957031,-252.7613220214844,505.0316467285156,-175.6724853515625,-143.06588745117188,827.22802734375
131.3377685546875,196.905029296875,164.0870819091797,184.81309509277344,-155.8260955810547,963.1151123046876,157.1107635498047,-18.08783531188965,475.847412109375,252.36456298828125,-270.51983642578125,857.0914916992188,-69.39933776855469,-346.9118957519531,153.25025939941406,-121.01154327392578,-146.59246826171875,978.1095581054688,-84.6535873413086,-254.23992919921875,505.7002258300781,-177.3287811279297,-144.53607177734375,827.0399169921875
131.71160888671875,200.49143981933597,168.73117065429688,183.66485595703125,-157.74954223632812,962.9140014648438,157.19593811035156,-23.186750411987305,474.9421997070313,251.8014373779297,-264.9534912109375,854.1971435546875,-69.45140838623047,-340.6266174316406,152.36907958984375,-122.01738739013672,-148.4246826171875,979.159423828125,-85.51251220703125,-255.5668487548828,506.4282531738281,-178.9976348876953,-146.19984436035156,827.052001953125
132.25259399414062,203.20361328125,173.7305450439453,182.4897003173828,-159.67578125,962.796142578125,157.57962036132812,-29.105613708496094,473.9310607910156,251.35565185546875,-259.1181030273437,851.3792724609375,-69.6683578491211,-334.0387268066406,151.53627014160156,-123.05147552490234,-150.12478637695312,980.3502807617188,-86.65106964111328,-256.6595458984375,507.1558837890625,-180.6713409423828,-148.05784606933594,827.2674560546875
132.9825897216797,204.94456481933597,179.059326171875,181.29513549804688,-161.56167602539062,962.7564086914062,158.27145385742188,-35.81671524047852,472.8126220703125,251.0240478515625,-253.03659057617188,848.657958984375,-70.00469970703125,-327.15283203125,150.76144409179688,-124.1103057861328,-151.66854858398438,981.6571044921876,-88.03470611572266,-257.4236755371094,507.8253173828125,-182.3419952392578,-150.109130859375,827.6870727539062
133.91310119628906,205.62045288085935,184.68089294433597,180.0884552001953,-163.36529541015625,962.7904052734376,159.2581024169922,-43.2788314819336,471.5958862304688,250.8023223876953,-246.73422241210935,846.0518798828125,-70.41300964355469,-319.9657592773437,150.05245971679688,-125.18948364257812,-153.0355682373047,983.0537719726562,-89.61104583740234,-257.7581787109375,508.3870849609375,-184.0015106201172,-152.35104370117188,828.3093872070312
135.04306030273438,205.1463623046875,190.54600524902344,178.87655639648438,-165.0476837158203,962.89501953125,160.5043487548828,-51.438602447509766,470.302490234375,250.68508911132807,-240.23846435546875,843.578125,-70.84835052490234,-312.4713134765625,149.41519165039062,-126.28387451171876,-154.20892333984375,984.5146484375,-91.3148956298828,-257.5624694824219,508.8049621582031,-185.64141845703125,-154.7790069580078,829.130615234375
136.35784912109375,203.4532012939453,196.5913848876953,177.66567993164062,-166.5743865966797,963.0692749023438,161.95655822753906,-60.23253631591797,468.9673767089844,250.6661071777344,-233.57858276367188,841.2522583007812,-71.27188873291016,-304.66461181640625,148.8534393310547,-127.38780212402344,-155.17457580566406,986.0151977539062,-93.0748062133789,-256.7444763183594,509.05908203125,-187.2528381347656,-157.38658142089844,830.1448974609375
137.829345703125,200.4955139160156,202.73956298828125,176.46136474609375,-167.91700744628906,963.3141479492188,163.5477752685547,-69.58918762207031,467.6385803222656,250.7383728027344,-226.7852935791016,839.0883178710938,-71.65342712402344,-296.5453186035156,148.36865234375,-128.4952850341797,-155.92092895507812,987.5330810546876,-94.82029724121094,-255.2278289794922,509.1468505859375,-188.8264617919922,-160.16537475585938,831.3446655273438
139.4177703857422,196.2587127685547,208.90155029296875,175.26828002929688,-169.05418395996094,963.6331787109376,165.20355224609375,-79.43131256103516,466.3754577636719,250.89434814453125,-219.89028930664065,837.0988159179688,-71.97279357910156,-288.119873046875,147.9598388671875,-129.60028076171875,-156.4382781982422,989.0487670898438,-96.48899841308594,-252.95794677734372,509.08148193359375,-190.3524932861328,-163.1051483154297,832.720703125
141.07472229003906,190.76437377929688,214.9813995361328,174.0902557373047,-169.9721221923828,964.031982421875,166.84762573242188,-89.67776489257812,465.2456665039063,251.1260986328125,-212.92579650878903,835.294677734375,-72.22002410888672,-279.4029846191406,147.62350463867188,-130.6969451904297,-156.7185516357422,990.5455322265624,-98.03295135498048,-249.9064178466797,508.8887023925781,-191.82077026367188,-166.19393920898438,834.2625732421875
142.74732971191406,184.07228088378903,220.88169860839844,172.93016052246094,-170.66452026367188,964.5181274414062,168.40719604492188,-100.24526977539062,464.32171630859375,251.4254302978516,-205.92410278320312,833.6852416992188,-72.39451599121094,-270.4178771972656,147.35377502441406,-131.77984619140625,-156.75514221191406,992.0098876953124,-99.42301940917967,-246.07440185546875,508.6014709472656,-193.2208404541016,-169.4182891845703,835.9588012695312
144.38262939453125,176.27845764160156,226.50852966308597,171.7899169921875,-171.1322784423828,965.100341796875,169.81719970703125,-111.04991149902344,463.6767578125,251.7839508056641,-198.9171600341797,832.2779541015625,-72.50330352783203,-261.1953125,147.14276123046875,-132.8441619873047,-156.54296875,993.4310302734376,-100.65048217773438,-241.4934844970703,508.2545776367188,-194.54209899902344,-172.76341247558594,837.7973022460938
145.93177795410156,167.50900268554688,231.7746734619141,170.67050170898438,-171.38275146484375,965.7881469726562,171.02349853515625,-122.00836944580078,463.38031005859375,252.1931915283203,-191.93621826171875,831.0782470703125,-72.55895233154297,-251.7710723876953,146.9813232421875,-133.88584899902344,-156.07867431640625,994.8005981445312,-101.72523498535156,-236.22378540039065,507.8795471191406,-195.7739715576172,-176.2135772705078,839.7654418945312
147.35340881347656,157.91024780273438,236.60052490234372,169.57199096679688,-171.42880249023438,966.5903930664062,171.98504638671875,-133.03903198242188,463.4939270019531,252.64463806152344,-185.0114898681641,830.0894165039062,-72.57716369628906,-242.1826934814453,146.8599853515625,-134.90171813964844,-155.36106872558594,996.1119995117188,-102.67095184326172,-230.34898376464844,507.5012512207031,-196.9061279296875,-179.75222778320312,841.8504638671875
148.61563110351562,147.63632202148438,240.91302490234372,168.49371337890625,-171.28775024414062,967.5144653320312,172.6748809814453,-144.06263732910156,464.0670471191406,253.12974548339844,-178.1718292236328,829.3124389648438,-72.57434844970703,-232.46664428710935,146.7698974609375,-135.8894500732422,-154.39151000976562,997.3602294921876,-103.51831817626952,-223.9686279296875,507.13677978515625,-197.92868041992188,-183.3623809814453,844.0394287109375
149.69654846191406,136.8356475830078,244.6439514160156,167.4344940185547,-170.9801788330078,968.5648803710938,173.07986450195312,-155.0026397705078,465.133544921875,253.6400146484375,-171.44451904296875,828.7454833984375,-72.5654525756836,-222.65618896484372,146.70364379882812,-136.8474578857422,-153.1744842529297,998.5408935546876,-104.2978515625,-217.18907165527344,506.7962036132813,-198.83238220214844,-187.02685546875,846.3193359375
150.58348083496094,125.6385726928711,247.72874450683597,166.39292907714844,-170.52865600585938,969.7423706054688,173.19924926757812,-165.7852325439453,466.7089538574219,254.1669464111328,-164.8550567626953,828.3840942382812,-72.56237030029297,-212.7805328369141,146.6558074951172,-137.7747344970703,-151.71792602539062,999.6500854492188,-105.03385162353516,-210.1143341064453,506.4842224121094,-199.6088409423828,-190.7285003662109,848.6773681640625
151.27186584472656,114.14754486083984,250.1065368652344,165.36776733398438,-169.9563446044922,971.04296875,173.04212951660156,-176.3394012451172,468.7889099121094,254.70217895507807,-158.42701721191406,828.2208862304688,-72.57295989990234,-202.86505126953125,146.6230010986328,-138.6705322265625,-150.03359985351562,1000.6842041015624,-105.740478515625,-202.83811950683597,506.2026672363281,-200.2506866455078,-194.45042419433597,851.1007080078125
151.76487731933594,102.43083190917967,251.7215881347656,164.35830688476562,-169.28564453125,972.4578247070312,172.6240997314453,-186.59747314453125,471.3487854003906,255.23741149902344,-152.181884765625,828.2454833984375,-72.6008529663086,-192.93153381347656,146.60342407226562,-139.5340576171875,-148.13699340820312,1001.6392211914062,-106.42064666748048,-195.4376373291016,505.9522399902344,-200.75164794921875,-198.1761932373047,853.57666015625
152.07376098632812,90.5204849243164,252.5255279541016,163.36505126953125,-168.53689575195312,973.97314453125,171.96405029296875,-196.49610900878903,474.3446044921875,255.76454162597656,-146.13905334472656,828.4446411132812,-72.64602661132812,-182.9976806640625,146.5960693359375,-140.36412048339844,-146.0471954345703,1002.51123046875,-107.06770324707033,-187.96995544433597,505.7335205078125,-201.10678100585935,-201.8900146484375,856.09228515625
152.2180633544922,78.41436767578125,252.47972106933597,162.38999938964844,-167.72744750976562,975.570556640625,171.08131408691406,-205.97775268554688,477.7155151367188,256.2757568359375,-140.31564331054688,828.8023681640625,-72.70587158203125,-173.07664489746094,146.6001434326172,-141.1588592529297,-143.78646850585938,1003.2959594726562,-107.6689910888672,-180.4713287353516,505.5472717285156,-201.31246948242188,-205.5767974853516,858.634765625
152.2246856689453,66.08163452148438,251.5573272705078,161.4369354248047,-166.87115478515625,977.2281494140624,169.9939422607422,-214.99205017089844,481.3872985839844,256.7635498046875,-134.7266082763672,829.2999877929688,-72.77642822265625,-163.17718505859375,146.6144561767578,-141.9156494140625,-141.379638671875,1003.9891357421876,-108.21038818359376,-172.9596405029297,505.3938598632813,-201.36651611328125,-209.2223052978516,861.1908569335938
152.1257781982422,53.4703369140625,249.7450408935547,160.5113525390625,-165.9781494140625,978.9208374023438,168.71771240234375,-223.4964599609375,485.2766723632813,257.22076416015625,-129.3845977783203,829.916748046875,-72.85348510742188,-153.30409240722656,146.6371612548828,-142.63108825683594,-138.85340881347656,1004.5867919921876,-108.68040466308594,-165.4393310546875,505.27252197265625,-201.26817321777344,-212.8131866455078,863.7471313476562
151.9561309814453,40.51557540893555,247.04513549804688,159.62014770507812,-165.05528259277344,980.6213989257812,167.26622009277344,-231.45628356933597,489.2959899902344,257.64080810546875,-124.3000946044922,830.6300048828125,-72.9333267211914,-143.4589080810547,146.66580200195312,-143.30116271972656,-136.2354736328125,1005.0850219726562,-109.07298278808594,-157.9075469970703,505.18072509765625,-201.0181121826172,-216.33702087402344,866.2896728515625
151.7507781982422,27.147050857543945,243.47802734375,158.77105712890625,-164.1065673828125,982.301513671875,165.65142822265625,-238.84408569335935,493.3575134277344,258.0176086425781,-119.48137664794922,831.415771484375,-73.01303100585938,-133.64056396484375,146.69766235351562,-143.9214630126953,-133.5537109375,1005.4808349609376,-109.38818359375,-150.3600616455078,505.1138305664063,-200.6184234619141,-219.78237915039065,868.8041381835938
151.54273986816406,13.295587539672852,239.08482360839844,157.97198486328125,-163.13409423828125,983.932373046875,163.88510131835938,-245.6390380859375,497.3770446777344,258.3457946777344,-114.93470764160156,832.2493286132812,-73.09040069580078,-123.84625244140624,146.7301483154297,-144.4875030517578,-130.83534240722656,1005.771728515625,-109.63119506835938,-142.7958221435547,505.0652465820313,-200.07257080078125,-223.1388092041016,871.2755126953125
151.36041259765625,-1.1015452146530151,233.92901611328125,157.23025512695312,-162.138916015625,985.4854125976562,161.98033142089844,-251.8260803222656,501.2764892578125,258.62066650390625,-110.66439819335938,833.1055908203125,-73.1636734008789,-114.07215118408205,146.7611541748047,-144.9949493408203,-128.10609436035156,1005.9561157226562,-109.81029510498048,-135.21954345703125,505.0270080566406,-199.38526916503903,-226.3968963623047,873.6883544921875
151.2248992919922,-16.096357345581055,228.0968780517578,156.5519561767578,-161.121826171875,986.9329833984376,159.9532470703125,-257.3951416015625,504.9858093261719,258.8383178710937,-106.67304229736328,833.9596557617188,-73.23121643066406,-104.31427001953124,146.7893829345703,-145.43994140625,-125.38983917236328,1006.0335693359376,-109.93476104736328,-127.64226531982422,504.9905090332031,-198.56246948242188,-229.5481719970703,876.0266723632812
151.1480255126953,-31.72653007507324,221.6964263916016,155.94168090820312,-160.0839080810547,988.2490234375,157.8245849609375,-262.3404846191406,508.4438171386719,258.9957275390625,-102.96163940429688,834.787353515625,-73.29139709472656,-94.56902313232422,146.814453125,-145.8193817138672,-122.70832824707033,1006.0042114257812,-110.0132827758789,-120.08045959472656,504.9475402832031,-197.6112518310547,-232.5850830078125,878.2738037109375
151.13108825683594,-48.01221084594727,214.85508728027344,155.4024200439453,-159.02691650390625,989.4098510742188,155.62057495117188,-266.6600341796875,511.5987243652344,259.0907287597656,-99.52980041503906,835.5657958984375,-73.34281158447266,-84.83369445800781,146.83676147460938,-146.13108825683594,-120.0812759399414,1005.8690185546876,-110.05323791503906,-112.55406951904295,504.8910217285156,-196.53976440429688,-235.50082397460935,880.4129028320312
151.16505432128906,-64.95315551757812,207.7158966064453,154.93551635742188,-157.95350646972656,990.3946533203124,153.37319946289062,-270.35528564453125,514.4080810546875,259.1220397949219,-96.3759307861328,836.273681640625,-73.38456726074219,-75.10655212402344,146.85743713378906,-146.37400817871094,-117.52651977539062,1005.6295166015624,-110.06085205078124,-105.0841293334961,504.8160400390625,-195.357177734375,-238.28927612304688,882.4266357421875
151.23171997070312,-82.5267105102539,200.4325256347656,154.54086303710938,-156.86721801757812,991.1861572265624,151.1195068359375,-273.4313049316406,516.838623046875,259.08941650390625,-93.4973373413086,836.8914794921875,-73.41655731201172,-65.3867416381836,146.87796020507812,-146.54820251464844,-115.06016540527344,1005.2874755859376,-110.04180908203124,-97.6905517578125,504.72021484375,-194.07362365722656,-240.9448699951172,884.2976684570312
151.30633544921875,-100.68718719482422,193.16311645507807,154.21705627441406,-155.77256774902344,991.7706909179688,148.9000701904297,-275.8973693847656,518.8660278320312,258.9934997558594,-90.89034271240234,837.4021606445312,-73.4394302368164,-55.67411422729492,146.8999786376953,-146.6548614501953,-112.69674682617188,1004.8446655273438,-110.00220489501952,-90.3902587890625,504.6038513183594,-192.7000274658203,-243.4625396728516,886.0087280273438
151.36085510253906,-119.36647033691406,186.06378173828125,153.96163940429688,-154.67495727539062,992.1386108398438,146.75685119628906,-277.7678527832031,520.4744262695312,258.8359680175781,-88.55036926269531,837.7909545898438,-73.4543685913086,-45.96898651123047,146.92489624023438,-146.6960906982422,-110.4493179321289,1004.302978515625,-109.94921875,-83.1960678100586,504.4695434570313,-191.2480926513672,-245.837646484375,887.54296875
151.3669891357422,-138.47482299804688,179.28233337402344,153.77127075195312,-153.58070373535156,992.2843627929688,144.73043823242188,-279.0634765625,521.6566162109375,258.6194763183594,-86.47207641601562,838.0458984375,-73.462646484375,-36.27202987670898,146.95364379882812,-146.67477416992188,-108.32953643798828,1003.6641235351562,-109.89132690429688,-76.11647033691406,504.3213195800781,-189.73013305664065,-248.06593322753903,888.8842163085938
151.2984161376953,-157.90135192871094,172.9527130126953,153.64202880859375,-152.4969482421875,992.2063598632812,142.857421875,-279.8125915527344,522.4136352539062,258.34771728515625,-84.64945220947266,838.157470703125,-73.4649887084961,-26.584243774414062,146.98646545410156,-146.59426879882812,-106.34764099121094,1002.9297485351562,-109.83804321289062,-69.15641021728516,504.1634216308594,-188.158935546875,-250.14352416992188,890.0172119140625
151.1318359375,-177.5146484375,167.18983459472656,153.5695037841797,-151.4317169189453,991.9070434570312,141.1677703857422,-280.05206298828125,522.7551879882812,258.02545166015625,-83.0759506225586,838.1192016601562,-73.46121978759766,-16.906986236572266,147.02294921875,-146.45834350585938,-104.51248931884766,1002.1015014648438,-109.7990951538086,-62.3188705444336,503.9991455078125,-186.5476226806641,-252.06675720214844,890.9280395507812
150.8474578857422,-197.1634979248047,162.08506774902344,153.549072265625,-150.39395141601562,991.3922729492188,139.68270874023438,-279.8278503417969,522.6995849609375,257.6584167480469,-81.74455261230469,837.9271850585938,-73.4502944946289,-7.24193811416626,147.06239318847656,-146.27099609375,-102.8315200805664,1001.180908203125,-109.78330993652344,-55.6065788269043,503.8298034667969,-184.90951538085935,-253.8322296142578,891.6041870117188
150.42916870117188,-216.67837524414065,157.70228576660156,153.57608032226562,-149.39366149902344,990.6715698242188,138.41342163085938,-279.1951599121094,522.2733154296875,257.25347900390625,-80.6478500366211,837.5803833007812,-73.43046569824219,2.408774375915528,147.10435485839844,-146.03646850585938,-101.31065368652344,1000.1699829101562,-109.79743957519533,-49.02359390258789,503.6542663574219,-183.2579498291016,-255.4366607666016,892.0350952148438
149.8645477294922,-235.87374877929688,154.07493591308594,153.6459503173828,-148.44190979003906,989.7574462890624,137.36044311523438,-278.21807861328125,521.5106811523438,256.8184509277344,-79.77808380126953,837.080322265625,-73.39968872070312,12.04209327697754,147.14910888671875,-145.75927734375,-99.95417022705078,999.0706787109376,-109.8449478149414,-42.576541900634766,503.4689331054688,-181.6061553955078,-256.8768920898437,892.2122802734375
149.1450653076172,-254.55160522460935,151.20416259765625,153.75439453125,-147.55093383789062,988.665283203125,136.51409912109375,-276.9682006835937,520.4525756835938,256.3620910644531,-79.1272201538086,836.4312744140625,-73.3560791015625,21.653366088867188,147.19825744628906,-145.44419860839844,-98.7646255493164,997.8857421875,-109.92527770996094,-36.2755126953125,503.2684326171875,-179.96705627441406,-258.1497497558594,892.129638671875
148.26632690429688,-272.5061950683594,149.05853271484375,153.8974151611328,-146.73403930664062,987.4129028320312,135.85549926757812,-275.5227966308594,519.145263671875,255.8939666748047,-78.6869888305664,835.6400146484375,-73.29850769042969,31.23586654663086,147.2551727294922,-145.0962677001953,-97.74281311035156,996.6185913085938,-110.0334014892578,-30.134382247924805,503.04632568359375,-178.35316467285156,-259.25213623046875,891.7837524414062
147.2286376953125,-289.5299072265625,147.57574462890625,154.07142639160156,-146.0055694580078,986.0206909179688,135.35824584960938,-273.9623107910156,517.6387939453125,255.4243011474609,-78.44895935058594,834.7156982421875,-73.22684478759766,40.7807731628418,147.3257293701172,-144.720703125,-96.88787841796876,995.2740478515624,-110.15995025634766,-24.170623779296875,502.7962951660156,-176.7764434814453,-260.1808776855469,891.174072265625
146.037353515625,-305.4195556640625,146.66648864746094,154.27316284179688,-145.38063049316406,984.5110473632812,134.99032592773438,-272.36737060546875,515.9849853515625,254.9637756347656,-78.40459442138672,833.6696166992188,-73.14213562011719,50.27740859985352,147.41839599609375,-144.32284545898438,-96.19747924804688,993.8580322265624,-110.29164123535156,-18.404664993286133,502.5133666992188,-175.24813842773438,-260.9327697753906,890.3030395507812
144.70321655273438,-319.9837646484375,146.22015380859375,154.49972534179688,-144.87498474121094,982.9083862304688,134.71636962890625,-270.8158874511719,514.23583984375,254.5233612060547,-78.54534912109375,832.5153198242188,-73.04676055908203,59.71354675292969,147.54405212402344,-143.90797424316406,-95.66813659667967,992.378662109375,-110.41205596923828,-12.858936309814451,502.1949462890625,-173.77877807617188,-261.5046081542969,889.176513671875
143.24227905273438,-333.0498962402344,146.11244201660156,154.74850463867188,-144.50466918945312,981.23876953125,134.50001525878906,-269.38018798828125,512.4417724609375,254.114013671875,-78.86272430419922,831.2681884765625,-72.94466400146484,69.07585906982422,147.71530151367188,-143.48126220703125,-95.2956771850586,990.8456420898438,-110.50261688232422,-7.556802272796631,501.84185791015625,-172.37806701660156,-261.8931884765625,887.8036499023438
141.67567443847656,-344.4712219238281,146.21434020996094,155.01712036132812,-144.28579711914062,979.52978515625,134.30654907226562,-268.1238708496094,510.6498107910156,253.7465057373047,-79.34839630126953,829.9453735351562,-72.84127807617188,78.35050964355469,147.9459228515625,-143.0476531982422,-95.07576751708984,989.2709350585938,-110.54364013671876,-2.5215823650360107,501.4583435058594,-171.0548858642578,-262.09539794921875,886.197021484375
140.0288543701172,-354.1336975097656,146.40196228027344,155.30331420898438,-144.23403930664062,977.8102416992188,134.10528564453125,-267.0987548828125,508.9023742675781,253.4311370849609,-79.99430847167969,828.5654907226562,-72.74334716796875,87.5235824584961,148.2501678466797,-142.6116943359375,-95.0044403076172,987.6683349609376,-110.51537322998048,2.2241766452789307,501.0520629882813,-169.8172149658203,-262.1082458496094,884.3727416992188
138.33041381835938,-361.9617309570313,146.5662384033203,155.6050262451172,-144.3643035888672,976.1097412109376,133.87156677246094,-266.3422546386719,507.2360229492188,253.17755126953125,-80.79279327392578,827.1483764648438,-72.65843963623047,96.58138275146484,148.64263916015625,-142.17752075195312,-95.0785140991211,986.053466796875,-110.39909362792967,6.659063816070557,500.6333312988281,-168.67221069335938,-261.928955078125,882.350341796875
136.61058044433594,-367.9228210449219,146.6209716796875,155.9202423095703,-144.6900634765625,974.4585571289062,133.58815002441406,-265.8753967285156,505.68017578125,252.99452209472656,-81.73670959472656,825.7147827148438,-72.59435272216797,105.51051330566406,149.13807678222656,-141.74871826171875,-95.29583740234376,984.4432373046876,-110.17800903320312,10.762718200683594,500.2140502929688,-167.6260986328125,-261.5552062988281,880.1524047851562
134.8996124267578,-372.0305480957031,146.50741577148438,156.24703979492188,-145.22274780273438,972.886962890625,133.24594116210938,-265.7022705078125,504.256591796875,252.8898468017578,-82.819580078125,824.2862548828125,-72.55838775634766,114.29779052734376,149.75144958496094,-141.32818603515625,-95.65534973144533,982.8555297851562,-109.83819580078124,14.515166282653809,499.8065490722656,-166.68423461914062,-260.9850158691406,877.804931640625
133.2268829345703,-374.3452453613281,146.19602966308594,156.58364868164062,-145.9711151123047,971.4249877929688,132.84420776367188,-265.81103515625,502.9794006347656,252.87013244628903,-84.03575897216797,822.8846435546875,-72.55679321289062,122.93002319335938,150.49794006347656,-140.9181365966797,-96.15695190429688,981.308837890625,-109.36934661865234,17.895523071289062,499.4224853515625,-165.85107421875,-260.2171630859375,875.3363037109375
131.62039184570312,-374.9725646972656,145.6852569580078,156.928466796875,-146.9403839111328,970.101806640625,132.39015197753906,-266.176513671875,501.8558044433594,252.9407501220703,-85.38054656982422,821.5319213867188,-72.59440612792969,131.3934783935547,151.39303588867188,-140.51995849609375,-96.80105590820312,979.8214721679688,-108.7655792236328,20.88022804260254,499.0717468261719,-165.13018798828125,-259.2511291503906,872.7774047851562
130.10670471191406,-374.05859375,144.99754333496094,157.28013610839844,-148.13168334960938,968.9451904296876,131.89810180664062,-266.76348876953125,500.8878479003906,253.10574340820312,-86.85029602050781,820.2495727539062,-72.67451477050781,139.67294311523438,152.45281982421875,-140.1342010498047,-97.58795166015624,978.4112548828124,-108.02633666992188,23.441139221191406,498.76165771484375,-164.52418518066406,-258.0874328613281,870.1611328125
128.71087646484375,-371.7818603515625,144.17237854003906,157.63758850097656,-149.54132080078125,967.9807739257812,131.38845825195312,-267.5308837890625,500.0741882324219,253.3677978515625,-88.44255828857422,819.0587158203125,-72.79898834228516,147.75038146972656,153.694091796875,-139.76046752929688,-98.51702880859376,977.0947875976562,-107.15725708007812,25.54397964477539,498.4964294433594,-164.0348358154297,-256.7275390625,867.5216064453125
127.4560775756836,-368.3421630859375,143.25765991210938,158.00006103515625,-151.1604766845703,967.2314453125,130.88636779785156,-268.4352722167969,499.41217041015625,253.72821044921875,-90.15608215332033,817.9793701171875,-72.96842193603516,155.603271484375,155.134521484375,-139.39752197265625,-99.58582305908205,975.8870239257812,-106.1709442138672,27.14763641357422,498.2769165039063,-163.6628875732422,-255.1742248535156,864.8937377929688
126.36245727539062,-363.9466552734375,142.3008575439453,158.3672332763672,-152.97488403320312,966.716552734375,130.4203643798828,-269.4339294433594,498.8994445800781,254.18690490722656,-91.99081420898438,817.0302124023438,-73.18242645263672,163.20274353027344,156.79237365722656,-139.04327392578125,-100.7891082763672,974.8010864257812,-105.08722686767578,28.20478630065918,498.1004028320313,-163.40821838378906,-253.43157958984372,862.3126220703125
125.44554901123048,-358.7943115234375,141.34230041503906,158.73904418945312,-154.96498107910156,966.4511108398438,130.02078247070312,-270.4862365722656,498.5346984863281,254.7425537109375,-93.94784545898438,816.2284545898438,-73.43988037109375,170.51165771484375,158.68629455566406,-138.69485473632812,-102.11804962158205,973.8475952148438,-103.9333267211914,28.663663864135746,497.9608459472656,-163.269775390625,-251.50509643554688,859.812744140625
124.71417999267578,-353.0615234375,140.41232299804688,159.11578369140625,-157.10623168945312,966.4450073242188,129.7183074951172,-271.5534973144531,498.3172912597656,255.3925628662109,-96.02922058105467,815.5892333984375,-73.73955535888672,177.48304748535156,160.83511352539062,-138.34873962402344,-103.5594711303711,973.0346069335938,-102.7440185546875,28.47078514099121,497.8484802246094,-163.2455596923828,-249.40179443359372,857.4274291992188
124.16877746582033,-346.8910827636719,139.53175354003906,159.49795532226562,-159.36972045898438,966.7024536132812,129.54220581054688,-272.5970458984375,498.245849609375,256.1332397460937,-98.2378158569336,815.1255493164062,-74.08074951171875,184.05923461914065,163.2581024169922,-138.0009002685547,-105.0953598022461,972.3672485351562,-101.56139373779295,27.574506759643555,497.7496948242188,-163.33267211914062,-247.130126953125,855.187744140625
123.8005599975586,-340.3872375488281,138.71385192871094,159.88616943359375,-161.72299194335938,967.2216186523438,129.5182647705078,-273.5750427246094,498.3159484863281,256.9599914550781,-100.57711791992188,814.8477783203125,-74.46377563476562,190.1717529296875,165.9751739501953,-137.6470184326172,-106.70265197753906,971.8478393554688,-100.43392944335938,25.92924118041992,497.64654541015625,-163.52737426757812,-244.7001037597656,853.1223754882812
123.5920181274414,-333.6163635253906,137.9661102294922,160.28103637695312,-164.1309356689453,967.9942626953124,129.66653442382812,-274.43878173828125,498.51763916015625,257.86737060546875,-103.05095672607422,814.763671875,-74.88983917236328,195.7421417236328,169.00704956054688,-137.28273010253906,-108.3533706665039,971.4757080078124,-99.41449737548828,23.499902725219727,497.51654052734375,-163.82516479492188,-242.12310791015625,851.2565307617188
123.5185775756836,-326.61236572265625,137.29156494140625,160.6830596923828,-166.5568389892578,969.005615234375,129.99880981445312,-275.12921142578125,498.83343505859375,258.84930419921875,-105.66331481933594,814.8780517578125,-75.36036682128906,200.68370056152344,172.37493896484375,-136.9038543701172,-110.01506042480467,971.2470703125,-98.55705261230467,20.26606559753418,497.3329162597656,-164.22085571289062,-239.4118804931641,849.6114501953125
123.55123901367188,-319.384033203125,136.68984985351562,161.09251403808594,-168.9633026123047,970.235107421875,130.51670837402344,-275.5754089355469,499.2377624511719,259.8993530273437,-108.4180908203125,815.1925048828125,-75.87590789794922,204.9039764404297,176.09962463378906,-136.50682067871094,-111.65181732177734,971.1556396484376,-97.91223907470705,16.22509765625,497.0661315917969,-164.70867919921875,-236.5803375244141,848.2041625976562
123.65950775146484,-311.9235534667969,136.1580047607422,161.50936889648438,-171.3133087158203,971.6565551757812,131.21031188964844,-275.6954040527344,499.6977233886719,261.0106201171875,-111.31897735595705,815.7056274414062,-76.43489074707031,208.3084259033203,180.19952392578125,-136.0889129638672,-113.22579956054688,971.1925048828124,-97.5222625732422,11.393635749816896,496.6866149902344,-165.28250122070312,-233.64337158203125,847.0471801757812
123.8140106201172,-304.2153625488281,135.69105529785156,161.93331909179688,-173.57093811035156,973.2396850585938,132.05836486816406,-275.3999938964844,500.1754455566406,262.1761169433594,-114.36925506591795,816.4127807617188,-77.03252410888672,210.8049468994141,184.6879425048828,-135.64871215820312,-114.698974609375,971.3468627929688,-97.41577911376952,5.807007789611816,496.1687927246094,-165.93594360351562,-230.61663818359372,846.14794921875
123.98851776123048,-296.2437438964844,135.2825469970703,162.3637237548828,-175.70217895507812,974.95068359375,133.02980041503906,-274.5994567871094,500.63134765625,263.3886413574219,-117.57161712646484,817.3065185546875,-77.66029357910156,212.30909729003903,189.56944274902344,-135.18617248535156,-116.03497314453124,971.606689453125,-97.60413360595705,-0.4833472967147827,495.4962463378906,-166.66258239746094,-227.5162048339844,845.5094604492188
124.1611785888672,-287.9991149902344,134.92510986328125,162.79981994628906,-177.6755828857422,976.7542114257812,134.08670043945312,-273.2117614746094,501.02777099609375,264.6409912109375,-120.9280014038086,818.376708984375,-78.30624389648438,212.75001525878903,194.8359832763672,-134.7027130126953,-117.20095825195312,971.9590454101562,-98.07994842529295,-7.41404914855957,494.666259765625,-167.45611572265625,-224.3583221435547,845.1297607421875
124.31526947021484,-279.48175048828125,134.6109619140625,163.24085998535156,-179.46278381347656,978.6143798828124,135.1884002685547,-271.17095947265625,501.3327026367188,265.9259033203125,-124.43939971923828,819.61083984375,-78.95589447021484,212.0765686035156,200.46348571777344,-134.20115661621094,-118.1692886352539,972.3914794921876,-98.8187484741211,-14.914862632751465,493.6935119628906,-168.31048583984375,-221.15904235839844,845.0026245117188
124.43952178955078,-270.70367431640625,134.33229064941406,163.68617248535156,-181.03892517089844,980.4963989257812,136.29629516601562,-268.4342956542969,501.5223083496094,267.2360534667969,-128.1057586669922,820.9947509765625,-79.5933837890625,210.2632293701172,206.40933227539065,-133.6854248046875,-118.91900634765624,972.8922119140624,-99.78297424316406,-22.913633346557617,492.61224365234375,-169.219970703125,-217.9338836669922,845.11767578125
124.52799987792967,-261.6883239746094,134.08160400390625,164.13546752929688,-182.38308715820312,982.367919921875,137.3785858154297,-264.9872741699219,501.5825805664063,268.56402587890625,-131.92584228515625,822.512939453125,-80.20276641845703,207.31417846679688,212.61166381835935,-133.16024780273438,-119.4368896484375,973.4513549804688,-100.92755889892578,-31.340421676635746,491.4758911132813,-170.1792449951172,-214.6975555419922,845.4608764648438
124.5794677734375,-252.46810913085935,133.85194396972656,164.58877563476562,-183.4785003662109,984.1997680664062,138.4141082763672,-260.84539794921875,501.510009765625,269.90234375,-135.89720153808594,824.1492309570312,-80.76950073242188,203.26446533203125,218.9904327392578,-132.6307830810547,-119.71807098388672,974.06103515625,-102.20589447021484,-40.13043975830078,490.3546447753906,-171.18338012695312,-211.4635772705078,846.0150756835938
124.59651947021484,-243.0808868408203,133.63717651367188,165.04652404785156,-184.3127593994141,985.9669189453124,139.39439392089844,-256.05279541015625,501.3110046386719,271.2432861328125,-140.01612854003906,825.88720703125,-81.28215789794922,198.1778564453125,225.4504547119141,-132.102294921875,-119.7661590576172,974.7160034179688,-103.5750732421875,-49.225372314453125,489.3302917480469,-172.2277374267578,-208.2440490722656,846.760498046875
124.5845947265625,-233.56602478027344,133.43235778808594,165.50946044921875,-184.87777709960935,987.64892578125,140.32345581054688,-250.67752075195312,501.0001220703125,272.578857421875,-144.27764892578125,827.7111206054688,-81.7342300415039,192.14138793945312,231.8851623535156,-131.5797119140625,-119.59278869628906,975.4139404296876,-104.99935913085938,-58.57281494140625,488.4896545410156,-173.30789184570312,-205.04949951171875,847.6753540039062
124.5509033203125,-223.9609222412109,133.23397827148438,165.97860717773438,-185.1697998046875,989.2296752929688,141.2153778076172,-244.80470275878903,500.5977478027344,273.9006652832031,-148.67555236816406,829.60595703125,-82.12557983398438,185.25657653808597,238.18014526367188,-131.0674591064453,-119.216796875,976.155029296875,-106.45132446289062,-68.12403869628906,487.91693115234375,-174.41949462890625,-201.8886566162109,848.7365112304688
124.50337982177734,-214.2984619140625,133.04013061523438,166.45521545410156,-185.18917846679688,990.6974487304688,142.08956909179688,-238.5282287597656,500.12744140625,275.1999206542969,-153.2024383544922,831.55810546875,-82.46320343017578,177.62872314453125,244.2157287597656,-130.56919860839844,-118.66291046142578,976.9415893554688,-107.91116333007812,-77.83087921142578,487.68603515625,-175.5580596923828,-198.76841735839844,849.9196166992188
124.44953918457033,-204.60540771484372,132.8506622314453,166.94058227539062,-184.9400177001953,992.0440673828124,142.96473693847656,-231.9423675537109,499.6132507324219,276.4673156738281,-157.84979248046875,833.5555419921875,-82.76104736328125,169.35586547851562,249.8685607910156,-130.0878448486328,-117.96013641357422,977.7777099609376,-109.36514282226562,-87.6429214477539,487.8540954589844,-176.71881103515625,-195.69387817382807,851.2000732421875
124.39549255371094,-194.9019775390625,132.66709899902344,167.4359893798828,-184.42991638183597,993.2647094726562,143.85260009765625,-225.1338653564453,499.0776062011719,277.6929931640625,-162.60804748535156,835.5880737304688,-83.03888702392578,160.52012634277344,255.01341247558597,-129.6255645751953,-117.13999938964844,978.66796875,-110.80401611328124,-97.5054931640625,488.4566040039063,-177.8964385986328,-192.66835021972656,852.552978515625
124.34525299072266,-185.2018280029297,132.49241638183594,167.94239807128906,-183.6693572998047,994.3570556640624,144.7525177001953,-218.176025390625,498.5396728515625,278.86651611328125,-167.46673583984375,837.6473999023438,-83.32064056396484,151.182861328125,259.5264892578125,-129.18405151367188,-116.23465728759766,979.6168212890624,-112.22168731689452,-107.35871887207033,489.5054626464844,-179.08502197265625,-189.69346618652344,853.95361328125
124.30043029785156,-175.51266479492188,132.3306121826172,168.46023559570312,-182.6714324951172,995.3206176757812,145.64886474609375,-211.1250457763672,498.0144348144531,279.9769592285156,-172.41453552246094,839.72705078125,-83.632568359375,141.38401794433594,263.29058837890625,-128.76463317871094,-115.27525329589844,980.6273193359376,-113.61408233642578,-117.13763427734376,490.9891357421875,-180.27783203125,-186.7693634033203,855.3778686523438
124.2603988647461,-165.83697509765625,132.18624877929688,168.9891357421875,-181.4513397216797,996.1563110351562,146.51173400878906,-204.0187530517578,497.5122680664063,281.0128173828125,-177.43942260742188,841.8222045898438,-84.0016098022461,131.1447296142578,266.2010803222656,-128.36863708496094,-114.29035186767578,981.7005004882812,-114.9779052734375,-126.77366638183594,492.8746948242188,-181.46734619140625,-183.8949279785156,856.8021850585938
124.22277069091795,-156.17294311523438,132.06370544433594,169.5277099609375,-180.02622985839844,996.86572265625,147.30157470703125,-196.877685546875,497.0393981933594,281.9623413085937,-182.52870178222656,843.9296875,-84.45402526855469,120.47178649902344,268.1719665527344,-127.99761199951172,-113.3048324584961,982.83447265625,-116.3091278076172,-136.19747924804688,495.11126708984375,-182.6452178955078,-181.0679626464844,858.203857421875
124.18406677246094,-146.5157470703125,131.96665954589844,170.07325744628906,-178.41494750976562,997.45068359375,147.97677612304688,-189.707275390625,496.598388671875,282.8133544921875,-187.66915893554688,846.0474243164062,-85.01419830322266,109.36246490478516,269.140625,-127.65349578857422,-112.33905029296876,984.0241088867188,-117.60131072998048,-145.3424835205078,497.63427734375,-183.8024444580078,-178.2855224609375,859.5613403320312
124.14041137695312,-136.8589630126953,131.89747619628906,170.62167358398438,-176.6378173828125,997.9132080078124,148.50257873535156,-182.50108337402344,496.18939208984375,283.5537109375,-192.8471221923828,848.1741943359375,-85.70365142822266,97.80894470214844,269.07086181640625,-127.3387680053711,-111.40850830078124,985.2606201171876,-118.84386444091795,-154.14833068847656,500.3707275390625,-184.92950439453125,-175.54415893554688,860.8541259765625
124.08804321289062,-127.19605255126952,131.85690307617188,171.16722106933594,-174.7162322998047,998.2551879882812,148.85862731933594,-175.24501037597656,495.8108520507813,284.1712646484375,-198.04856872558597,850.3092041015625,-86.54006958007812,85.8016128540039,267.9540710449219,-127.05647277832033,-110.52381134033205,986.5321655273438,-120.0207061767578,-162.5632781982422,503.2448120117188,-186.01663208007807,-172.8401641845703,862.0629272460938
124.02379608154295,-117.5217056274414,131.8441162109375,171.70263671875,-172.6721649169922,998.4783325195312,149.0426483154297,-167.9225311279297,495.4603576660156,284.6542053222656,-203.2592620849609,852.4517822265625,-87.53640747070312,73.33121490478516,265.8083801269531,-126.8101806640625,-109.69100189208984,987.8236694335938,-121.10954284667967,-170.54478454589844,506.18359375,-187.0541229248047,-170.16989135742188,863.1699829101562
123.94540405273438,-107.83261108398438,131.85694885253906,172.21913146972656,-170.52764892578125,998.584228515625,149.0695343017578,-160.5200653076172,495.1347351074219,284.9912414550781,-208.46473693847656,854.6010131835938,-88.70010375976562,60.3901252746582,262.67706298828125,-126.6038818359375,-108.91216278076172,989.1176147460938,-122.08197784423828,-178.05853271484375,509.1217041015625,-188.0326995849609,-167.52992248535156,864.1591186523438
123.8515625,-98.12762451171876,131.89231872558594,172.7067413330078,-168.3043212890625,998.5744018554688,148.96652221679688,-153.03140258789062,494.8299560546875,285.1718139648437,-213.65049743652344,856.7551879882812,-90.03239440917969,46.97273254394531,258.62548828125,-126.44186401367188,-108.18620300292967,990.3948364257812,-122.90472412109376,-185.07659912109372,512.004638671875,-188.94384765625,-164.9173583984375,865.0155639648438
123.74176788330078,-88.40760040283203,131.94659423828125,173.1548309326172,-166.02320861816406,998.4502563476562,148.76651000976562,-145.46034240722656,494.541015625,285.1864318847656,-218.80194091796875,858.9118041992188,-91.52786254882812,33.075469970703125,253.73822021484372,-126.32849884033205,-107.50965881347656,991.6348266601562,-123.54205322265624,-191.57501220703125,514.789306640625,-189.7802276611328,-162.32992553710938,865.7266235351562
123.61593627929688,-78.67505645751953,132.01588439941406,173.55258178710938,-163.7045440673828,998.21337890625,148.50167846679688,-137.82115173339844,494.2619018554688,285.0267028808594,-223.904541015625,861.0670776367188,-93.17425537109376,18.696748733520508,248.11573791503903,-126.26798248291016,-106.87744140625,992.8167724609376,-123.95951080322266,-197.5315704345703,517.442626953125,-190.53594970703125,-159.76617431640625,866.2811279296875
123.4740753173828,-68.93368530273438,132.09625244140625,173.8896026611328,-161.3677215576172,997.8652954101562,148.1986541748047,-130.13754272460938,493.98583984375,284.6858215332031,-228.94387817382807,863.2159423828125,-94.95266723632812,3.837333917617798,241.8717498779297,-126.26416015625,-106.28346252441406,993.919921875,-124.1284637451172,-202.92454528808597,519.9374389648438,-191.2069091796875,-157.22552490234375,866.6701049804688
123.3159408569336,-59.18792343139648,132.1840057373047,174.15635681152344,-159.0312957763672,997.4078979492188,147.87583923339844,-122.44032287597656,493.705810546875,284.15838623046875,-233.90565490722656,865.3516845703125,-96.83786010742188,-11.498696327209473,235.1303253173828,-126.32023620605467,-105.72122955322266,994.9242553710938,-124.03087615966795,-207.73275756835935,522.2478637695312,-191.7910003662109,-154.70840454101562,866.88623046875
123.1408233642578,-49.4425163269043,132.2757568359375,174.34474182128906,-156.71299743652344,996.8433837890624,147.54278564453125,-114.76446533203124,493.4148559570313,283.44091796875,-238.7758026123047,867.4661254882812,-98.7988052368164,-27.30269432067871,228.02316284179688,-126.43865966796876,-105.18428802490234,995.8106079101562,-123.66291809082033,-211.93653869628903,524.3457641601562,-192.28819274902344,-152.21620178222656,866.92431640625
122.94747924804688,-39.70234680175781,132.36856079101562,174.4483184814453,-154.42979431152344,996.17431640625,147.2013397216797,-107.14583587646484,493.1068420410156,282.5316162109375,-243.54046630859372,869.5494995117188,-100.7995376586914,-43.56011962890625,220.68663024902344,-126.62098693847656,-104.66665649414062,996.561279296875,-123.0368423461914,-215.51919555664065,526.198974609375,-192.70062255859372,-149.7512664794922,866.7808837890625
122.7342300415039,-29.97223472595215,132.4602508544922,174.46266174316406,-152.1979217529297,995.4038696289062,146.84767150878906,-99.61779022216795,492.7769775390625,281.4306640625,-248.18603515625,871.5903930664062,-102.80057525634766,-60.24912643432617,213.25914001464844,-126.86782836914062,-104.16312408447266,997.1600341796876,-122.1808853149414,-218.46925354003903,527.7719116210938,-193.03253173828125,-147.3169403076172,866.4542846679688
122.49918365478516,-20.256860733032227,132.54949951171875,174.38543701171875,-150.0327606201172,994.5357666015624,146.47486877441406,-92.20849609375,492.4222106933594,280.14019775390625,-252.6991271972656,873.576171875,-104.7606964111328,-77.33901977539062,205.8784942626953,-127.17889404296876,-103.6695556640625,997.592529296875,-121.13753509521484,-220.78294372558597,529.028564453125,-193.2901611328125,-144.91744995117188,865.944580078125
122.24061584472656,-10.560708045959473,132.63607788085938,174.21644592285156,-147.94873046875,993.5740966796876,146.07546997070312,-84.93934631347656,492.0417175292969,278.6643371582031,-257.0664978027344,875.4930419921875,-106.63887786865234,-94.78890228271484,198.678955078125,-127.5530242919922,-103.18319702148438,997.8461303710938,-119.96077728271484,-222.46690368652344,529.9361572265625,-193.48150634765625,-142.55780029296875,865.2532958984375
121.95748901367188,-0.8881602883338928,132.7209014892578,173.9575958251953,-145.95904541015625,992.5234375,145.64364624023438,-77.82440185546875,491.63677978515625,277.0091552734375,-261.2752380371094,877.3262329101562,-108.39627838134766,-112.54686737060548,191.78790283203125,-127.9883041381836,-102.70293426513672,997.9107055664062,-118.71273040771484,-223.5404510498047,530.46923828125,-193.61610412597656,-140.24374389648438,864.3834838867188
121.64991760253906,8.756325721740723,132.80604553222656,173.6126708984375,-144.07559204101562,991.388671875,145.1769256591797,-70.87077331542969,491.2107238769531,275.1825256347656,-265.3126220703125,879.0604248046875,-109.99880981445312,-130.5495147705078,185.3221435546875,-128.48219299316406,-102.2296371459961,997.7783813476562,-117.4599838256836,-224.037109375,530.6126708984375,-193.70469665527344,-137.98162841796875,863.3394775390625
121.31959533691406,18.368066787719727,132.89480590820312,173.18719482421875,-142.30873107910156,990.1749877929688,144.677001953125,-64.08049774169922,490.7683410644531,273.19415283203125,-269.1662292480469,880.6798706054688,-111.4197006225586,-148.72129821777344,179.3838653564453,-129.0316925048828,-101.76641845703124,997.4442138671876,-116.2696533203125,-224.0052032470703,530.3638305664062,-193.75897216796875,-135.7782745361328,862.126708984375
120.97018432617188,27.942066192626957,132.99180603027344,172.68795776367188,-140.66741943359375,988.8876953125,144.14981079101562,-57.453426361083984,490.3148498535156,271.05523681640625,-272.8239440917969,882.1688842773438,-112.6410903930664,-166.97296142578125,174.0570068359375,-129.6334991455078,-101.31886291503906,996.9064331054688,-115.20516967773438,-223.5071563720703,529.7332153320312,-193.791259765625,-133.64093017578125,860.7520141601562
120.60747528076172,37.472938537597656,133.1028289794922,172.12265014648438,-139.1591033935547,987.5323486328124,143.60525512695312,-50.99014663696289,489.854736328125,268.7785339355469,-276.2738342285156,883.5120849609375,-113.65489196777344,-185.20008850097656,169.40399169921875,-130.28416442871094,-100.89521026611328,996.166748046875,-114.3218765258789,-222.61741638183597,528.7442626953125,-193.814208984375,-131.5771026611328,859.2232666015625
120.23941040039062,46.95478057861328,133.23489379882812,171.4993896484375,-137.7899169921875,986.11474609375,143.05630493164062,-44.69421005249024,489.3909606933594,266.3779602050781,-279.5043640136719,884.69482421875,-114.4630355834961,-203.28282165527344,165.4631805419922,-130.98028564453125,-100.50627136230467,995.2311401367188,-113.6628646850586,-221.4195251464844,527.4315795898438,-193.8405303955078,-129.59445190429688,857.5497436523438
119.875732421875,56.381004333496094,133.39593505859375,170.82640075683594,-136.56478881835938,984.641357421875,142.51780700683594,-38.573726654052734,488.92425537109375,263.8685607910156,-282.5041809082031,885.7034301757812,-115.07688903808594,-221.08694458007807,162.2476043701172,-131.7186737060547,-100.16519165039062,994.109619140625,-113.25568389892578,-220.0026397705078,525.8383178710938,-193.8828125,-127.70079803466795,855.7418823242188
119.5271987915039,65.74427795410156,133.5946502685547,170.11163330078125,-135.48768615722656,983.1194458007812,142.00469970703125,-32.64242172241211,488.452880859375,261.2661437988281,-285.2621765136719,886.5255126953125,-115.51564025878906,-238.46620178222656,159.74485778808594,-132.4965057373047,-99.8871078491211,992.8167724609376,-113.11024475097656,-218.45831298828125,524.0130615234375,-193.9532928466797,-125.90394592285156,853.8115844726562
119.2044448852539,75.03656005859375,133.840087890625,169.362548828125,-134.56187438964844,981.5574340820312,141.530029296875,-26.91996192932129,487.97259521484375,258.5873718261719,-287.7675170898437,887.1505737304688,-115.80381774902344,-255.2656097412109,157.91847229003906,-133.31141662597656,-99.68878173828124,991.3717041015624,-113.21837615966795,-216.87762451171875,522.0067749023438,-194.06369018554688,-124.21172332763672,851.772216796875
118.91646575927734,84.24933624267578,134.14126586914062,168.585693359375,-133.79014587402344,979.9647827148438,141.10305786132812,-21.43152236938477,487.4771728515625,255.84922790527344,-290.00958251953125,887.5698852539062,-115.96820068359376,-271.3251037597656,156.71055603027344,-134.16140747070312,-99.5881576538086,989.7977905273438,-113.55493927001952,-215.3491058349609,519.8709106445312,-194.22511291503903,-122.63189697265624,849.638916015625
118.6693115234375,93.37374877929688,134.5072784423828,167.78636169433594,-133.17498779296875,978.3521118164062,140.72750854492188,-16.206649780273438,486.9591674804688,253.06912231445312,-291.9779663085937,887.7769165039062,-116.034423828125,-286.4835510253906,156.04519653320312,-135.04476928710938,-99.60393524169922,988.122314453125,-114.08051300048828,-213.9573211669922,517.6574096679688,-194.44786071777344,-121.17218017578124,847.4282836914062
118.46514129638672,102.40061950683594,134.94784545898438,166.9685516357422,-132.7186737060547,976.73095703125,140.40028381347656,-11.277791976928713,486.410888671875,250.26458740234372,-293.66265869140625,887.7677001953125,-116.02385711669922,-300.5828857421875,155.83230590820312,-135.95993041992188,-99.75505065917967,986.3759765625,-114.7453155517578,-212.7814483642578,515.4186401367188,-194.74142456054688,-119.84024810791016,845.15869140625
118.30181121826172,111.32025146484376,135.47413635253906,166.13485717773438,-132.4232177734375,975.1135864257812,140.1105194091797,-6.67864465713501,485.8255615234375,247.45309448242188,-295.0539245605469,887.5404663085938,-115.95132446289062,-313.47235107421875,155.9717559814453,-136.90521240234375,-100.06012725830078,984.5921630859376,-115.49390411376952,-211.89393615722656,513.2081909179688,-195.1143035888672,-118.64373016357422,842.8502197265625
118.17306518554688,120.12214660644533,136.0997314453125,165.28675842285156,-132.29014587402344,973.51318359375,139.83935546875,-2.442713499069214,485.1985778808594,244.65196228027344,-296.1425476074219,887.0963134765625,-115.82405853271484,-325.0132751464844,156.35775756835938,-137.87872314453125,-100.53675079345705,982.8060913085938,-116.27019500732422,-211.35855102539065,511.0798034667969,-195.57394409179688,-117.5902862548828,840.5242309570312
118.06922149658205,128.79452514648438,136.84095764160156,164.4246826171875,-132.32064819335938,971.943359375,139.56053161621094,1.3976824283599854,484.52825927734375,241.8781280517578,-296.9197998046875,886.4387817382812,-115.64231872558594,-335.084716796875,156.88392639160156,-138.87823486328125,-101.2008056640625,981.0538940429688,-117.02222442626952,-211.2281646728516,509.0858459472656,-196.1266632080078,-116.68758392333984,838.2037963867188
117.97827911376952,137.32391357421875,137.7169647216797,163.54833984375,-132.51556396484375,970.4182739257812,139.24195861816406,4.811794281005859,483.8165893554688,239.14801025390625,-297.3776550292969,885.5740356445312,-115.40145874023438,-343.5898742675781,157.44906616210938,-139.9012451171875,-102.06559753417967,979.371826171875,-117.70610809326172,-211.54232788085935,507.27490234375,-196.77757263183597,-115.94337463378906,835.9127197265625
117.8872299194336,145.6946258544922,138.7494659423828,162.6568603515625,-132.87522888183594,968.9522705078124,138.84860229492188,7.770215511322021,483.0688781738281,236.4774475097656,-297.50897216796875,884.5106811523438,-115.09513854980467,-350.4627380371094,157.96319580078125,-140.94500732421875,-103.14104461669922,977.795166015625,-118.2888641357422,-212.3246307373047,505.6890563964844,-197.5304412841797,-115.3654556274414,833.67578125
117.78346252441406,153.88832092285156,139.9622039794922,161.74887084960938,-133.3992462158203,967.5596923828124,138.34622192382812,10.244186401367188,482.2933044433594,233.88145446777344,-297.3074035644531,883.2596435546875,-114.71864318847656,-355.673828125,158.35336303710938,-142.0067596435547,-104.43274688720705,976.3577880859376,-118.75005340576172,-213.5801239013672,504.3617858886719,-198.3876800537109,-114.96170806884766,831.5181274414062
117.6560516357422,161.8833770751953,141.3802947998047,160.82257080078125,-134.0861358642578,966.2545166015624,137.70590209960938,12.204566955566406,481.4995727539063,231.37420654296875,-296.76776123046875,881.833984375,-114.27181243896484,-359.234130859375,158.56790161132812,-143.08383178710938,-105.94100189208984,975.0907592773438,-119.08263397216795,-215.2935485839844,503.3165588378906,-199.350341796875,-114.74006652832033,829.46484375
117.49684143066406,169.65408325195312,143.02963256835938,159.8755645751953,-134.93292236328125,965.050048828125,136.9084014892578,13.620732307434082,480.6976623535156,228.9689483642578,-295.8860778808594,880.2488403320312,-113.76117706298828,-361.1964416503906,158.5781707763672,-144.1738739013672,-107.65997314453124,974.0222778320312,-119.29319763183594,-217.42877197265625,502.5665588378906,-200.4179534912109,-114.70844268798828,827.54052734375
117.30118560791016,177.16970825195312,144.93606567382812,158.90478515625,-135.93479919433594,963.9583740234376,135.9479522705078,14.459684371948242,479.896484375,226.6778106689453,-294.65966796875,878.520751953125,-113.20103454589844,-361.6533203125,158.37728881835938,-145.27499389648438,-109.5770492553711,973.1763305664062,-119.40180206298828,-219.9301300048828,502.1151123046875,-201.58868408203125,-114.87468719482422,825.7689819335938
117.06834411621094,184.3935546875,147.1246795654297,157.90655517578125,-137.08477783203125,962.9899291992188,134.83465576171875,14.685636520385742,479.1030883789063,224.5118103027344,-293.0874328613281,876.6679077148438,-112.61369323730467,-360.7312622070313,157.97657775878906,-146.38575744628906,-111.6726531982422,972.5723266601562,-119.44120025634766,-222.72509765625,501.95654296875,-202.85923767089844,-115.24645233154295,824.1724853515625
116.80145263671876,191.2821807861328,149.6192169189453,156.87680053710938,-138.37313842773438,962.153076171875,133.59552001953125,14.260316848754885,478.32177734375,222.48068237304688,-291.1697692871094,874.7094116210938,-112.02854919433594,-358.58203125,157.40106201171875,-147.50537109375,-113.92048645019533,972.2244262695312,-119.45521545410156,-225.7282867431641,502.0765686035156,-204.2250061035156,-115.8311004638672,822.7717895507812
116.5072021484375,197.7847900390625,152.4413604736328,155.81138610839844,-139.787109375,961.4540405273438,132.27374267578125,13.144102096557615,477.5538940429688,220.59288024902344,-288.908935546875,872.6651611328125,-111.47997283935548,-355.3712463378906,156.6846466064453,-148.63343811035156,-116.28833770751952,972.140625,-119.49616241455078,-228.8457489013672,502.4524536132813,-205.68011474609372,-116.63549041748048,821.5851440429688
116.19515991210938,203.84292602539065,155.61053466796875,154.70684814453125,-141.3105010986328,960.8961791992188,130.92626953125,11.297966957092283,476.79736328125,218.8554534912109,-286.3090515136719,870.5556030273438,-111.003662109375,-351.2660827636719,155.86508178710938,-149.77008056640625,-118.7393035888672,972.322509765625,-119.62117004394533,-231.9792633056641,503.0524291992188,-207.21755981445312,-117.66588592529295,820.62841796875
115.87686157226562,209.390380859375,159.14344787597656,153.56082153320312,-142.9234161376953,960.4803466796876,129.61968994140625,8.686145782470703,476.0464782714844,217.2739715576172,-283.3762512207031,868.4012451171875,-110.63229370117188,-346.4237670898437,154.97947692871094,-150.91561889648438,-121.23340606689452,972.764892578125,-119.88732147216795,-235.0299224853516,503.8350524902344,-208.829345703125,-118.92769622802734,819.9144897460938
115.56484985351562,214.3534240722656,163.05361938476562,152.37249755859375,-144.60232543945312,960.20458984375,128.42477416992188,5.279289245605469,475.2920227050781,215.8524932861328,-280.1188049316406,866.2222290039062,-110.39151763916016,-340.9827575683594,154.0614013671875,-152.07057189941406,-123.72921752929688,973.4556884765624,-120.34584045410156,-237.90090942382807,504.749267578125,-210.50662231445312,-120.42533111572266,819.4530639648438
115.2716064453125,218.65077209472656,167.3501739501953,151.14291381835938,-146.32028198242188,960.0642700195312,127.4098892211914,1.0577638149261477,474.5214538574219,214.5935821533203,-276.5470886230469,864.0385131835938,-110.29700469970705,-335.0569152832031,153.139404296875,-153.2353515625,-126.18560791015624,974.37646484375,-121.0360870361328,-240.49935913085935,505.7357482910156,-212.2398681640625,-122.16197204589844,819.2504272460938
115.008544921875,222.19422912597656,172.0359344482422,149.8748779296875,-148.0476837158203,960.0526123046876,126.63410186767578,-3.985405921936035,473.7201232910156,213.4982147216797,-272.6736755371094,861.8690185546875,-110.3530502319336,-328.7329406738281,152.23654174804688,-154.41015625,-128.56307983398438,975.5032348632812,-121.9803237915039,-242.7373504638672,506.73046875,-214.01901245117188,-124.1393585205078,819.3093872070312
114.7850112915039,224.8908233642578,177.10523986816406,148.57289123535156,-149.7533721923828,960.1611938476562,126.14083099365234,-9.842559814453123,472.8733825683594,212.5659637451172,-268.5131225585937,859.7318725585938,-110.55272674560548,-322.07098388671875,151.37074279785156,-155.59475708007812,-130.82493591308594,976.8074340820312,-123.18035888671876,-244.53245544433597,507.67034912109375,-215.83352661132807,-126.35760498046876,819.6292114257812
114.60736083984376,226.6466827392578,182.54153442382807,147.24288940429688,-151.4059600830078,960.3804321289062,125.95309448242188,-16.490739822387695,471.9695739746094,211.7949066162109,-264.08203125,857.64404296875,-110.87922668457033,-315.1076965332031,150.55552673339844,-156.7884521484375,-132.93798828125,978.2576293945312,-124.6168212890625,-245.808349609375,508.4996643066406,-217.6725616455078,-128.81500244140625,820.2058715820312
114.47836303710938,227.37261962890625,188.31515502929688,145.89183044433594,-152.97531127929688,960.70068359375,126.0711898803711,-23.892318725585938,471.0037841796875,211.18185424804688,-259.3986511230469,855.6213989257812,-111.3080825805664,-307.86163330078125,149.8007354736328,-157.98988342285156,-134.87294006347656,979.8209838867188,-126.25125122070312,-246.4960784912109,509.1761474609375,-219.52491760253903,-131.5078582763672,821.0319213867188
114.39671325683594,226.99041748046875,194.38136291503903,144.5272674560547,-154.433837890625,961.1123657226562,126.47318267822266,-31.99657249450684,469.9809265136719,210.72238159179688,-254.48275756835935,853.6785888671875,-111.80976104736328,-300.3395690917969,149.1132354736328,-159.19717407226562,-136.60458374023438,981.46484375,-128.0305938720703,-246.5357360839844,509.6749877929688,-221.37911987304688,-134.4303741455078,822.097412109375
114.35677337646484,225.43931579589844,200.6794891357422,143.15684509277344,-155.75767517089844,961.6073608398438,127.11800384521484,-40.741920471191406,468.9183349609375,210.41098022460935,-249.35525512695312,851.828857421875,-112.35240173339844,-292.54278564453125,148.49734497070312,-160.407958984375,-138.1118621826172,983.1582641601562,-129.8932342529297,-245.87860107421875,509.99029541015625,-223.2234649658203,-137.5746307373047,823.3897094726562
114.3485107421875,222.68182373046875,207.13368225097656,141.7878875732422,-156.92762756347656,962.1787719726562,127.95028686523438,-50.05856704711914,467.8467102050781,210.24114990234372,-244.0379943847656,850.0844116210938,-112.90453338623048,-284.4723205566406,147.95513916015625,-161.6195526123047,-139.37771606445312,984.8731079101562,-131.7755889892578,-244.48948669433597,510.1334228515625,-225.04600524902344,-140.9304962158203,824.8944702148438
114.35807800292967,218.70849609375,213.6554107666016,140.42694091796875,-157.92965698242188,962.8218383789062,128.9059295654297,-59.87123489379883,466.809814453125,210.20553588867188,-238.55340576171875,848.4560546875,-113.43746948242188,-276.1329650878906,147.48663330078125,-162.82908630371094,-140.38916015625,986.5845947265624,-133.6184539794922,-242.34898376464844,510.12884521484375,-226.8345947265625,-144.4857635498047,826.5958862304688
114.36930084228516,213.54098510742188,220.14739990234372,139.07960510253906,-158.7551727294922,963.5335693359376,129.91749572753906,-70.10179901123047,465.86236572265625,210.2959747314453,-232.92416381835935,846.9534301757812,-113.92732238769533,-267.5359191894531,147.0897979736328,-164.03372192382812,-141.1372528076172,988.2718505859376,-135.37246704101562,-239.45571899414065,510.0083618164063,-228.57699584960935,-148.22621154785156,828.477294921875
114.36579895019533,207.2327117919922,226.5079803466797,137.75030517578125,-159.4009552001953,964.313232421875,130.9188995361328,-80.67169952392578,465.0672302246094,210.5035858154297,-227.173095703125,845.5848999023438,-114.3564224243164,-258.69976806640625,146.76063537597656,-165.23072814941406,-141.61705017089844,989.9179077148438,-137.0018768310547,-235.8279571533203,509.8046875,-230.26097106933597,-152.13584899902344,830.5216064453125
114.33326721191406,199.8657989501953,232.6354217529297,136.44239807128906,-159.86880493164062,965.1618041992188,131.84930419921875,-91.50397491455078,464.49127197265625,210.81887817382807,-221.32278442382807,844.357421875,-114.71399688720705,-249.6501007080078,146.4934539794922,-166.41757202148438,-141.82763671875,991.50927734375,-138.48635864257812,-231.50405883789065,509.5464782714844,-231.8743896484375,-156.19700622558594,832.7118530273438
114.26123046875,191.5443420410156,238.4309234619141,135.15817260742188,-160.16502380371094,966.0821533203124,132.65625,-102.52471923828124,464.20111083984375,211.23175048828125,-215.3954315185547,843.2766723632812,-114.99603271484376,-240.4175720214844,146.28115844726562,-167.59182739257812,-141.7721710205078,993.0357666015624,-139.82052612304688,-226.5414886474609,509.2548522949219,-233.40533447265625,-160.39073181152344,835.0316162109375
114.14397430419922,182.3849334716797,243.79998779296875,133.89920043945312,-160.29954528808594,967.078125,133.29800415039062,-113.66390228271484,464.258544921875,211.7315826416016,-209.41275024414065,842.3466796875,-115.20458221435548,-231.0351104736328,146.11605834960938,-168.75119018554688,-141.45765686035156,994.489990234375,-141.01145935058594,-221.01402282714844,508.9430236816406,-234.8423614501953,-164.69696044921875,837.465087890625
113.98064422607422,172.5062255859375,248.65228271484372,132.66644287109375,-160.28501892089844,968.1539306640624,133.74484252929688,-124.8552474975586,464.71630859375,212.3072662353516,-203.39573669433597,841.5699462890625,-115.34649658203124,-221.5354461669922,145.99053955078125,-169.8932342529297,-140.8948974609375,995.866943359375,-142.0749053955078,-215.00732421875,508.6173095703125,-236.1745147705078,-169.0948028564453,839.997314453125
113.77447509765624,162.01913452148438,252.9019012451172,131.46047973632812,-160.1359405517578,969.3132934570312,133.97926330566406,-136.03549194335938,465.6142883300781,212.9472198486328,-197.36471557617188,840.9468383789062,-115.431884765625,-211.9493560791016,145.8977508544922,-171.01544189453125,-140.09815979003906,997.1632690429688,-143.03094482421875,-208.6134185791016,508.27972412109375,-237.3915863037109,-173.56292724609375,842.6145629882812
113.53190612792967,151.01902770996094,256.46844482421875,130.2818145751953,-159.8676300048828,970.5581665039062,133.99496459960938,-147.14324951171875,466.9764099121094,213.63954162597656,-191.33921813964844,840.4758911132812,-115.47260284423828,-202.30409240722656,145.83213806152344,-172.11508178710938,-139.08482360839844,998.3771362304688,-143.89971923828125,-201.92469787597656,507.9308166503906,-238.48419189453125,-178.0797576904297,845.3038940429688
113.26210021972656,139.58058166503906,259.2792663574219,129.13088989257812,-159.49554443359375,971.8881225585938,133.7947235107422,-158.11788940429688,468.8088073730469,214.37196350097656,-185.3379669189453,840.1533203125,-115.48095703125,-192.62242126464844,145.78965759277344,-173.18919372558594,-137.87484741210938,999.5075073242188,-144.69822692871094,-195.0279083251953,507.5721435546875,-239.4439239501953,-182.62380981445312,848.0533447265625
112.97699737548828,127.75601959228516,261.2724609375,128.0083770751953,-159.03463745117188,973.2996215820312,133.3876953125,-168.8986053466797,471.0992126464844,215.132080078125,-179.3788299560547,839.9729614257812,-115.46865844726562,-182.9223480224609,145.76754760742188,-174.23455810546875,-136.4901123046875,1000.5541381835938,-145.43809509277344,-187.99850463867188,507.2082824707031,-240.263427734375,-187.1739654541016,850.8515625
112.69084167480467,115.57617950439452,262.39898681640625,126.91524505615234,-158.4988555908203,974.785400390625,132.78660583496094,-179.42401123046875,473.8173828125,215.90740966796875,-173.47886657714844,839.92626953125,-115.44603729248048,-173.21739196777344,145.76388549804688,-175.24771118164062,-134.95376586914062,1001.5167236328124,-146.12506103515625,-180.89599609375,506.8475036621094,-240.93649291992188,-191.7097320556641,853.6876831054688
112.41875457763672,103.05429077148438,262.6241149902344,125.8528823852539,-157.90098571777344,976.3346557617188,132.0052032470703,-189.6324157714844,476.917236328125,216.6855316162109,-167.6542205810547,840.002197265625,-115.42166137695312,-163.51722717285156,145.77706909179688,-176.22496032714844,-133.28952026367188,1002.3951416015624,-146.7595977783203,-173.76113891601562,506.5016479492188,-241.45816040039065,-196.21142578125,856.551025390625
112.17448425292967,90.19091796875,261.9278259277344,124.8232192993164,-157.2525177001953,977.9326171875,131.0565185546875,-199.4628143310547,480.3398132324219,217.454345703125,-161.920166015625,840.1873779296875,-115.40217590332033,-153.828369140625,145.80535888671875,-177.162353515625,-131.52108764648438,1003.1889038085938,-147.33877563476562,-166.6153564453125,506.184814453125,-241.8246612548828,-200.6604156494141,859.4307250976562
111.96876525878906,76.97842407226562,260.3049621582031,123.82874298095705,-156.56358337402344,979.5614013671876,129.95188903808594,-208.85630798339844,484.0169677734375,218.2021942138672,-156.29107666015625,840.4660034179688,-115.39242553710938,-144.1549072265625,145.8466796875,-178.05580139160156,-129.67149353027344,1003.8970947265624,-147.8588104248047,-159.4628143310547,505.9112548828125,-242.0336151123047,-205.03927612304688,862.3154296875
111.80874633789062,63.40395736694336,257.7657165527344,122.87248229980467,-155.8429412841797,981.2001953125,128.70082092285156,-217.7577209472656,487.8751525878906,218.9180908203125,-150.78038024902344,840.8203735351562,-115.39545440673828,-134.49896240234375,145.8986053466797,-178.90110778808594,-127.76263427734376,1004.5183715820312,-148.3173828125,-152.2948455810547,505.6929016113281,-242.0838623046875,-209.3319396972656,865.193115234375
111.6981201171875,49.45124816894531,254.3369903564453,121.95783233642578,-155.09788513183594,982.8260498046876,127.31159210205078,-226.11705017089844,491.8387145996094,219.59194946289065,-145.40057373046875,841.2308959960938,-115.41259765625,-124.86135864257812,145.9585418701172,-179.69406127929688,-125.81477355957033,1005.0507202148438,-148.7154083251953,-145.09617614746094,505.5369567871094,-241.97564697265625,-213.5238342285156,868.0507202148438
111.63744354248048,35.101715087890625,250.0631561279297,121.0884780883789,-154.33432006835938,984.41455078125,125.7922592163086,-233.88995361328125,495.8326110839844,220.21473693847656,-140.1631622314453,841.676513671875,-115.44353485107422,-115.2420654296875,146.0240478515625,-180.43052673339844,-123.84615325927734,1005.4918212890624,-149.057373046875,-137.8513641357422,505.4444580078125,-241.71044921875,-217.60194396972656,870.8741455078125
111.62437438964844,20.33533477783203,245.0064697265625,120.26818084716795,-153.5569305419922,985.9403686523438,124.1519012451172,-241.0378570556641,499.7840576171875,220.77867126464844,-135.07867431640625,842.1353149414062,-115.4863739013672,-105.64073944091795,146.09307861328125,-181.1065673828125,-121.872802734375,1005.8388671875,-149.35035705566406,-130.55015563964844,505.41015625,-241.2911071777344,-221.5549468994141,873.647705078125
111.65389251708984,5.131350517272949,239.24693298339844,119.50062561035156,-152.76937866210938,987.378173828125,122.40206146240234,-247.5279998779297,503.6235656738281,221.2773284912109,-130.15663146972656,842.5846557617188,-115.53781127929688,-96.05693817138672,146.1642608642578,-181.71859741210935,-119.90857696533205,1006.0888061523438,-149.60227966308594,-123.1907958984375,505.4236450195313,-240.72178649902344,-225.37307739257807,876.354736328125
111.71862030029295,-10.531048774719238,232.8812713623047,118.78925323486328,-151.974609375,988.703125,120.55812072753906,-253.3336334228516,507.2853393554688,221.70574951171875,-125.40564727783205,843.0018310546875,-115.59344482421876,-86.49010467529297,146.2369842529297,-182.26356506347656,-117.96544647216795,1006.2384033203124,-149.82009887695312,-115.78121948242188,505.4714050292969,-240.0079345703125,-229.0481719970703,878.9769897460938
111.8094482421875,-26.671594619750977,226.0211181640625,118.13713836669922,-151.17507934570312,989.8912963867188,118.6403579711914,-258.4345397949219,510.7075500488281,222.06048583984372,-120.83332061767578,843.3645629882812,-115.64830017089844,-76.93937683105469,146.3114013671875,-182.7390899658203,-116.05390167236328,1006.284423828125,-150.0085906982422,-108.33844757080078,505.538818359375,-239.1563873291016,-232.573486328125,881.4952392578125
111.91667938232422,-43.307125091552734,218.79049682617188,117.54690551757812,-150.373046875,990.9204711914062,116.67439270019533,-262.81768798828125,513.8330078125,222.33958435058597,-116.4464111328125,843.6512451171875,-115.69744873046876,-67.40347290039062,146.3883514404297,-183.1436309814453,-114.1833953857422,1006.2236328125,-150.17002868652344,-100.88661193847656,505.612060546875,-238.17526245117188,-235.9436187744141,883.8890991210938
112.03128051757812,-60.44913864135742,211.3223876953125,117.02067565917967,-149.57083129882812,991.7704467773438,114.6909637451172,-266.4781799316406,516.6099243164062,222.54251098632807,-112.2508316040039,843.841796875,-115.73673248291016,-57.88063430786133,146.46900939941406,-183.4765472412109,-112.36270904541016,1006.052978515625,-150.30467224121094,-93.45421600341795,505.6796569824219,-237.0740203857422,-239.1543884277344,886.1376342773438
112.14554595947266,-78.10021209716797,203.75518798828125,116.56002807617188,-148.77098083496094,992.4235229492188,112.7248764038086,-269.4203796386719,518.9928588867188,222.67007446289065,-108.251708984375,843.917724609375,-115.76334381103516,-48.3687858581543,146.55462646484375,-183.7381896972656,-110.6001205444336,1005.7697143554688,-150.4119110107422,-86.0713119506836,505.7333068847656,-235.8633270263672,-242.20269775390625,888.2196655273438
112.25291442871094,-96.2495346069336,196.2289581298828,116.16598510742188,-147.9765167236328,992.8649291992188,110.81327056884766,-271.658935546875,520.9443969726562,222.72427368164065,-104.4534149169922,843.862548828125,-115.77613830566406,-38.865840911865234,146.6461639404297,-183.9298858642578,-108.90341186523438,1005.37158203125,-150.49159240722656,-78.76698303222656,505.76806640625,-234.55499267578125,-245.08639526367188,890.114013671875
112.34713745117188,-114.8678741455078,188.8814239501953,115.83903503417967,-147.1910858154297,993.0833129882812,108.99351501464844,-273.2199401855469,522.4363403320312,222.70823669433597,-100.85961151123048,843.662353515625,-115.77567291259766,-29.37003898620605,146.74388122558594,-184.05386352539065,-107.27982330322266,1004.8568725585938,-150.54525756835938,-71.56746673583984,505.781982421875,-233.161865234375,-247.80419921875,891.8001098632812
112.42110443115234,-133.9025421142578,181.84378051757807,115.57911682128906,-146.4191131591797,993.0709228515624,107.30065155029295,-274.141845703125,523.4513549804688,222.6259613037109,-97.47328186035156,843.3060302734375,-115.76388549804688,-19.880298614501957,146.84698486328125,-184.11322021484372,-105.7361068725586,1004.2246704101562,-150.5769500732422,-64.49535369873047,505.7749633789063,-231.6975860595703,-250.35543823242188,893.2584838867188
112.4656219482422,-153.27294921875,175.2363739013672,115.38568878173828,-145.6659393310547,992.8240356445312,105.76497650146484,-274.4757080078125,523.984130859375,222.48228454589844,-94.29679107666016,842.785400390625,-115.74380493164062,-10.396615028381348,146.95359802246094,-184.11181640625,-104.27869415283205,1003.4750366210938,-150.59327697753906,-57.56975936889648,505.7476806640625,-230.1765594482422,-252.7399139404297,894.4710693359375
112.4684829711914,-172.8672637939453,169.164306640625,115.25774383544922,-144.93795776367188,992.3432006835938,104.40966033935548,-274.2850952148437,524.04248046875,222.28277587890625,-91.33196258544922,842.0953979492188,-115.71932220458984,-0.9202810525894164,147.06101989746094,-184.0541076660156,-102.9139175415039,1002.609130859375,-150.60311889648438,-50.807010650634766,505.7001647949219,-228.6135711669922,-254.9576568603516,895.421875
112.41400146484376,-192.5413360595703,163.713134765625,115.19390106201172,-144.24264526367188,991.6333618164062,103.2489013671875,-273.64501953125,523.6480102539062,222.03358459472656,-88.5801773071289,841.2344360351562,-115.69487762451172,8.546037673950195,147.1661376953125,-183.9451141357422,-101.648193359375,1001.6293334960938,-150.6166229248047,-44.22158050537109,505.63092041015625,-227.0236968994141,-257.0087280273437,896.0972290039062
112.283203125,-212.11944580078125,158.94479370117188,115.1923828125,-143.58872985839844,990.7039184570312,102.28659057617188,-272.64044189453125,522.8358154296875,221.7415008544922,-86.04241943359375,840.2042236328125,-115.675048828125,17.998291015625,147.26614379882812,-183.7901153564453,-100.4881591796875,1000.539306640625,-150.64378356933594,-37.82727813720703,505.5361022949219,-225.4219970703125,-258.8930358886719,896.4864501953125
112.05464935302734,-231.39739990234372,154.89402770996094,115.25112915039062,-142.98617553710938,989.5690307617188,101.51580810546876,-271.3639831542969,521.65380859375,221.4137725830078,-83.71941375732422,839.0098876953125,-115.66413116455078,27.43109130859375,147.3591766357422,-183.5946044921875,-99.44068908691406,999.3441162109376,-150.69273376464844,-31.638261795043945,505.4093627929688,-223.8232269287109,-260.61004638671875,896.5821533203125
111.7057647705078,-250.1479339599609,151.5659637451172,115.36775970458984,-142.44638061523438,988.2469482421876,100.9190902709961,-269.9130249023437,520.160888671875,221.0581970214844,-81.61167907714844,837.6600341796875,-115.66561126708984,36.83787536621094,147.44525146484375,-183.3638916015625,-98.51287841796876,998.0502319335938,-150.76803588867188,-25.6697998046875,505.24224853515625,-222.24169921875,-262.15875244140625,896.3804931640625
111.21467590332033,-268.1285705566406,148.93548583984375,115.53961181640624,-141.98208618164062,986.7603759765624,100.46968841552734,-268.3866882324219,518.42431640625,220.68299865722656,-79.71963500976562,836.1664428710938,-115.681884765625,46.21111297607422,147.52723693847656,-183.1031036376953,-97.71194458007812,996.665771484375,-150.86932373046875,-19.93865394592285,505.0249328613281,-220.69091796875,-263.5373840332031,895.8816528320312
110.56233978271484,-285.0912475585937,146.9487762451172,115.76371002197266,-141.60740661621094,985.135498046875,100.1335906982422,-266.8819580078125,516.5167236328125,220.296875,-78.04367065429688,834.5442504882812,-115.71405029296876,55.542274475097656,147.61167907714844,-182.8168487548828,-97.04502868652344,995.2006225585938,-150.990234375,-14.463133811950684,504.7477416992188,-219.1835174560547,-264.7433776855469,895.0899658203125
109.73487854003906,-300.7929077148437,145.52720642089844,116.0366668701172,-141.33761596679688,983.402099609375,99.87236785888672,-265.48992919921875,514.5125732421875,219.9088592529297,-76.5842056274414,832.8114624023438,-115.7620620727539,64.82154083251953,147.70913696289062,-182.5092010498047,-96.51905059814452,993.6661987304688,-151.11802673339844,-9.26290512084961,504.4027099609375,-217.7310333251953,-265.7733459472656,894.0140380859375
108.7258529663086,-315.00689697265625,144.57362365722656,116.35468292236328,-141.18878173828125,981.5926513671876,99.64639282226562,-264.2919006347656,512.4840698242188,219.52828979492188,-75.34176635742188,830.9885864257812,-115.82494354248048,74.03729248046875,147.83425903320312,-182.18353271484372,-96.14051055908205,992.0758666992188,-151.2336883544922,-4.358761310577393,503.9853515625,-216.3438415527344,-266.6229858398437,892.6669311523438
107.53812408447266,-327.5339660644531,143.98052978515625,116.7134780883789,-141.17745971679688,979.7420654296876,99.41834259033205,-263.3556823730469,510.4979248046875,219.16470336914065,-74.31700134277344,829.0986938476562,-115.9011459350586,83.17577362060547,148.00563049316406,-181.84251403808597,-95.91541290283205,990.4447021484376,-151.3128204345703,0.2275080978870391,503.49603271484375,-215.03097534179688,-267.2872314453125,891.0659790039062
106.18502807617188,-338.213134765625,143.63912963867188,117.10832977294922,-141.32008361816406,977.8865966796876,99.15654754638672,-262.7323913574219,508.6123352050781,218.82769775390625,-73.5107421875,827.1666870117188,-115.98889923095705,92.220947265625,148.24522399902344,-181.4880828857422,-95.8492431640625,988.789306640625,-151.32699584960938,4.473082065582275,502.94091796875,-213.8002014160156,-267.7602233886719,889.2327270507812
104.69064331054688,-346.9309387207031,143.44842529296875,117.53416442871094,-141.6324005126953,976.0635986328124,98.83775329589844,-262.4540710449219,506.87451171875,218.5267791748047,-72.92404174804688,825.2188720703125,-116.08665466308594,101.1547393798828,148.57766723632812,-181.12147521972656,-95.94688415527344,987.12744140625,-151.24588012695312,8.353893280029297,502.3319091796875,-212.6578063964844,-268.0356140136719,887.1927490234375
103.08869934082033,-353.62847900390625,143.32244873046875,117.9856948852539,-142.12875366210938,974.3103637695312,98.44896697998048,-262.5326232910156,505.3193054199219,218.27122497558597,-72.5582046508789,823.2823486328125,-116.19342803955078,109.95743560791016,149.0293426513672,-180.74331665039065,-96.2124481201172,985.4781494140624,-151.0396270751953,11.844244956970217,501.6860046386719,-211.60874938964844,-268.10662841796875,884.97509765625
101.42057037353516,-358.3050537109375,143.19468688964844,118.45767974853516,-142.82125854492188,972.6635131835938,97.98822784423828,-262.96026611328125,503.96875,218.06988525390625,-72.41480255126953,821.384765625,-116.30915832519533,118.6079559326172,149.62734985351562,-180.35372924804688,-96.64897918701172,983.86083984375,-150.6818389892578,14.91627311706543,501.0234069824219,-210.65658569335935,-267.9664001464844,882.612060546875
99.73289489746094,-361.0184020996094,143.0195770263672,118.94512939453124,-143.71897888183594,971.1583251953124,97.46435546875,-263.7117919921875,502.8328857421875,217.93104553222656,-72.4957046508789,819.553466796875,-116.43505096435548,127.08381652832033,150.3985137939453,-179.95242309570312,-97.2580108642578,982.2948608398438,-150.1524200439453,17.539264678955078,500.3656005859375,-209.8035125732422,-267.6081848144531,880.1383056640625
98.07511901855467,-361.8815002441406,142.77154541015625,119.44358825683594,-144.82711791992188,969.8275146484376,96.89590454101562,-264.7478332519531,501.9114074707031,217.86227416992188,-72.80305480957031,817.8148803710938,-116.57394409179688,135.3604278564453,151.36854553222656,-179.53878784179688,-98.03912353515624,980.79931640625,-149.44046020507812,19.679000854492188,499.7326049804688,-209.05047607421875,-267.0257568359375,877.5906372070312
96.49685668945312,-361.0552673339844,142.44161987304688,119.94937896728516,-146.1462860107422,968.7008056640624,96.30956268310548,-266.0186462402344,501.1961975097656,217.8702545166016,-73.33929443359375,816.1943969726562,-116.73038482666016,143.40975952148438,152.5614776611328,-179.11199951171875,-98.98941802978516,979.39208984375,-148.54661560058594,21.29722023010254,499.1409301757813,-208.39718627929688,-266.2135314941406,875.0069580078125
95.04478454589844,-358.73760986328125,142.03231811523438,120.45973205566406,-147.67184448242188,967.8040161132812,95.73812103271484,-267.46826171875,500.6739501953125,217.96078491210935,-74.10709381103516,814.7155151367188,-116.91045379638672,151.1985321044922,153.99932861328125,-178.6710205078125,-100.10301208496094,978.0894775390624,-147.48500061035156,22.35138702392578,498.6014709472656,-207.8423309326172,-265.1671447753906,872.4256591796875
93.75935363769533,-355.1492004394531,141.5525665283203,120.97293853759766,-149.39370727539062,967.1580810546876,95.21824645996094,-269.03765869140625,500.3287048339844,218.1385803222656,-75.10934448242188,813.3994750976562,-117.12125396728516,158.6865234375,155.7022247314453,-178.21469116210938,-101.3705825805664,976.9057006835938,-146.28404235839844,22.79515838623047,498.1181945800781,-207.3835906982422,-263.8835144042969,869.8848266601562
92.67150115966795,-350.51690673828125,141.01416015625,121.4883270263672,-151.2961883544922,966.7786865234376,94.78800201416016,-270.6670837402344,500.1434326171875,218.4073181152344,-76.34909057617188,812.2650146484375,-117.37020874023438,165.8250274658203,157.68875122070312,-177.7416534423828,-102.77902221679688,975.8525390625,-144.98594665527344,22.580053329467773,497.6875,-207.0178680419922,-262.3612670898437,867.4213256835938
91.80010223388672,-345.0569152832031,140.4305419921875,122.00617218017578,-153.3582763671875,966.6751708984376,94.48439025878906,-272.29669189453125,500.10064697265625,218.76959228515625,-77.82940673828125,811.328125,-117.66421508789062,172.5557861328125,159.97647094726562,-177.2505645751953,-104.31118774414062,974.9388427734376,-143.64451599121094,21.65844345092773,497.2983703613281,-206.74136352539065,-260.6010131835937,865.070068359375
91.15057373046876,-338.9599609375,139.8165740966797,122.52753448486328,-155.55421447753906,966.8504028320312,94.34075927734376,-273.8661193847656,500.1821594238281,219.2268524169922,-79.55335998535156,810.6015625,-118.00873565673828,178.81060791015625,162.58226013183594,-176.74000549316406,-105.94586944580078,974.1707153320312,-142.322021484375,19.98726272583008,496.9332275390625,-206.54981994628903,-258.6054382324219,862.8630981445312
90.71503448486328,-332.3813781738281,139.1879119873047,123.0540008544922,-157.85423278808594,967.3003540039062,94.38417053222656,-275.3126220703125,500.3681640625,219.77951049804688,-81.52379608154297,810.094970703125,-118.4069366455078,184.51194763183597,165.52247619628906,-176.208740234375,-107.65782928466795,973.551025390625,-141.08546447753906,17.53183364868164,496.5691223144531,-206.4386444091797,-256.3794860839844,860.8291625976562
90.47371673583984,-325.4368896484375,138.56011962890625,123.5874252319336,-160.2255096435547,968.0140991210938,94.63286590576172,-276.56890869140625,500.6360473632813,220.4269561767578,-83.74325561523438,809.8146362304688,-118.85916900634766,189.5744781494141,168.81292724609375,-175.6556854248047,-109.41810607910156,973.079833984375,-140.0020294189453,14.269387245178224,496.1797790527344,-206.40304565429688,-253.93051147460935,858.9926147460938
90.39737701416016,-318.2039489746094,137.94761657714844,124.12960815429688,-162.63311767578125,968.97412109375,95.09398651123048,-277.5612487792969,500.9598693847656,221.16751098632807,-86.21373748779297,809.7634887695312,-119.36283111572266,193.90789794921875,172.4684600830078,-175.0801239013672,-111.19445037841795,972.7545776367188,-139.1339569091797,10.191895484924316,495.7379150390625,-206.43829345703125,-251.2682037353516,857.373291015625
90.45079803466795,-310.7270812988281,137.36289978027344,124.68205261230467,-165.0410614013672,970.156982421875,95.76203155517578,-278.2089538574219,501.3101196289063,221.9986267089844,-88.93658447265625,809.94140625,-119.91246032714844,197.42044067382807,176.5019989013672,-174.48190307617188,-112.9520263671875,972.570068359375,-138.5330352783203,5.307921886444092,495.2180786132813,-206.5398101806641,-248.40452575683597,855.9859008789062
90.59658813476562,-303.0263977050781,136.8158416748047,125.24581146240234,-167.4131317138672,971.5343627929688,96.61819458007812,-278.42578125,501.6549987792969,222.916748046875,-91.91226196289062,810.3450317382812,-120.50018310546876,200.0232391357422,180.92295837402344,-173.86146545410156,-114.65436553955078,972.5193481445312,-138.2355194091797,-0.3567963540554046,494.6003112792969,-206.70335388183597,-245.35354614257807,854.83984375
90.79861450195312,-295.106201171875,136.31320190429688,125.82135009765624,-169.71371459960938,973.0740966796876,97.63115692138672,-278.1241455078125,501.9624633789063,223.91751098632807,-95.14022064208984,810.9683227539062,-121.1163330078125,201.6351623535156,185.7346649169922,-173.22010803222656,-116.26458740234376,972.59375,-138.25845336914062,-6.7602386474609375,493.8733825683594,-206.92515563964844,-242.1311798095703,853.9390869140625
91.02452087402344,-286.9636535644531,135.85861206054688,126.40858459472656,-171.90846252441406,974.7417602539062,98.75934600830078,-277.2213439941406,502.2030944824219,224.99563598632807,-98.61871337890624,811.8027954101562,-121.75020599365234,202.1881103515625,190.93125915527344,-172.55990600585938,-117.74691772460938,972.7837524414062,-138.59812927246094,-13.846599578857422,493.0381774902344,-207.2020568847656,-238.75489807128903,853.2825317382812
91.24742889404295,-278.5956420898437,135.4528350830078,127.0069580078125,-173.96493530273438,976.5018920898438,99.95477294921876,-275.6473388671875,502.352783203125,226.1450042724609,-102.34464263916016,812.8377075195312,-122.3907241821289,201.63221740722656,196.49429321289065,-171.88377380371094,-119.06859588623048,973.0794067382812,-139.23118591308594,-21.55009078979492,492.1100463867188,-207.53160095214844,-235.2433319091797,852.8640747070312
91.44693756103516,-270.0041809082031,135.09429931640625,127.61556243896484,-175.85313415527344,978.3196411132812,101.16796112060548,-273.351806640625,502.3948669433594,227.35867309570312,-106.31346893310548,814.060791015625,-123.0271987915039,199.9409027099609,202.39013671875,-171.19544982910156,-120.20166015625,973.4710083007812,-140.11761474609375,-29.799184799194336,491.1206970214844,-207.912109375,-231.61587524414065,852.673095703125
91.60939025878906,-261.1990661621094,134.77963256835938,128.23330688476562,-177.5458984375,980.1618041992188,102.35343933105467,-270.3103942871094,502.3211975097656,228.62884521484372,-110.5190887451172,815.45849609375,-123.64996337890624,197.1144256591797,208.56837463378903,-170.499267578125,-121.12447357177734,973.9496459960938,-141.20571899414062,-38.52066040039063,490.1185302734375,-208.34262084960935,-227.89231872558597,852.6951904296875
91.7275848388672,-252.1983337402344,134.50421142578125,128.85903930664062,-179.01951599121094,981.9978637695312,103.47478485107422,-266.5279541015625,502.1323547363281,229.94692993164065,-114.95381927490234,817.0165405273438,-124.2507553100586,193.1815643310547,214.9618225097656,-169.80014038085938,-121.82275390625,974.5079345703124,-142.4381103515625,-47.64299011230469,489.1665344238281,-208.8228912353516,-224.09246826171875,852.9125366210938
91.79998779296876,-243.0264587402344,134.26284790039062,129.49166870117188,-180.25413513183597,983.80078125,104.50841522216795,-262.0390014648437,501.8367004394531,231.3035430908203,-119.60838317871094,818.7202758789062,-124.8231430053711,188.19842529296875,221.48829650878903,-169.10328674316406,-122.2901382446289,975.14013671875,-143.7578582763672,-57.09864807128906,488.3385925292969,-209.3531494140625,-220.2357940673828,853.3046875
91.82969665527344,-233.71197509765625,134.0502471923828,130.13027954101562,-181.2341766357422,985.5474853515624,105.44535064697266,-256.9047546386719,501.4489135742188,232.68853759765625,-124.47203063964844,820.55517578125,-125.3629379272461,182.244140625,228.0533142089844,-168.41404724121094,-122.52826690673828,975.8427124023438,-145.11351013183594,-66.82476806640625,487.7134094238281,-209.93397521972656,-216.3411407470703,853.8492431640625
91.82331085205078,-224.28485107421875,133.86151123046875,130.77413940429688,-181.9486541748047,987.2186889648438,106.29078674316406,-251.2071533203125,500.9879455566406,234.09115600585935,-129.53262329101562,822.507080078125,-125.8686981201172,175.413818359375,234.5530548095703,-167.7376708984375,-122.54640197753906,976.6138916015624,-146.46238708496094,-76.7619400024414,487.3680419921875,-210.56594848632807,-212.42633056640625,854.5223388671875
91.78962707519533,-214.7742156982422,133.6924591064453,131.4226837158203,-182.391357421875,988.799072265625,107.06120300292967,-245.041259765625,500.4746398925781,235.50006103515625,-134.77682495117188,824.5628051757812,-126.34210205078124,167.80909729003906,240.87669372558597,-167.07901000976562,-122.36063385009766,977.4537353515624,-147.77174377441406,-86.85186004638672,487.3707275390625,-211.24945068359372,-208.50791931152344,855.2994995117188
91.7383041381836,-205.20640563964844,133.53993225097656,132.07545471191406,-182.56072998046875,990.27685546875,107.77951049804688,-238.50677490234372,499.92974853515625,236.90342712402344,-140.190185546875,826.7097778320312,-126.78805541992188,159.52841186523438,246.9074859619141,-166.44239807128906,-121.9927215576172,978.3634033203124,-149.01901245117188,-97.0350112915039,487.7749938964844,-211.9842987060547,-204.6010589599609,856.15576171875
91.67853546142578,-195.60369873046875,133.40188598632812,132.7319793701172,-182.45957946777344,991.643310546875,108.46892547607422,-231.6999664306641,499.3722534179688,238.28909301757807,-145.75732421875,828.9368896484375,-127.21451568603516,150.6585693359375,252.5237274169922,-165.83152770996094,-121.46867370605467,979.3444213867188,-150.191162109375,-107.2493667602539,488.6151123046875,-212.76953125,-200.71920776367188,857.0665283203125
91.6179656982422,-185.98367309570312,133.2774200439453,133.39161682128906,-182.0946502685547,992.8923950195312,109.14671325683594,-224.70703125,498.8179931640625,239.6447296142578,-151.4621124267578,831.2340087890625,-127.6318588256836,141.26959228515625,257.6007385253906,-165.24942016601562,-120.81719207763672,980.3977661132812,-151.28355407714844,-117.43006134033205,489.90338134765625,-213.6031036376953,-196.8742218017578,858.0077514648438
91.56190490722656,-176.35910034179688,133.16664123535156,134.05343627929688,-181.4761505126953,994.019775390625,109.8191909790039,-217.59945678710935,498.2792663574219,240.9578857421875,-157.28770446777344,833.5921630859375,-128.0521697998047,131.4130096435547,262.0150146484375,-164.69834899902344,-120.06800079345705,981.5230712890624,-152.29791259765625,-127.51010131835938,491.629638671875,-214.4817047119141,-193.07623291015625,858.956298828125
91.5129165649414,-166.73826599121094,133.07037353515625,134.71603393554688,-180.6170959472656,995.0224609375,110.47928619384766,-210.43145751953125,497.7641906738281,242.2161865234375,-163.216796875,836.0033569335938,-128.4886474609375,121.12273406982422,265.6500549316406,-164.18011474609375,-119.25028228759766,982.7176513671876,-153.23985290527344,-137.42176818847656,493.7623901367188,-215.4005889892578,-189.333740234375,859.890380859375
91.4709701538086,-157.1256103515625,132.98983764648438,135.37741088867188,-179.53285217285156,995.8983154296876,111.10758209228516,-203.23910522460935,497.2771911621094,243.40750122070312,-169.231689453125,838.46044921875,-128.95530700683594,110.41730499267578,268.4027404785156,-163.696044921875,-118.39128875732422,983.9759521484376,-154.1162109375,-147.09909057617188,496.2518310546875,-216.3535919189453,-185.65374755859372,860.789306640625
91.4338150024414,-147.52264404296875,132.92620849609375,136.03488159179688,-178.24050903320312,996.6455078125,111.67701721191406,-196.0406494140625,496.8192443847656,244.51998901367188,-175.31443786621094,840.9568481445312,-129.467041015625,99.30248260498048,270.1894226074219,-163.24722290039062,-117.51513671875,985.289306640625,-154.9325408935547,-156.48080444335938,499.0341491699219,-217.3330841064453,-182.04185485839844,861.6341552734375
91.39768981933594,-137.9290008544922,132.88034057617188,136.68495178222656,-176.7586212158203,997.2622680664062,112.16012573242188,-188.837890625,496.388916015625,245.54229736328125,-181.4468994140625,843.486328125,-130.0386199951172,87.77437591552734,270.95037841796875,-162.83468627929688,-116.64203643798828,986.6453857421876,-155.6908416748047,-165.51332092285156,502.0367736816406,-218.33013916015625,-178.50245666503906,862.4075317382812
91.35813903808594,-128.34323120117188,132.8526153564453,137.32333374023438,-175.1070556640625,997.7470092773438,112.53618621826172,-181.6192779541016,495.9832458496094,246.46368408203125,-187.61087036132807,846.0426025390625,-130.68292236328125,75.82316589355469,270.6531066894531,-162.45948791503906,-115.78778076171876,988.0289306640624,-156.38772583007812,-174.15261840820312,505.183837890625,-219.33477783203125,-175.0390167236328,863.0936889648438
91.31072998046876,-118.76353454589844,132.84291076660156,137.9449462890625,-173.30679321289062,998.0979614257812,112.79597473144533,-174.36473083496094,495.59869384765625,247.2740478515625,-193.7881317138672,848.6193237304688,-131.40924072265625,63.43619918823242,269.2933349609375,-162.12295532226562,-114.96360778808594,989.4217529296876,-157.0133056640625,-182.36456298828125,508.4015808105469,-220.33616638183597,-171.65419006347656,863.6785888671875
91.25154113769533,-109.1882095336914,132.8506317138672,138.5439910888672,-171.3800048828125,998.3135986328124,112.9427261352539,-167.05137634277344,495.2313232421875,247.96401977539065,-199.96055603027344,851.2095947265625,-132.22239685058594,50.60021209716797,266.8945617675781,-161.82666015625,-114.1763916015625,990.8036499023438,-157.55096435546875,-190.12350463867188,511.6230163574219,-221.32302856445312,-168.35009765625,864.1500244140625
91.17737579345705,-99.6161117553711,132.87489318847656,139.11386108398438,-169.34962463378906,998.3927612304688,112.9893798828125,-159.65902709960938,494.8771057128906,248.52508544921875,-206.110107421875,853.8059692382812,-133.12240600585938,37.302494049072266,263.5059509277344,-161.572509765625,-113.42913055419922,992.1527709960938,-157.97825622558594,-197.40953063964844,514.790771484375,-222.28402709960935,-165.1285400390625,864.4974975585938
91.08576202392578,-90.04682159423828,132.91445922851562,139.6473388671875,-167.2391357421875,998.334716796875,112.95381927490234,-152.17462158203125,494.5316162109375,248.9496154785156,-212.21890258789065,856.4000854492188,-134.1044464111328,23.53122901916504,259.1990966796875,-161.36277770996094,-112.72156524658205,993.44677734375,-158.26931762695312,-204.2051544189453,517.8580932617188,-223.2080841064453,-161.99111938476562,864.7123413085938
90.9747314453125,-80.48078155517578,132.96791076660156,140.1367645263672,-165.0719757080078,998.1393432617188,112.8539581298828,-144.59506225585938,494.1903076171875,249.23092651367188,-218.26919555664065,858.9827270507812,-135.15931701660156,9.275230407714844,254.0646514892578,-161.199951171875,-112.05088806152344,994.6631469726562,-158.39828491210938,-210.4926605224609,520.7870483398438,-224.08482360839844,-158.93943786621094,864.78759765625
90.84259796142578,-70.91912841796875,133.03353881835938,140.57437133789062,-162.87130737304688,997.8074340820312,112.70394134521484,-136.92852783203125,493.8484802246094,249.36329650878903,-224.243408203125,861.543701171875,-136.27391052246094,-5.476376056671143,248.2086334228516,-161.08660888671875,-111.41254425048828,995.780029296875,-158.3436279296875,-216.25282287597656,523.5454711914062,-224.90489196777344,-155.97523498535156,864.7183227539062
90.68773651123048,-61.36344909667969,133.10943603515625,140.95274353027344,-160.65963745117188,997.3406372070312,112.51226043701172,-129.19473266601562,493.5016784667969,249.3420562744141,-230.12417602539065,864.0718994140625,-137.43203735351562,-20.734115600585938,241.74908447265625,-161.02529907226562,-110.80099487304688,996.7767333984376,-158.09262084960938,-221.46514892578125,526.1021728515625,-225.6602783203125,-153.1004180908203,864.5010375976562
90.50837707519533,-51.81544494628906,133.19346618652344,141.26522827148438,-158.45846557617188,996.74169921875,112.28155517578124,-121.42361450195312,493.1455993652344,249.16358947753903,-235.89434814453125,866.55517578125,-138.6151885986328,-36.50731658935547,234.8131561279297,-161.01829528808594,-110.2104721069336,997.63427734375,-157.64418029785156,-226.1089324951172,528.424072265625,-226.34451293945312,-150.3172149658203,864.1342163085938
90.30265808105467,-42.27655792236328,133.28326416015625,141.50634765625,-156.28805541992188,996.0147094726562,112.010009765625,-113.65294647216795,492.7762145996094,248.8253326416016,-241.5369873046875,868.98046875,-139.80343627929688,-52.80232238769531,227.5345916748047,-161.06744384765625,-109.63568115234376,998.3355712890624,-157.01002502441406,-230.16490173339844,530.4746704101562,-226.9528961181641,-147.62811279296875,863.6179809570312
90.06881713867188,-32.747955322265625,133.37635803222656,141.6721649169922,-154.16712951660156,995.1647338867188,111.69356536865234,-105.92477416992188,492.3899536132813,248.32583618164065,-247.03538513183597,871.333984375,-140.976318359375,-69.61981964111328,220.05154418945312,-161.17401123046875,-109.0723648071289,998.8660278320312,-156.21376037597656,-233.616943359375,532.2147827148438,-227.48248291015625,-145.03591918945312,862.953857421875
89.80561828613281,-23.23080444335937,133.4703826904297,141.76048278808594,-152.11264038085938,994.1985473632812,111.32852172851562,-98.28177642822266,491.98388671875,247.66470336914065,-252.37306213378903,873.6011352539062,-142.11358642578125,-86.95147705078125,212.5045928955078,-161.33860778808594,-108.51780700683594,999.213623046875,-155.2886962890625,-236.45431518554688,533.6054077148438,-227.93223571777344,-142.54373168945312,862.1448974609375
89.51272583007812,-13.726644515991213,133.56314086914062,141.77101135253906,-150.13949584960938,993.1240234375,110.91387176513672,-90.76399230957033,491.555908203125,246.8425750732422,-257.5338439941406,875.7669677734375,-143.1959686279297,-104.77628326416016,205.0346221923828,-161.56097412109375,-107.97115325927734,999.3693237304688,-154.27484130859375,-238.67388916015625,534.6106567382812,-228.3028106689453,-140.1549072265625,861.195556640625
89.1910171508789,-4.237706661224365,133.65304565429688,141.70530700683594,-148.26051330566406,991.9505004882812,110.4530029296875,-83.40616607666016,491.1049499511719,245.86106872558597,-262.5018920898437,877.81591796875,-144.20555114746094,-123.05712127685548,197.78024291992188,-161.840087890625,-107.43370056152344,999.3273315429688,-153.21578979492188,-240.28240966796875,535.2015380859375,-228.59652709960935,-137.87303161621094,860.1112670898438
88.84294128417969,5.232885360717773,133.73944091796875,141.56663513183594,-146.48619079589844,990.6882934570312,109.95445251464844,-76.23599243164062,490.6312561035156,244.7227478027344,-267.2616271972656,879.732421875,-145.12612915039062,-141.73779296875,190.8746795654297,-162.1740264892578,-106.90904998779295,999.0853881835938,-152.1557159423828,-241.29833984375,535.3590698242188,-228.8171539306641,-135.7018280029297,858.8987426757812
88.4727554321289,14.68093204498291,133.82310485839844,141.35980224609375,-144.82485961914062,989.3487548828124,109.43167877197266,-69.27369689941406,490.1365356445313,243.43089294433597,-271.7980651855469,881.5008544921875,-145.94345092773438,-160.74044799804688,184.4420623779297,-162.5601043701172,-106.40322875976562,998.644775390625,-151.1367950439453,-241.7532501220703,535.0767211914062,-228.96975708007807,-133.64512634277344,857.5653686523438
88.08671569824219,24.10093688964844,133.9066162109375,141.09080505371094,-143.28289794921875,987.9437255859376,108.9018325805664,-62.53323745727539,489.6237182617188,241.98953247070312,-276.0966491699219,883.1058349609375,-146.6455535888672,-179.96372985839844,178.59303283691406,-162.99490356445312,-105.92475128173828,998.0107421875,-150.19680786132812,-241.69216918945312,534.362548828125,-229.0603790283203,-131.7068328857422,856.1194458007812
87.6931381225586,33.48590087890625,133.99478149414062,140.76654052734375,-141.86505126953125,986.4853515625,108.38404083251952,-56.0244140625,489.0965881347656,240.4032287597656,-280.143310546875,884.532470703125,-147.22308349609375,-199.2820587158203,173.42027282714844,-163.47445678710938,-105.48452758789062,997.1925048828124,-149.3672332763672,-241.1728973388672,533.240234375,-229.09593200683597,-129.890869140625,854.5699462890625
87.30213928222656,42.82718276977539,134.09483337402344,140.3943328857422,-140.57489013671875,984.9857788085938,107.89745330810548,-49.75499725341797,488.5591125488281,238.67697143554688,-283.9246520996094,885.7667236328125,-147.66954040527344,-218.5460205078125,168.99383544921875,-163.99440002441406,-105.095703125,996.2029418945312,-148.6716766357422,-240.2644805908203,531.748779296875,-229.08399963378903,-128.20114135742188,852.926513671875
86.92518615722656,52.11452865600586,134.2167205810547,139.98150634765625,-139.41531372070312,983.4567260742188,107.45925903320312,-43.7330207824707,488.0149841308594,236.81610107421875,-287.4278259277344,886.7955932617188,-147.98118591308594,-237.5836181640625,165.35678100585938,-164.5501251220703,-104.7733917236328,995.0587768554688,-148.12454223632812,-239.0450897216797,529.9406127929688,-229.03257751464844,-126.64151763916016,851.1995239257812
86.57427215576172,61.336219787597656,134.3729705810547,139.53492736816406,-138.3890838623047,981.909423828125,107.08272552490234,-37.96886444091797,487.4669189453125,234.82623291015625,-290.6406555175781,887.6073608398438,-148.15650939941406,-256.2033386230469,162.52159118652344,-165.1371307373047,-104.53438568115234,993.7802124023438,-147.73043823242188,-237.599609375,527.87841796875,-228.94998168945312,-125.21585845947266,849.3997802734375
86.26071166992188,70.47938537597656,134.57833862304688,139.06068420410156,-137.49929809570312,980.3543701171876,106.77549743652344,-32.47664260864258,486.91607666015625,232.713134765625,-293.55157470703125,888.1920166015625,-148.19544982910156,-274.1990051269531,160.46807861328125,-165.7510986328125,-104.39685821533205,992.390380859375,-147.4842987060547,-236.01731872558597,525.6311645507812,-228.84475708007807,-123.9280014038086,847.538818359375
85.99372100830078,79.53044128417969,134.84902954101562,138.56373596191406,-136.7498321533203,978.8010864257812,106.5383758544922,-27.27472305297852,486.3621215820313,230.4828186035156,-296.1498107910156,888.54150390625,-148.0984649658203,-291.35595703125,159.14321899414062,-166.38803100585938,-104.38003540039062,990.9151000976562,-147.37210083007812,-234.38975524902344,523.2697143554688,-228.72547912597656,-122.78179168701172,845.6288452148438
85.77906799316406,88.4754867553711,135.20196533203125,138.04783630371094,-136.14561462402344,977.25830078125,106.36459350585938,-22.3853702545166,485.80316162109375,228.14149475097656,-298.4252319335937,888.6500854492188,-147.8655242919922,-307.45806884765625,158.46331787109375,-167.0442657470703,-104.50384521484376,989.3818969726562,-147.3726348876953,-232.80844116210935,520.863525390625,-228.60073852539065,-121.78113555908205,843.6826171875
85.61807250976562,97.30076599121094,135.65426635742188,137.51553344726562,-135.69273376464844,975.73388671875,106.23970794677734,-17.833799362182617,485.2363586425781,225.6956329345703,-300.3684387207031,888.51416015625,-147.49549865722656,-322.2961120605469,158.31838989257812,-167.71652221679688,-104.78854370117188,987.8194580078124,-147.45924377441406,-231.36251831054688,518.4783325195312,-228.4790802001953,-120.93002319335938,841.713623046875
85.50716400146484,105.99292755126952,136.2228240966797,136.9683837890625,-135.39825439453125,974.2352905273438,106.14215087890624,-13.64688777923584,484.6583557128906,223.1520538330078,-301.970947265625,888.1329956054688,-146.9859619140625,-335.6774597167969,158.57904052734375,-168.40179443359375,-105.25420379638672,986.2567138671876,-147.60198974609375,-230.1358642578125,516.1744384765625,-228.3688201904297,-120.23257446289062,839.7357788085938
85.4379653930664,114.53919219970705,136.9244842529297,136.40725708007812,-135.2699737548828,972.7694091796876,106.04438018798828,-9.851922988891602,484.0659790039063,220.5179901123047,-303.2250366210937,887.5086059570312,-146.33395385742188,-347.4363708496094,159.1049346923828,-169.0973358154297,-105.9200668334961,984.722412109375,-147.76959228515625,-229.2035217285156,514.0046997070312,-228.27810668945312,-119.693115234375,837.7636108398438
85.39802551269531,122.92733764648438,137.7761688232422,135.8325958251953,-135.31585693359375,971.34326171875,105.91468811035156,-6.475571155548096,483.45648193359375,217.80123901367188,-304.1240234375,886.6456298828125,-145.53744506835938,-357.444091796875,159.7548370361328,-169.80059814453125,-106.80377197265624,983.2440795898438,-147.93136596679688,-228.6274871826172,512.0123901367188,-228.21473693847656,-119.31617736816406,835.8120727539062
85.37186431884766,131.1454620361328,138.794921875,135.2445831298828,-135.5434112548828,969.9637451171876,105.71974182128906,-3.543227434158325,482.8280029296875,215.0102081298828,-304.6621398925781,885.5516967773438,-144.59727478027344,-365.6179809570313,160.3970489501953,-170.50929260253906,-107.9204559326172,981.8477783203124,-148.0591278076172,-228.4529571533203,510.2291870117188,-228.18614196777344,-119.1065444946289,833.8961791992188
85.34235382080078,139.1815643310547,139.99790954589844,134.64329528808594,-135.95909118652344,968.6378784179688,105.42761993408205,-1.078757643699646,482.1794738769531,212.1540985107422,-304.83477783203125,884.2371826171875,-143.51914978027344,-371.9282836914063,160.91941833496094,-171.2213897705078,-109.28170776367188,980.5574951171876,-148.1290283203125,-228.70542907714844,508.6742858886719,-228.1992034912109,-119.06929779052734,832.0313110351562
85.29225158691406,147.02276611328125,141.40206909179688,134.0286102294922,-136.56752014160156,967.3726196289062,105.0112533569336,0.8953951001167297,481.5105285644531,209.24298095703125,-304.6385498046875,882.7150268554688,-142.3152313232422,-376.4016723632813,161.2376251220703,-171.93521118164062,-110.8944854736328,979.39501953125,-148.1233367919922,-229.3892517089844,507.3545837402344,-228.26022338867188,-119.20974731445312,830.2326049804688
85.20576477050781,154.65443420410156,143.02392578125,133.40029907226562,-137.37078857421875,966.1749877929688,104.45193481445312,2.3578133583068848,480.82135009765625,206.28793334960935,-304.0712280273437,881.0009155273438,-141.0049285888672,-379.1209411621094,161.30030822753906,-172.64939880371094,-112.76007080078124,978.3797607421876,-148.03179931640625,-230.4879608154297,506.26605224609375,-228.3747711181641,-119.53346252441406,828.5150146484375
85.06996154785156,162.05894470214844,144.8794708251953,132.7578582763672,-138.36781311035156,965.0518188476562,103.74246215820312,3.2874948978424072,480.1123962402344,203.30111694335935,-303.1321105957031,879.1126098632812,-139.6151123046875,-380.22021484375,161.08987426757812,-173.363037109375,-114.87316131591795,977.5285034179688,-147.85302734375,-231.96612548828125,505.3966979980469,-228.54757690429688,-120.04621124267578,826.8930053710938
84.87591552734375,169.21450805664062,146.98411560058594,132.10052490234375,-139.55368041992188,964.0096435546876,102.88957214355467,3.663131952285767,479.3841247558594,200.2958526611328,-301.82183837890625,877.0700073242188,-138.17979431152344,-379.87548828125,160.6187286376953,-174.0755157470703,-117.22116088867188,976.8555908203124,-147.59518432617188,-233.77305603027344,504.7302551269531,-228.78245544433597,-120.75385284423828,825.380615234375
84.61962890625,176.0938262939453,149.3528594970703,131.42738342285156,-140.91903686523438,963.0545654296876,101.91520690917967,3.462452888488769,478.6367492675781,197.2866973876953,-300.1427307128906,874.894775390625,-136.73927307128906,-378.2908935546875,159.921630859375,-174.7865447998047,-119.78386688232422,976.3727416992188,-147.27638244628906,-235.8476409912109,504.250244140625,-229.08213806152344,-121.6622543334961,823.9910888671875
84.30245208740234,182.66297912597656,152.00057983398438,130.7373809814453,-142.4496307373047,962.19189453125,100.85639190673828,2.6618762016296387,477.8697204589844,194.2894287109375,-298.0987243652344,872.6099243164062,-135.33872985839844,-375.6814880371094,159.04612731933594,-175.49600219726562,-122.53362274169922,976.0889892578124,-146.92434692382812,-238.12376403808597,503.9432373046875,-229.44830322265625,-122.77715301513672,822.7369384765625
83.93122863769531,188.88058471679688,154.94227600097656,130.0294952392578,-144.1261444091797,961.4261474609376,99.7634735107422,1.2366783618927002,477.081298828125,191.3210601806641,-295.695556640625,870.239501953125,-134.02603149414062,-372.25494384765625,158.04385375976562,-176.20384216308594,-125.4358901977539,976.0106201171876,-146.5755615234375,-240.5352325439453,503.8004455566406,-229.8813934326172,-124.10403442382812,821.629638671875
83.51795959472656,194.697265625,158.19326782226562,129.30296325683594,-145.92420959472656,960.760498046875,98.69685363769533,-0.83821040391922,476.26800537109375,188.39974975585935,-292.9408874511719,867.8082275390625,-132.84878540039062,-368.1946105957031,156.96456909179688,-176.91000366210938,-128.4503631591797,976.1406860351562,-146.2738494873047,-243.01927185058597,503.817138671875,-230.38072204589844,-125.64795684814452,820.6798095703125
83.07929992675781,200.05519104003903,161.76878356933594,128.55747985839844,-147.8146514892578,960.19677734375,97.72230529785156,-3.5867178440093994,475.4241943359375,185.5447235107422,-289.84429931640625,865.341064453125,-131.85018920898438,-363.6478576660156,155.8521728515625,-177.6143341064453,-131.532470703125,976.4788818359376,-146.0680389404297,-245.517578125,503.9897766113281,-230.94435119628903,-127.41339111328124,819.8967895507812
82.63577270507812,204.8875274658203,165.68289184570312,127.79324340820312,-149.76416015625,959.7352905273438,96.90552520751952,-7.029532432556152,474.54193115234375,182.77615356445312,-286.4173583984375,862.8628540039062,-131.06443786621094,-358.720458984375,154.7425537109375,-178.3164825439453,-134.63514709472656,977.0213012695312,-146.00857543945312,-247.9749755859375,504.3115234375,-231.56912231445312,-129.40402221679688,819.288818359375
82.21062469482422,209.11782836914065,169.946533203125,127.01119995117188,-151.7363739013672,959.3750610351562,96.30632781982422,-11.18165683746338,473.6115417480469,180.11492919921875,-282.6737976074219,860.3978881835938,-130.51254272460938,-353.47772216796875,153.6634521484375,-179.0159149169922,-137.71070861816406,977.7600708007812,-146.14303588867188,-250.3358154296875,504.76763916015625,-232.25076293945312,-131.6226043701172,818.8627319335938
81.82852935791016,212.66075134277344,174.5650177001953,126.2129898071289,-153.69317626953125,959.1135864257812,95.97317504882812,-16.05000114440918,472.622802734375,177.58245849609375,-278.6293640136719,857.9692993164062,-130.19985961914062,-347.949951171875,152.63534545898438,-179.71197509765625,-140.71267700195312,978.683349609375,-146.51060485839844,-252.53965759277344,505.332275390625,-232.9838104248047,-134.07073974609375,818.6240234375
81.5137939453125,215.42446899414065,179.53529357910156,125.4010238647461,-155.59628295898438,958.9475708007812,95.93868255615234,-21.63147735595703,471.5671081542969,175.200439453125,-274.30194091796875,855.5991821289062,-130.11593627929688,-342.1407470703125,151.67259216308594,-180.40391540527344,-143.59722900390625,979.7758178710938,-147.13644409179688,-254.51724243164065,505.9687805175781,-233.76173400878903,-136.7486572265625,818.57666015625
81.28862762451172,217.3153076171875,184.8431701660156,124.57830047607422,-157.40875244140625,958.8733520507812,96.21661376953124,-27.91191673278809,470.44036865234375,172.9905242919922,-269.7112121582031,853.307861328125,-130.2364959716797,-336.03643798828125,150.78460693359375,-181.09100341796875,-146.32452392578125,981.0184936523438,-148.0267333984375,-256.1885070800781,506.6331787109375,-234.5769500732422,-139.65509033203125,818.7232666015625
81.17122650146484,218.2434844970703,190.46072387695312,123.74829864501952,-159.09657287597656,958.8870849609376,96.80079650878906,-34.865901947021484,469.2456359863281,170.9739990234375,-264.8787536621094,851.11376953125,-130.52674865722656,-329.614990234375,149.97674560546875,-181.77267456054688,-148.85948181152344,982.3898315429688,-149.16590881347656,-257.4631652832031,507.27972412109375,-235.42086791992188,-142.787109375,819.064697265625
81.17385864257812,218.12925720214844,196.3441925048828,122.91463470458984,-160.6299591064453,958.9856567382812,97.6660385131836,-42.45722198486328,467.9958801269531,169.1715087890625,-259.8275146484375,849.0333251953125,-130.9453582763672,-322.85400390625,149.251220703125,-182.44866943359372,-151.17230224609375,983.8661499023438,-150.51673889160156,-258.24444580078125,507.8672790527344,-236.2839813232422,-146.13990783691406,819.6007080078125
81.3009262084961,216.9087371826172,202.4332427978516,122.08081817626952,-161.9845733642578,959.1668090820312,98.77092742919922,-50.63988876342773,466.71527099609375,167.6026611328125,-254.58177185058597,847.0809326171875,-131.44810485839844,-315.7367248535156,148.6078643798828,-183.1191253662109,-153.2386016845703,985.4226684570312,-152.02369689941406,-258.435546875,508.364013671875,-237.15591430664065,-149.706787109375,820.3294067382812
81.54754638671875,214.5390625,208.65188598632807,121.24992370605467,-163.14231872558594,959.4298095703124,100.06204223632812,-59.359375,465.4398193359375,166.28564453125,-249.1665954589844,845.2686157226562,-131.9912872314453,-308.25604248046875,148.04470825195312,-183.78469848632807,-155.03936767578125,987.0340576171876,-153.61862182617188,-257.9472961425781,508.7508239746094,-238.0255126953125,-153.47906494140625,821.2479248046875
81.89926147460938,211.0030059814453,214.9112548828125,120.42438507080078,-164.0917205810547,959.775390625,101.4787139892578,-68.55423736572266,464.21624755859375,165.23681640625,-243.60765075683597,843.6063232421875,-132.53488159179688,-300.41632080078125,147.55838012695312,-184.446533203125,-156.56072998046875,988.675537109375,-155.22825622558594,-256.70611572265625,509.0218811035156,-238.88104248046875,-157.4459991455078,822.3522338867188
82.33342742919922,206.31271362304688,221.1139068603516,119.60589599609376,-164.82789611816406,960.2057495117188,102.95767974853516,-78.15796661376953,463.0999755859375,164.47035217285156,-237.9307861328125,842.1021118164062,-133.04515075683594,-292.2332763671875,147.144287109375,-185.1063232421875,-157.79351806640625,990.323486328125,-156.78244018554688,-254.66119384765625,509.18304443359375,-239.7102203369141,-161.594970703125,823.6376342773438
82.82228088378906,200.51119995117188,227.15896606445312,118.79534912109376,-165.3522186279297,960.7242431640624,104.43718719482422,-88.1010513305664,462.1521911621094,163.997802734375,-232.16183471679688,840.7617797851562,-133.49655151367188,-283.7326354980469,146.79673767089844,-185.76611328125,-158.73294067382812,991.9559936523438,-158.22218322753906,-251.79019165039065,509.2485046386719,-240.5005340576172,-165.9114532470703,825.0986938476562
83.3369140625,193.67086791992188,232.94728088378903,117.99298095703124,-165.67149353027344,961.335205078125,105.86048126220705,-98.31301879882812,461.43603515625,163.82772827148438,-226.3262176513672,839.5894775390625,-133.87278747558594,-274.9482421875,146.50900268554688,-186.42825317382807,-159.37815856933594,993.5531616210938,-159.50604248046875,-248.102783203125,509.23638916015625,-241.23927307128903,-170.37921142578125,826.7294921875
83.85102081298828,185.8878631591797,238.38540649414065,117.19851684570312,-165.79710388183594,962.0435180664062,107.17863464355467,-108.7243423461914,461.0128784179688,163.9654083251953,-220.44857788085935,838.587646484375,-134.16659545898438,-265.9192810058594,146.27366638183594,-187.0950927734375,-159.73190307617188,995.0977783203124,-160.61378479003906,-243.64138793945312,509.16448974609375,-241.91387939453125,-174.9805145263672,828.5238037109375
84.34364318847656,177.27317810058594,243.3870086669922,116.41143798828124,-165.7439727783203,962.8541870117188,108.3526382446289,-119.26785278320312,460.9384765625,164.4125213623047,-214.55258178710935,837.7568359375,-134.37860107421875,-256.6875915527344,146.08309936523438,-187.768798828125,-159.80026245117188,996.5748901367188,-161.54664611816406,-238.47853088378903,509.0472412109375,-242.51202392578125,-179.6963348388672,830.4752807617188
84.80064392089844,167.94204711914062,247.8724822998047,115.6312484741211,-165.52932739257812,963.7717895507812,109.35447692871094,-129.8794403076172,461.2594299316406,165.16690063476562,-208.6605682373047,837.0960693359375,-134.51560974121094,-247.2949066162109,145.93008422851562,-188.4509735107422,-159.59243774414062,997.9723510742188,-162.32412719726562,-232.71127319335935,508.8941040039063,-243.02186584472656,-184.506591796875,832.5772094726562
85.21495819091797,158.0033721923828,251.7677764892578,114.85767364501952,-165.17169189453125,964.7997436523438,110.16732025146484,-140.4980010986328,462.0105285644531,166.22239685058594,-202.79342651367188,836.6027221679688,-134.5884246826172,-237.78077697753903,145.80836486816406,-189.1423492431641,-159.12060546875,999.2802734375,-162.97813415527344,-226.45350646972656,508.7097473144531,-243.4321746826172,-189.3904571533203,834.8226318359375
85.58588409423828,147.55117797851562,255.00418090820312,114.09091186523438,-164.68988037109375,965.9393310546876,110.78458404541016,-151.0647430419922,463.212890625,167.56883239746094,-196.9704742431641,836.2724609375,-134.60975646972656,-228.18130493164065,145.7128143310547,-189.8425445556641,-158.3998260498047,1000.4911499023438,-163.54579162597656,-219.82708740234372,508.4952697753906,-243.7324981689453,-194.3265838623047,837.2042846679688
85.91806030273438,136.65896606445312,257.5191650390625,113.3317642211914,-164.10220336914062,967.1891479492188,111.20819091796876,-161.52220153808594,464.8728332519531,169.19200134277344,-191.20932006835935,836.0993041992188,-134.59228515625,-218.52804565429688,145.63961791992188,-190.54969787597656,-157.4479217529297,1001.5995483398438,-164.06204223632812,-212.9527587890625,508.2501831054688,-243.9132537841797,-199.29339599609372,839.7141723632812
86.22063446044922,125.37741088867188,259.25830078125,112.58181762695312,-163.42588806152344,968.5444946289062,111.4461669921875,-171.81329345703125,466.9815368652344,171.07391357421875,-185.5259246826172,836.0753784179688,-134.54733276367188,-208.8472595214844,145.5860595703125,-191.2604522705078,-156.28526306152344,1002.601806640625,-164.55389404296875,-205.9418182373047,507.9744262695313,-243.96583557128903,-204.26934814453125,842.3435668945312
86.5069351196289,113.73483276367188,260.1778564453125,111.84351348876952,-162.6765899658203,969.99658203125,111.51008605957033,-181.88101196289065,469.5155944824219,173.1929473876953,-179.9344482421875,836.1911010742188,-134.4840545654297,-199.15956115722656,145.55044555664062,-191.9698028564453,-154.93434143066406,1003.495849609375,-165.03660583496094,-198.8887176513672,507.6702575683594,-243.8826446533203,-209.23309326171875,845.0827026367188
86.79422760009766,101.74006652832033,260.2469482421875,111.1202392578125,-161.86795043945312,971.532958984375,111.41252899169922,-191.6688232421875,472.438232421875,175.5244140625,-174.4473876953125,836.43505859375,-134.40914916992188,-189.48025512695312,145.53179931640625,-192.6711578369141,-153.41943359375,1004.2811279296876,-165.51296997070312,-191.8652191162109,507.3430480957031,-243.6571807861328,-214.16375732421875,847.9204711914062
87.10261535644531,89.38703918457031,259.4494323730469,110.416259765625,-161.01119995117188,973.1373291015624,111.1650848388672,-201.1218414306641,475.7013244628906,178.04100036621094,-169.07554626464844,836.7940063476562,-134.3271484375,-179.8197021484375,145.52951049804688,-193.3565216064453,-151.76600646972656,1004.9581298828124,-165.9749298095703,-184.9167938232422,507.0014343261719,-243.2840881347656,-219.0411071777344,850.8440551757812
87.45283508300781,76.66014099121094,257.78472900390625,109.73665618896484,-160.11520385742188,974.789794921875,110.77706146240234,-210.18833923339844,479.2478637695313,180.7133331298828,-163.8280487060547,837.2530517578125,-134.24095153808594,-170.18411254882812,145.54302978515625,-194.0167388916016,-150.0001220703125,1005.5285034179688,-166.40721130371094,-178.0623321533203,506.6568603515625,-242.7591857910156,-223.8457489013672,853.839111328125
87.86402893066406,63.53897476196289,255.2683563232422,109.0871810913086,-159.18655395507812,976.4679565429688,110.25511169433594,-218.82122802734372,483.0147705078125,183.5106201171875,-158.71249389648438,837.7955932617188,-134.15260314941406,-160.57635498046875,145.57164001464844,-194.6417999267578,-148.14772033691406,1005.9946899414062,-166.79193115234375,-171.297119140625,506.3222961425781,-242.0795135498047,-228.5592803955078,856.8892211914062
88.35203552246094,50.00201034545898,251.93214416503903,108.47403717041016,-158.23001098632812,978.1470336914062,109.60359954833984,-226.97901916503903,486.9353332519531,186.40126037597656,-153.73500061035156,838.4038696289062,-134.0638427734375,-150.99681091308594,145.61416625976562,-195.22134399414065,-146.23388671875,1006.3600463867188,-167.11293029785156,-164.59869384765625,506.01080322265625,-241.2434539794922,-233.1644744873047,859.9761962890625
88.92817687988281,36.02949523925781,247.8245849609375,107.9036102294922,-157.24908447265625,979.8009643554688,108.82555389404295,-234.62599182128903,490.9412231445313,189.35345458984372,-148.9003143310547,839.0589599609375,-133.97657775878906,-141.4440155029297,145.6689453125,-195.74514770507807,-144.2820587158203,1006.6282958984376,-167.3594207763672,-157.9342803955078,505.7336120605469,-240.250732421875,-237.6453857421875,863.0799560546875
89.59872436523438,21.605758666992188,243.0104522705078,107.38211822509766,-156.2466278076172,981.4031982421876,107.92405700683594,-241.7314453125,494.9642028808594,192.3357391357422,-144.21202087402344,839.7412109375,-133.89300537109375,-131.91522216796875,145.73374938964844,-196.20367431640625,-142.3134307861328,1006.8036499023438,-167.52761840820312,-151.2682647705078,505.4986572265625,-239.1025238037109,-241.98748779296875,866.1787719726562
90.3647689819336,6.720539093017578,237.5697326660156,106.91532135009766,-155.22552490234375,982.92724609375,106.90380859375,-248.26856994628903,498.9368896484375,195.3175506591797,-139.6726837158203,840.4304809570312,-133.81558227539062,-122.40690612792967,145.80596923828125,-196.5886993408203,-140.3466796875,1006.890380859375,-167.62083435058594,-144.5686798095703,505.3097839355469,-237.8015594482422,-246.17776489257807,869.249267578125
91.22259521484376,-8.630988121032715,231.59532165527344,106.50812530517578,-154.18927001953125,984.3475341796876,105.77291107177734,-254.2135162353516,502.7935791015625,198.2696990966797,-135.28407287597656,841.1065673828125,-133.74684143066406,-112.91526794433594,145.8828582763672,-196.89376831054688,-138.39779663085938,1006.8927001953124,-167.64805603027344,-137.81175231933594,505.167236328125,-236.3521423339844,-250.204833984375,872.2672119140625
92.16448211669922,-24.44915580749512,225.1900329589844,106.16433715820312,-153.14236450195312,985.6400146484376,104.54435729980467,-259.5447998046875,506.4709777832031,201.16482543945312,-131.04736328125,841.7493896484375,-133.6890869140625,-103.43675231933594,145.96168518066406,-197.11468505859372,-136.48019409179688,1006.8145141601562,-167.62216186523438,-130.98440551757812,505.0679626464844,-234.7602996826172,-254.05897521972656,875.2072143554688
93.17937469482422,-40.73067474365234,218.46353149414065,105.88643646240234,-152.09066772460938,986.7825317382812,103.23709869384766,-264.2436828613281,509.9087829589844,203.9777069091797,-126.96331787109376,842.3394165039062,-133.64425659179688,-93.96839904785156,146.0400390625,-197.24978637695312,-134.6048126220703,1006.6588745117188,-167.5580596923828,-124.08483123779295,505.0065307617188,-233.0337829589844,-257.7321472167969,878.0438842773438
94.25318908691406,-57.46892547607422,211.52957153320312,105.67543029785156,-151.04139709472656,987.7554931640624,101.87639617919922,-268.29510498046875,513.0509033203125,206.68560791015625,-123.0324935913086,842.8579711914062,-133.6136932373047,-84.50798034667969,146.1160430908203,-197.3001251220703,-132.7802734375,1006.4280395507812,-167.47142028808594,-117.12158203125,504.9754028320313,-231.18215942382807,-261.2180480957031,880.75146484375
95.36922454833984,-74.65319061279297,204.50364685058597,105.53086853027344,-150.00315856933594,988.5420532226562,100.49332427978516,-271.6893310546875,515.8465576171875,209.2685394287109,-119.25537109375,843.287109375,-133.59814453125,-75.05398559570312,146.1883544921875,-197.26934814453125,-131.01295471191406,1006.1229248046876,-167.3774871826172,-110.11148834228516,504.9657287597656,-229.21676635742188,-264.5121154785156,883.3050537109375
96.5089340209961,-92.26667022705078,197.5010681152344,105.45095825195312,-148.98562622070312,989.128662109375,99.1235580444336,-274.42431640625,518.2520751953125,211.7093811035156,-115.63251495361328,843.6102905273438,-133.59768676757812,-65.60546112060547,146.25634765625,-197.1634979248047,-129.30726623535156,1005.7429809570312,-167.29025268554688,-103.07720184326172,504.9678039550781,-227.15066528320312,-267.6114196777344,885.6803588867188
97.65314483642578,-110.283447265625,190.6351623535156,105.43270111083984,-147.99935913085938,989.5050048828124,97.8055191040039,-276.50799560546875,520.2322387695312,213.99400329589844,-112.16465759277344,843.8123168945312,-133.61178588867188,-56.16179656982422,146.31988525390625,-196.9905242919922,-127.66600036621094,1005.2865600585938,-167.2216033935547,-96.04491424560548,504.9718322753906,-224.9986572265625,-270.5144958496094,887.8544921875
98.78325653076172,-128.66455078125,184.01528930664065,105.47224426269533,-147.05538940429688,989.664306640625,96.57805633544922,-277.9606628417969,521.761962890625,216.1112060546875,-108.8527374267578,843.8794555664062,-133.63926696777344,-46.722503662109375,146.37916564941406,-196.75973510742188,-126.0908432006836,1004.7505493164062,-167.18084716796875,-89.04241943359375,504.96820068359375,-222.77708435058597,-273.22137451171875,889.806396484375
99.88219451904295,-147.3536376953125,177.7444305419922,105.5652313232422,-146.1649627685547,989.6033935546876,95.47781372070312,-278.8164978027344,522.8280639648438,218.0527801513672,-105.69789123535156,843.7996215820312,-133.6782684326172,-37.28704452514648,146.43446350097656,-196.4810485839844,-124.58292388916016,1004.131103515625,-167.1741943359375,-82.0978012084961,504.9479370117188,-220.5037384033203,-275.7332458496094,891.5170288085938
100.93477630615234,-166.27281188964844,171.9163055419922,105.70716094970705,-145.3392791748047,989.3228149414062,94.5365753173828,-279.12420654296875,523.4298706054688,219.81333923339844,-102.70152282714844,843.5628051757812,-133.7261199951172,-27.855026245117188,146.48580932617188,-196.1641540527344,-123.14368438720705,1003.4237670898438,-167.2044219970703,-75.23856353759766,504.9026794433594,-218.1975555419922,-278.0523681640625,892.9697265625
101.92761993408205,-185.31979370117188,166.61203002929688,105.89379119873048,-144.5893096923828,988.8267211914062,93.77875518798828,-278.946533203125,523.5802612304688,221.3902130126953,-99.8653335571289,843.160888671875,-133.77957153320312,-18.426713943481445,146.53286743164062,-195.81781005859372,-121.77558135986328,1002.6238403320312,-167.2705535888672,-68.4911880493164,504.8248291015625,-215.8784637451172,-280.181640625,894.1505737304688
102.84854125976562,-204.3666534423828,161.896484375,106.12142181396484,-143.92567443847656,988.1227416992188,93.21940612792967,-278.3589782714844,523.304931640625,222.7832794189453,-97.19129943847656,842.5880737304688,-133.83499145507812,-9.003600120544434,146.5750274658203,-195.448974609375,-120.48274993896484,1001.7269287109376,-167.36758422851562,-61.88151550292969,504.707275390625,-213.5670166015625,-282.1245422363281,895.0485229492188
103.68602752685548,-223.26071166992188,157.81475830078125,106.3871841430664,-143.3586883544922,987.2219848632812,92.8627700805664,-277.44732666015625,522.6414184570312,223.99481201171875,-94.68177032470705,841.8408813476562,-133.888671875,0.411109447479248,146.6117706298828,-195.06236267089844,-119.27129364013672,1000.7293701171876,-167.48655700683594,-55.43523025512695,504.5431823730469,-211.28404235839844,-283.8846740722656,895.65576171875
104.42887878417967,-241.8272399902344,154.3890838623047,106.68914794921876,-142.8983917236328,986.1387939453124,92.7017059326172,-276.3045654296875,521.6368408203125,225.02926635742188,-92.33941650390624,840.9185791015625,-133.9369659423828,9.812105178833008,146.64312744140625,-194.66009521484372,-118.14929962158205,999.6285400390624,-167.6148223876953,-49.17815017700195,504.3257446289063,-209.0504302978516,-285.46551513671875,895.9675903320312
105.06607818603516,-259.8746643066406,151.61671447753906,107.0264129638672,-142.55470275878906,984.890625,92.71809387207033,-275.026611328125,520.3450927734375,225.89309692382807,-90.16728973388672,839.8232421875,-133.97613525390625,19.191743850708008,146.67039489746094,-194.24180603027344,-117.12640380859376,998.423583984375,-167.73641967773438,-43.135738372802734,504.0483093261719,-206.88661193847656,-286.8702392578125,895.98291015625
105.58718872070312,-277.2015991210937,149.46934509277344,107.39904022216795,-142.3375244140625,983.4976196289062,92.88420867919922,-273.707763671875,518.82373046875,226.59454345703125,-88.16880798339844,838.5596923828125,-134.00242614746094,28.540088653564453,146.6969757080078,-193.8050994873047,-116.21319580078124,997.1159057617188,-167.8326873779297,-37.33213424682617,503.7049865722656,-204.81236267089844,-288.101318359375,895.7037353515625
105.98301696777344,-293.60516357421875,147.89431762695312,107.8079833984375,-142.2568817138672,981.982666015625,93.16502380371094,-272.4360656738281,517.1304321289062,227.14340209960935,-86.3477783203125,837.1360473632812,-134.01210021972656,37.84523391723633,146.72938537597656,-193.3460998535156,-115.42072296142578,995.709716796875,-167.8829345703125,-31.789045333862305,503.2914733886719,-202.8463592529297,-289.16033935546875,895.1356811523438
106.24675750732422,-308.8894348144531,146.8179168701172,108.25480651855467,-142.32278442382812,980.370849609375,93.5211181640625,-271.2890014648437,515.320556640625,227.5507659912109,-84.70838165283203,835.5634765625,-134.00157165527344,47.0937614440918,146.7777862548828,-192.85992431640625,-114.76020050048828,994.2119140625,-167.86520385742188,-26.52492332458496,502.8062133789063,-201.00588989257807,-290.0478515625,894.2877197265625
106.37515258789062,-322.8735046386719,146.1506805419922,108.74151611328124,-142.5451202392578,978.6893920898438,93.91201782226562,-270.3304443359375,513.4445190429688,227.8288726806641,-83.25524139404297,833.8564453125,-133.9678497314453,56.271217346191406,146.85626220703125,-192.3410186767578,-114.24301147460938,992.6326904296876,-167.75714111328125,-21.55467987060547,502.2516174316406,-199.30657958984372,-290.7632751464844,893.1719970703125
106.36954498291016,-335.3987121582031,145.794189453125,109.27024841308594,-142.9334716796875,976.96728515625,94.299560546875,-269.6085510253906,511.547119140625,227.9907989501953,-81.99336242675781,832.0323486328125,-133.90908813476562,65.36253356933594,146.98252868652344,-191.7836151123047,-113.88062286376952,990.985107421875,-167.53692626953125,-16.89026641845703,501.6346435546875,-197.7620391845703,-291.3047180175781,891.8037109375
106.2366180419922,-346.3348083496094,145.64828491210938,109.84308624267578,-143.4966583251953,975.2349853515624,94.6511001586914,-269.1553955078125,509.6673889160156,228.05023193359372,-80.92822265625,830.1116333007812,-133.8252410888672,74.35248565673828,147.17726135253906,-191.18197631835935,-113.68453979492188,989.2849731445312,-167.18426513671875,-12.542132377624512,500.967041015625,-196.38372802734372,-291.6690979003906,890.2011108398438
105.98845672607422,-355.58453369140625,145.61790466308594,110.46183776855467,-144.24240112304688,973.5240478515624,94.94215393066406,-268.9874267578125,507.8394775390625,228.02133178710935,-80.06571960449219,828.1173706054688,-133.71881103515625,83.22599029541016,147.4633331298828,-190.5307464599609,-113.6661605834961,987.5503540039062,-166.68141174316406,-8.521440505981445,500.26470947265625,-195.1806488037109,-291.8520812988281,888.385009765625
105.6420669555664,-363.0869140625,145.61865234375,111.12789916992188,-145.17674255371094,971.86669921875,95.15835571289062,-269.1073303222656,506.0938720703125,227.9183807373047,-79.41219329833984,826.0750732421875,-133.59518432617188,91.9682846069336,147.86483764648438,-189.82522583007807,-113.83641815185548,985.80126953125,-166.0140380859375,-4.842689037322998,499.5467224121094,-194.15924072265625,-291.848388671875,886.3784790039062
105.21895599365234,-368.8196411132813,145.58154296875,111.84215545654295,-146.3036346435547,970.295166015625,95.29656982421876,-269.5062866210937,504.4585876464844,227.7556304931641,-78.9744644165039,824.0120239257812,-133.46267700195312,100.56462097167967,148.40611267089844,-189.0616149902344,-114.20535278320312,984.0587158203124,-165.1720428466797,-1.5263108015060425,498.83343505859375,-193.3232879638672,-291.6517944335937,884.206787109375
104.74485778808594,-372.80084228515625,145.4562530517578,112.60492706298828,-147.62428283691406,968.8414916992188,95.36515045166016,-270.1668395996094,502.9602661132813,227.5470733642578,-78.75977325439453,821.9569091796875,-133.33193969726562,108.9995574951172,149.1110382080078,-188.2371368408203,-114.78144073486328,982.3443603515624,-164.1501007080078,1.3992350101470947,498.1448059082031,-192.6738128662109,-291.25555419921875,881.8968505859375
104.24921417236328,-375.08935546875,145.21255493164062,113.4159927368164,-149.1367950439453,967.53662109375,95.38353729248048,-271.0657653808594,501.6246643066406,227.30621337890625,-78.77577209472656,819.9391479492188,-133.21505737304688,117.2555923461914,150.0022735595703,-187.35031127929688,-115.5708236694336,980.6797485351562,-162.94822692871094,3.8962442874908447,497.4984436035156,-192.2091064453125,-290.6524658203125,879.476806640625
103.76377868652344,-375.7828369140625,144.83905029296875,114.27462005615234,-150.83570861816406,966.4097290039062,95.38095092773438,-272.17657470703125,500.4768371582031,227.04595947265625,-79.03044891357422,817.9884643554688,-133.12452697753906,125.31141662597656,151.10110473632812,-186.4010009765625,-116.57644653320312,979.08544921875,-161.57212829589844,5.917665958404541,496.9079895019531,-191.9247589111328,-289.8354187011719,876.9759521484375
103.3204345703125,-375.013427734375,144.33978271484375,115.17960357666016,-152.7117919921875,965.4876708984376,95.39453887939452,-273.4713439941406,499.5404357910156,226.77847290039065,-79.53202056884766,816.1339721679688,-133.0723114013672,133.14007568359375,152.4273223876953,-185.39059448242188,-117.79710388183594,977.58056640625,-160.03369140625,7.408190250396728,496.38189697265625,-191.81381225585935,-288.7975158691406,874.4239501953125
102.94829559326172,-372.9399719238281,143.72952270507812,116.1293487548828,-154.75196838378906,964.7938232421876,95.46671295166016,-274.9215393066406,498.8361206054688,226.51507568359372,-80.28878021240234,814.4036865234375,-133.06903076171875,140.7071533203125,153.99945068359375,-184.32199096679688,-119.22659301757812,976.1820678710938,-158.3514862060547,8.306432723999023,495.922607421875,-191.86688232421875,-287.5326843261719,871.8507690429688
102.6706771850586,-369.73779296875,143.0292510986328,117.12188720703124,-156.9394989013672,964.3474731445312,95.64202880859376,-276.4975280761719,498.3794860839844,226.2662048339844,-81.30894470214844,812.8237915039062,-133.12342834472656,147.9694366455078,155.8351593017578,-183.19955444335935,-120.8530044555664,974.9044189453124,-156.5514373779297,8.547979354858398,495.5260925292969,-192.07241821289065,-286.0357666015625,869.2860717773438
102.50243377685548,-365.5862121582031,142.2630157470703,118.15499114990234,-159.2542266845703,964.1630249023438,95.96353912353516,-278.16705322265625,498.1780395507813,226.04139709472656,-82.60040283203125,811.4183349609375,-133.2421112060547,154.87374877929688,157.95159912109375,-182.02902221679688,-122.65819549560548,973.7589721679688,-154.66746520996094,8.069035530090332,495.1819152832031,-192.4169464111328,-284.3030700683594,866.7588500976562
102.44847106933594,-360.6560363769531,141.45562744140625,119.22620391845705,-161.67318725585938,964.2489013671876,96.46891021728516,-279.8928527832031,498.2282409667969,225.84922790527344,-84.17051696777344,810.208251953125,-133.42919921875,161.35626220703125,160.3656005859375,-180.8172149658203,-124.61764526367188,972.754150390625,-152.74179077148438,6.810408592224121,494.8735046386719,-192.8854217529297,-282.33270263671875,864.2969970703125
102.50358581542967,-355.0986633300781,140.63148498535156,120.33290100097656,-164.17103576660156,964.6072387695312,97.1865463256836,-281.6296691894531,498.5128173828125,225.69737243652344,-86.0258560180664,809.21142578125,-133.686279296875,167.3421173095703,163.09365844726562,-179.57171630859375,-126.70066833496094,971.8948974609376,-150.82472229003906,4.721529483795166,494.5787963867188,-193.46157836914065,-280.124755859375,861.9271240234375
102.653564453125,-349.038818359375,139.8138885498047,121.47233581542967,-166.72076416015625,965.2335815429688,98.13196563720705,-283.32147216796875,498.9992980957031,225.592529296875,-88.17193603515625,808.4419555664062,-134.0120849609375,172.74591064453125,166.15174865722656,-178.30035400390625,-128.8712921142578,971.18310546875,-148.97344970703125,1.7643669843673706,494.27093505859375,-194.12831115722656,-277.6816711425781,859.6737060546875
102.87715911865234,-342.5714111328125,139.0239715576172,122.6416015625,-169.29420471191406,966.1165771484376,99.3051986694336,-284.8991394042969,499.6406555175781,225.5404510498047,-90.61299896240234,807.9100341796875,-134.4022979736328,177.47329711914062,169.5552520751953,-177.0106658935547,-131.08969116210938,970.6176147460938,-147.24969482421875,-2.083038568496704,493.9196166992188,-194.86805725097656,-275.0083923339844,857.559326171875
103.1487274169922,-335.7620849609375,138.27964782714844,123.83761596679688,-171.86256408691406,967.2385864257812,100.68962097167967,-286.2798156738281,500.3782043457031,225.54592895507807,-93.35179138183594,807.6220092773438,-134.84922790527344,181.4237060546875,173.31838989257812,-175.7095489501953,-133.313720703125,970.194580078125,-145.71563720703125,-6.823848724365234,493.4929504394531,-195.66329956054688,-272.1123962402344,855.6038818359375
103.4411163330078,-328.6512451171875,137.59486389160156,125.05701446533205,-174.39686584472656,968.5761108398438,102.25252532958984,-287.3682556152344,501.14654541015625,225.61273193359372,-96.38946533203124,807.5803833007812,-135.34140014648438,184.4939422607422,177.45335388183594,-174.40338134765625,-135.50039672851562,969.9080810546876,-144.42835998535156,-12.440892219543455,492.96044921875,-196.49691772460935,-269.0037841796875,853.8247680664062
103.72855377197266,-321.2598571777344,136.9791259765625,126.29600524902344,-176.8683319091797,970.1013793945312,103.94776916503906,-288.0603942871094,501.8798828125,225.74354553222656,-99.72544860839844,807.7837524414062,-135.86331176757812,186.58287048339844,181.96856689453125,-173.09825134277344,-137.6071014404297,969.750732421875,-143.4334259033203,-18.896663665771484,492.2970886230469,-197.3525848388672,-265.6952514648437,852.2363891601562
103.98910522460938,-313.596923828125,136.43743896484375,127.5502700805664,-179.24864196777344,971.783203125,105.72010040283205,-288.2490539550781,502.5188293457031,225.93994140625,-103.35743713378906,808.2273559570312,-136.39544677734375,187.5970916748047,186.8660125732422,-171.8002471923828,-139.59298706054688,969.7145385742188,-142.75868225097656,-26.135034561157227,491.4885559082031,-198.21517944335935,-262.2016906738281,850.8502807617188
104.20640563964844,-305.66619873046875,135.97047424316406,128.8148651123047,-181.51028442382807,973.5888061523438,107.51085662841795,-287.8314208984375,503.0159606933594,226.20230102539065,-107.2813720703125,808.9036865234375,-136.91481018066406,187.4576110839844,192.1380157470703,-170.51576232910156,-141.42030334472656,969.7913208007812,-142.41014099121094,-34.08454132080078,490.536376953125,-199.07107543945312,-258.54022216796875,849.6752319335938
104.37047576904295,-297.47216796875,135.57513427734375,130.08416748046875,-183.6269073486328,975.485107421875,109.26431274414062,-286.7172241210937,503.3400573730469,226.5297393798828,-111.49148559570312,809.8024291992188,-137.39602661132812,186.10659790039065,197.763671875,-169.25152587890625,-143.0561065673828,969.9736328125,-142.3706512451172,-42.6628303527832,489.4617614746094,-199.9084014892578,-254.72955322265625,848.717041015625
104.47779083251952,-289.0238647460937,135.2451171875,131.35191345214844,-185.57373046875,977.43994140625,110.93350982666016,-284.83721923828125,503.4775390625,226.92019653320312,-115.98030853271484,810.9117431640625,-137.81288146972656,183.5135955810547,203.70602416992188,-168.0144805908203,-144.47364807128906,970.2553100585938,-142.60198974609375,-51.78168487548828,488.30755615234375,-200.71722412109372,-250.7898406982422,847.978759765625
104.53060150146484,-280.3369445800781,134.97178649902344,132.61129760742188,-187.32798767089844,979.4229736328124,112.48475646972656,-282.1501159667969,503.431884765625,227.37034606933597,-120.73875427246094,812.2183227539062,-138.14036560058594,179.68048095703125,209.91049194335935,-166.8115997314453,-145.65357971191406,970.6318969726562,-143.04969787597656,-61.351837158203125,487.1376647949219,-201.48960876464844,-246.7420959472656,847.4608154296875
104.53570556640624,-271.43365478515625,134.7451629638672,133.85520935058594,-188.869384765625,981.4066162109376,113.90010833740234,-278.6472473144531,503.2208862304688,227.875732421875,-125.75618743896484,813.7080078125,-138.35653686523438,174.64376831054688,216.3054351806641,-165.64942932128906,-146.5848846435547,971.1008911132812,-143.6494598388672,-71.28693389892578,486.0335693359375,-202.2196350097656,-242.6078338623047,847.1611938476562
104.50306701660156,-262.34130859375,134.5548858642578,135.07652282714844,-190.1807098388672,983.365966796875,115.17765045166016,-274.3536071777344,502.8727111816406,228.4307861328125,-131.02049255371094,815.3666381835938,-138.44424438476562,168.47381591796875,222.80447387695312,-164.5337677001953,-147.26498413085938,971.6619262695312,-144.33413696289062,-81.50624084472656,485.0886840820313,-202.90325927734372,-238.4086151123047,847.0752563476562
104.44442749023438,-253.09027099609372,134.39109802246094,136.26837158203125,-191.24806213378903,985.2789306640624,116.3295440673828,-269.32525634765625,502.4211730957031,229.0289764404297,-136.51820373535156,817.179931640625,-138.39242553710938,161.2698211669922,229.3097381591797,-163.46922302246094,-147.69960021972656,972.3165893554688,-145.0399169921875,-91.9357681274414,484.4006042480469,-203.5382080078125,-234.1656188964844,847.1959228515625
104.37198638916016,-243.7115478515625,134.24508666992188,137.42469787597656,-192.06130981445312,987.1261596679688,117.3781280517578,-263.64312744140625,501.9013366699219,229.66294860839844,-142.23451232910156,819.1343383789062,-138.19680786132812,153.15139770507812,235.7152557373047,-162.458984375,-147.90188598632812,973.068115234375,-145.7110137939453,-102.50782012939452,484.0626220703125,-204.1236114501953,-229.89935302734372,847.513671875
104.29739379882812,-234.23455810546875,134.1100311279297,138.54051208496094,-192.6141357421875,988.8907470703124,118.35060119628906,-257.4044189453125,501.34576416015625,230.32456970214844,-148.1533966064453,821.2169189453125,-137.85989379882812,144.24734497070312,241.90911865234372,-161.50457763671875,-147.89126586914062,973.920654296875,-146.3024444580078,-113.15926361083984,484.1551818847656,-204.6597595214844,-225.6293029785156,848.016357421875
104.2306671142578,-224.6856689453125,133.9812774658203,139.6123046875,-192.90411376953125,990.557861328125,119.27310943603516,-250.7131500244141,500.781982421875,231.0051422119141,-154.25782775878906,823.415771484375,-137.39015197753906,134.68328857421875,247.7745361328125,-160.6058807373047,-147.6919708251953,974.8783569335938,-146.78094482421875,-123.8293228149414,484.7386474609375,-205.14773559570312,-221.37368774414065,848.6893920898438
104.17912292480467,-215.08767700195312,133.8566436767578,140.63812255859375,-192.9326629638672,992.1148071289062,120.16510009765624,-243.6708068847656,500.2310180664063,231.69554138183597,-160.5298309326172,825.7200317382812,-136.8006591796875,124.57054901123048,253.1906890869141,-159.7612762451172,-147.33132934570312,975.9447021484376,-147.12506103515625,-134.45782470703125,485.8480224609375,-205.58914184570312,-217.1492462158203,849.5155639648438
104.1465835571289,-205.45968627929688,133.73609924316406,141.61753845214844,-192.7047119140625,993.550537109375,121.0351333618164,-236.36917114257807,499.7073059082031,232.38644409179688,-166.95071411132812,828.119873046875,-136.1078338623047,113.9983139038086,258.0350341796875,-158.96786499023438,-146.8380889892578,977.12109375,-147.3249053955078,-144.9844970703125,487.49072265625,-205.98577880859372,-212.9711151123047,850.4754028320312
104.1331024169922,-195.81692504882807,133.62132263183594,142.55136108398438,-192.228515625,994.8558349609376,121.87899780273438,-228.8853454589844,499.2188415527344,233.0684051513672,-173.5011444091797,830.6064453125,-135.33029174804688,103.03010559082033,262.1878662109375,-158.22201538085938,-146.24073791503906,978.40625,-147.38131713867188,-155.3493194580078,489.64654541015625,-206.3394470214844,-208.8527984619141,851.546875
104.1352767944336,-186.17108154296875,133.51513671875,143.4412384033203,-191.5152587890625,996.0230102539062,122.6807098388672,-221.2797088623047,498.768310546875,233.7321014404297,-180.1612548828125,833.1715698242188,-134.4882354736328,91.70438385009766,265.5384826660156,-157.51974487304688,-145.5660400390625,979.794921875,-147.30433654785156,-165.4937744140625,492.2698059082031,-206.65185546875,-204.8060607910156,852.7062377929688
104.14705657958984,-176.5308380126953,133.4208526611328,144.2891082763672,-190.5787506103516,997.0455932617188,123.4165267944336,-213.5963592529297,498.3540344238281,234.36837768554688,-186.9108123779297,835.8077392578125,-133.60299682617188,80.03810119628906,267.99188232421875,-156.85716247558594,-144.8379669189453,981.27783203125,-147.1109161376953,-175.36289978027344,495.293701171875,-206.92454528808597,-200.84109497070312,853.9276123046875
104.16072082519533,-166.90245056152344,133.34176635742188,145.09669494628906,-189.43502807617188,997.9182739257812,124.06099700927734,-205.86546325683597,497.9712524414063,234.96849060058597,-193.7293243408203,838.5078125,-132.6969451904297,68.03146362304688,269.4743957519531,-156.23092651367188,-144.0768585205078,982.8410034179688,-146.82211303710938,-184.9075927734375,498.6355590820313,-207.15890502929688,-196.966552734375,855.1839599609375
104.16810607910156,-157.29039001464844,133.2806396484375,145.8651123046875,-188.10194396972656,998.6368408203124,124.59343719482422,-198.10726928710935,497.6134643554688,235.5240631103516,-200.59613037109372,841.2646484375,-131.79345703125,55.67267990112305,269.9376220703125,-155.63841247558594,-143.2989959716797,984.466064453125,-146.45948791503906,-194.086181640625,502.2037353515625,-207.3562469482422,-193.18968200683597,856.4471435546875
104.1615753173828,-147.69776916503906,133.23939514160156,146.59454345703125,-186.59881591796875,999.1980590820312,125.00242614746094,-190.3368377685547,497.2733459472656,236.0272216796875,-207.49050903320312,844.0707397460938,-130.91641235351562,42.94225692749024,269.3598937988281,-155.0780792236328,-142.51651000976562,986.1306762695312,-146.04150390625,-202.8647308349609,505.90435791015625,-207.51791381835935,-189.5165252685547,857.6885375976562
104.13479614257812,-138.1268768310547,133.2190399169922,147.2841033935547,-184.9462738037109,999.5997314453124,125.28724670410156,-182.5687713623047,496.9436645507813,236.47064208984372,-214.39181518554688,846.91845703125,-130.0889434814453,29.816898345947266,267.7461242675781,-154.54940795898438,-141.7374267578125,987.8092041015624,-145.58047485351562,-211.21578979492188,509.6478576660156,-207.64535522460935,-185.95204162597656,858.8795166015625
104.08311462402344,-128.5795135498047,133.2196502685547,147.93186950683594,-183.1659393310547,999.8408203125,125.45624542236328,-174.82102966308594,496.6172790527344,236.84759521484372,-221.279541015625,849.7991333007812,-129.3314971923828,16.272785186767578,265.1266174316406,-154.0529327392578,-140.9662322998047,989.4735107421876,-145.0806884765625,-219.1158142089844,513.3543090820312,-207.74034118652344,-182.50027465820312,859.9920654296875
104.00363159179688,-119.05723571777344,133.24046325683594,148.53497314453125,-181.28005981445312,999.9214477539062,125.52336120605467,-167.116943359375,496.287353515625,237.1519317626953,-228.13340759277344,852.7035522460938,-128.6602783203125,2.287340879440308,261.5543518066406,-153.59011840820312,-140.20425415039062,991.0941772460938,-144.5384063720703,-226.54251098632807,516.9561767578125,-207.8049774169922,-179.1644744873047,860.9993286132812
103.89493560791016,-109.56147003173828,133.2799530029297,149.08981323242188,-179.31117248535156,999.8428955078124,125.50421905517578,-159.4854278564453,495.9471130371094,237.37815856933597,-234.9334259033203,855.621337890625,-128.08636474609375,-12.1604585647583,257.102294921875,-153.1631317138672,-139.45050048828125,992.6412963867188,-143.94361877441406,-233.47271728515625,520.3988037109375,-207.8418426513672,-175.94728088378906,861.8760986328125
103.75677490234376,-100.09353637695312,133.3358612060547,149.59239196777344,-177.28170776367188,999.607666015625,125.41287994384766,-151.95948791503906,495.590087890625,237.52151489257807,-241.65997314453125,858.5411987304688,-127.61570739746094,-27.09054374694824,251.8601531982422,-152.77464294433594,-138.70233154296875,994.0857543945312,-143.28367614746094,-239.8816070556641,523.6383056640625,-207.8540802001953,-172.8507843017578,862.5993041992188
103.589599609375,-90.65447235107422,133.40512084960938,150.0386962890625,-175.21363830566406,999.2193603515624,125.25987243652344,-144.5738983154297,495.210205078125,237.5779266357422,-248.29391479492188,861.4508056640625,-127.2497329711914,-42.52204895019531,245.9316253662109,-152.4276123046875,-137.9562530517578,995.3995971679688,-142.5476531982422,-245.7430725097656,526.637451171875,-207.84539794921875,-169.87672424316406,863.1485595703125
103.39421844482422,-81.24473571777344,133.48387145996094,150.42518615722656,-173.12831115722656,998.6825561523438,125.05154418945312,-137.36253356933594,494.8020629882813,237.54415893554688,-254.81651306152344,864.336669921875,-126.98624420166016,-58.47270584106445,239.43202209472656,-152.12503051757812,-137.20870971679688,996.55712890625,-141.73011779785156,-251.03073120117188,529.3619995117188,-207.820068359375,-167.02647399902344,863.5065307617188
103.17157745361328,-71.86387634277344,133.56739807128906,150.7492218017578,-171.0462188720703,998.0028686523438,124.79080963134766,-130.3555908203125,494.361083984375,237.41778564453125,-261.2095642089844,867.1845092773438,-126.82061004638672,-74.95692443847656,232.48614501953125,-151.86978149414062,-136.4569091796875,997.5353393554688,-140.83335876464844,-255.7192230224609,531.7780151367188,-207.78286743164065,-164.30123901367188,863.6593627929688
102.92261505126952,-62.51059722900391,133.65048217773438,151.0093231201172,-168.98681640625,997.1868896484376,124.47866821289062,-123.57698822021484,493.8838195800781,237.19720458984372,-267.4554443359375,869.9788818359375,-126.746826171875,-91.98250579833984,225.2265625,-151.66439819335938,-135.69949340820312,998.3141479492188,-139.8680419921875,-259.7860717773437,533.850341796875,-207.73907470703125,-161.70204162597656,863.5964965820312
102.64830017089844,-53.182861328125,133.7276611328125,151.20556640625,-166.96839904785156,996.241943359375,124.11620330810548,-117.04202270507812,493.3677978515625,236.88180541992188,-273.5368957519531,872.7036743164062,-126.75830841064452,-109.54645538330078,217.7915802001953,-151.5109100341797,-134.93727111816406,998.8768310546876,-138.85231018066406,-263.21392822265625,535.5428466796875,-207.6943206787109,-159.2298583984375,863.3114013671875
102.34969329833984,-43.87800216674805,133.79360961914062,151.33969116210938,-165.00794982910156,995.1761474609376,123.70651245117188,-110.75563049316406,492.8118286132813,236.47186279296875,-279.4371643066406,875.3421630859375,-126.84823608398438,-127.63047790527344,210.322998046875,-151.4106903076172,-134.17372131347656,999.2103881835938,-137.81004333496094,-265.9931030273437,536.8201904296875,-207.6544647216797,-156.8855743408203,862.8009643554688
102.02806091308594,-34.592872619628906,133.84341430664062,151.41513061523438,-163.1211395263672,993.9982299804688,123.25617980957033,-104.71146392822266,492.2156982421875,235.9685821533203,-285.1400451660156,877.8770141601562,-127.0094757080078,-146.19659423828125,202.9630584716797,-151.3642578125,-133.415283203125,999.3056640625,-136.7686004638672,-268.1240234375,537.6502075195312,-207.6255645751953,-154.67018127441406,862.0659790039062
101.68502044677734,-25.324054718017575,133.87298583984375,151.4370574951172,-161.32223510742188,992.7174682617188,122.77597045898438,-98.89246368408205,491.5801086425781,235.3740997314453,-290.629638671875,880.2907104492188,-127.23422241210938,-165.18357849121094,195.85096740722656,-151.37124633789062,-132.6714324951172,999.1576538085938,-135.75656127929688,-269.6195373535156,538.0072021484375,-207.61363220214844,-152.5846710205078,861.110595703125
101.32274627685548,-16.06816864013672,133.8794403076172,151.41207885742188,-159.62423706054688,991.3433837890624,122.28058624267578,-93.2726593017578,490.9064025878906,234.6913909912109,-295.890625,882.5658569335938,-127.513671875,-184.5044860839844,189.11868286132807,-151.43032836914062,-131.9545135498047,998.7657470703124,-134.80165100097656,-270.506591796875,537.8756713867188,-207.6247100830078,-150.63018798828125,859.9424438476562
100.9440689086914,-6.822303295135498,133.86163330078125,151.3479766845703,-158.0389862060547,989.8858032226562,121.78778076171876,-87.82024383544922,490.1962585449219,233.9242706298828,-300.9080505371094,884.6851196289062,-127.83767700195312,-204.0455017089844,182.8863220214844,-151.5392608642578,-131.2794189453125,998.1339111328124,-133.92897033691406,-270.8275756835937,537.25341796875,-207.66461181640625,-148.80804443359375,858.5721435546875
100.55266571044922,2.415330648422241,133.8206787109375,151.25328063964844,-156.5773162841797,988.3544311523438,121.3167953491211,-82.50145721435547,489.4516906738281,233.0772399902344,-305.6674499511719,886.6317138671875,-128.19451904296875,-223.66629028320312,177.25735473632812,-151.6949462890625,-130.66307067871094,997.2708740234376,-133.15965270996094,-270.640869140625,536.1543579101562,-207.73899841308597,-147.11968994140625,857.0132446289062
100.15324401855467,11.644654273986816,133.7604217529297,151.13668823242188,-155.2491455078125,986.759033203125,120.88665008544922,-77.28490447998047,488.6746826171875,232.1554718017578,-310.1547546386719,888.3895263671875,-128.5707550048828,-243.2016448974609,172.3136749267578,-151.89369201660156,-130.12387084960938,996.190185546875,-132.5097198486328,-270.0203857421875,534.610595703125,-207.85324096679688,-145.56683349609375,855.2817993164062
99.751708984375,20.862957000732425,133.68785095214844,151.00645446777344,-154.06365966796875,985.109619140625,120.51433563232422,-72.14576721191406,487.8670959472656,231.16470336914065,-314.3563232421875,889.9434814453125,-128.95115661621094,-262.4638671875,168.11082458496094,-152.13137817382812,-129.6810760498047,994.910400390625,-131.9892120361328,-269.0544128417969,532.6722412109375,-208.0124053955078,-144.15139770507812,853.3961791992188
99.35546875,30.06425666809082,133.6134796142578,150.8696746826172,-153.02938842773438,983.4163208007812,120.21305084228516,-67.06936645507812,487.0309753417969,230.11122131347656,-318.25885009765625,891.2799682617188,-129.31863403320312,-281.246826171875,164.67401123046875,-152.40380859375,-129.3541717529297,993.4547729492188,-131.60177612304688,-267.8427124023437,530.4053955078125,-208.22125244140625,-142.87557983398438,851.376708984375
98.97321319580078,39.238990783691406,133.5513153076172,150.73171997070312,-152.1544189453125,981.6895751953124,119.99059295654295,-62.05371475219727,486.16845703125,229.00180053710935,-321.8495178222656,892.3865966796875,-129.65423583984375,-299.3316345214844,161.99559020996094,-152.70693969726562,-129.1622314453125,991.85107421875,-131.34445190429688,-266.49273681640625,527.8888549804688,-208.4841461181641,-141.7418212890625,849.245361328125
98.61398315429688,48.37435150146485,133.5186767578125,150.59559631347656,-151.44659423828125,979.9404907226562,119.84797668457033,-57.11073303222656,485.2825622558594,227.84361267089844,-325.1158142089844,893.253173828125,-129.93722534179688,-316.4936828613281,160.03488159179688,-153.03720092773438,-129.12338256835938,990.1314697265624,-131.20797729492188,-265.1149597167969,525.2085571289062,-208.8050537109375,-140.75286865234375,847.0257568359375
98.28590393066406,57.45491027832031,133.53598022460938,150.46160888671875,-150.91378784179688,978.1805419921876,119.77835083007812,-52.266258239746094,484.3775939941406,226.64425659179688,-328.0456237792969,893.8711547851562,-130.14523315429688,-332.51080322265625,158.72044372558594,-153.3915557861328,-129.2543487548828,988.3316040039062,-131.1772918701172,-263.8174743652344,522.4528198242188,-209.18753051757807,-139.91171264648438,844.7425537109375
97.9950942993164,66.46321105957031,133.6265106201172,150.3270721435547,-150.56430053710938,976.4221801757812,119.7664794921875,-47.5589714050293,483.4596557617188,225.4116668701172,-330.6273498535156,894.2345581054688,-130.25473022460938,-347.17205810546875,157.9552001953125,-153.76766967773438,-129.57000732421875,986.4898681640624,-131.23223876953125,-262.7001953125,519.70703125,-209.63458251953125,-139.22164916992188,842.4215087890625
97.7449188232422,75.3802261352539,133.8163299560547,150.18661499023438,-150.40696716308594,974.6784057617188,119.7888412475586,-43.0385856628418,482.5369873046875,224.1541290283203,-332.84991455078125,894.3395385742188,-130.241943359375,-360.287353515625,157.62388610839844,-154.1638946533203,-130.08316040039062,984.646728515625,-131.34829711914062,-261.8490905761719,517.050048828125,-210.14871215820312,-138.68624877929688,840.0889282226562
97.53549194335938,84.1856460571289,134.1337432861328,150.03245544433594,-150.45127868652344,972.9630126953124,119.81459045410156,-38.7636947631836,481.6197814941406,222.88015747070312,-334.7029113769531,894.1849365234375,-130.0843963623047,-371.6971740722656,157.6022491455078,-154.57931518554688,-130.80418395996094,982.8431396484376,-131.49752807617188,-261.3305053710937,514.5506591796875,-210.73175048828125,-138.30931091308594,837.7716674804688
97.36361694335938,92.8581314086914,134.60845947265625,149.8551483154297,-150.7071075439453,971.2902221679688,119.807373046875,-34.79948806762695,480.7197265625,221.59849548339844,-336.1766357421875,893.77197265625,-129.76309204101562,-381.2817993164063,157.7670135498047,-155.01365661621094,-131.74075317382812,981.1198120117188,-131.65016174316406,-261.1871032714844,512.2648315429688,-211.3848419189453,-138.0948944091797,835.4963989257812
97.22303009033205,101.37529754638672,135.27073669433594,149.64434814453125,-151.18417358398438,969.6749267578124,119.7281265258789,-31.215375900268555,479.8488464355469,220.31797790527344,-337.262451171875,893.1046752929688,-129.2649688720703,-388.96917724609375,158.00546264648438,-155.46730041503906,-132.8975372314453,979.5156860351562,-131.77694702148438,-261.4357604980469,510.2340698242188,-212.10833740234372,-138.0473175048828,833.2899169921875
97.10498809814452,109.71351623535156,136.15029907226562,149.38963317871094,-151.89129638671875,968.1321411132812,119.53878784179688,-28.082630157470703,479.0182800292969,219.0474395751953,-337.952880859375,892.189453125,-128.5853729248047,-394.7402038574219,158.22340393066406,-155.94119262695312,-134.27589416503906,978.0669555664062,-131.8522491455078,-262.0681457519531,508.4854736328125,-212.9016876220703,-138.17105102539062,831.177978515625
96.99919891357422,117.84750366210938,137.2757568359375,149.08128356933594,-152.8354949951172,966.6769409179688,119.20662689208984,-25.47211456298828,478.2366638183594,217.7956695556641,-338.24188232421875,891.03515625,-127.73033142089844,-398.6307678222656,158.3502960205078,-156.43678283691406,-135.87350463867188,976.80615234375,-131.8568115234375,-263.0531311035156,507.0327758789063,-213.76336669921875,-138.47076416015625,829.185546875
96.89498138427734,125.7496109008789,138.67388916015625,148.71095275878906,-154.02099609375,965.3237915039062,118.70867156982422,-23.45220184326172,477.50885009765625,216.57131958007807,-338.1249084472656,889.6530151367188,-126.71812438964844,-400.7300415039063,158.341064453125,-156.95584106445312,-137.6840362548828,975.7611694335938,-131.78024291992188,-264.34136962890625,505.8788146972656,-214.69085693359372,-138.95120239257812,827.3361206054688
96.78256225585938,133.3889617919922,140.3693389892578,148.2721405029297,-155.4484405517578,964.0860595703124,118.03557586669922,-22.08694839477539,476.8351440429688,215.38287353515625,-337.5992736816406,888.056396484375,-125.58000946044922,-401.17425537109375,158.17445373535156,-157.50030517578125,-139.6969757080078,974.9544677734376,-131.622802734375,-265.8710632324219,505.0182800292969,-215.6804962158203,-139.61717224121094,825.6514892578125
96.6544952392578,140.73040771484375,142.3841552734375,147.76051330566406,-157.11386108398438,962.9755249023438,117.19457244873048,-21.43452262878418,476.2110290527344,214.23863220214844,-336.6640930175781,886.260498046875,-124.35983276367188,-400.1371765136719,157.8486328125,-158.07215881347656,-141.8973846435547,974.4029541015624,-131.39649963378906,-267.57440185546875,504.4404602050781,-216.72755432128903,-140.47341918945312,824.1511840820312
96.50709533691406,147.7333526611328,144.73736572265625,147.1741485595703,-159.0081329345703,962.0015258789062,116.21106719970705,-21.545717239379883,475.6275634765625,213.14663696289065,-335.3204650878906,884.2822875976562,-123.1123046875,-397.8171081542969,157.37591552734375,-158.67324829101562,-144.2659454345703,974.116943359375,-131.12551879882812,-269.3841857910156,504.131103515625,-217.8262176513672,-141.52456665039062,822.8524169921875
96.341796875,154.35084533691406,147.4447021484375,146.51339721679688,-161.1165313720703,961.170654296875,115.12877655029295,-22.46256828308105,475.0721130371094,212.11463928222656,-333.57159423828125,882.1401977539062,-121.89937591552734,-394.42193603515625,156.7779083251953,-159.3050537109375,-146.7791748046875,974.1007080078124,-130.84544372558594,-271.23895263671875,504.07330322265625,-218.96966552734372,-142.7749481201172,821.7697143554688
96.16609191894533,160.52879333496094,150.51821899414062,145.78070068359375,-163.4186553955078,960.4861450195312,114.00812530517578,-24.21711540222168,474.5294799804688,211.15005493164065,-331.4226989746094,879.8538818359375,-120.78446197509766,-390.1534729003906,156.0810089111328,-159.96868896484375,-149.4097900390625,974.3518676757812,-130.6012420654297,-273.08642578125,504.2468566894531,-220.150146484375,-144.22854614257812,820.9147338867188
95.99410247802734,166.20571899414062,153.96632385253906,144.9801483154297,-165.888916015625,959.9476928710938,112.9228057861328,-26.830352783203125,473.9827880859375,210.2598419189453,-328.8811950683594,877.4440307617188,-119.82527923583984,-385.1931762695313,155.31289672851562,-160.66470336914062,-152.12741088867188,974.8616333007812,-130.4438934326172,-274.8842468261719,504.626708984375,-221.3591461181641,-145.88880920410156,820.2962646484375
95.84657287597656,171.3126220703125,157.79383850097656,144.11712646484375,-168.4970703125,959.5515747070312,111.95455169677734,-30.311437606811523,473.4147338867188,209.4505157470703,-325.9565734863281,874.9321899414062,-119.06694793701172,-379.6919860839844,154.50038146972656,-161.3929901123047,-154.89935302734375,975.6152954101562,-130.4257049560547,-276.5982666015625,505.1808471679688,-222.5875701904297,-147.7584686279297,819.9198608398438
95.75009155273438,175.77276611328125,162.001708984375,143.19818115234375,-171.20895385742188,959.2908325195312,111.18634033203124,-34.657188415527344,472.808349609375,208.7279510498047,-322.6604919433594,872.3403930664062,-118.5367202758789,-373.765380859375,153.66835021972656,-162.15269470214844,-157.69151306152344,976.5925903320312,-130.5948028564453,-278.1982116699219,505.86859130859375,-223.825927734375,-149.8394317626953,819.788330078125
95.7352523803711,179.5016326904297,166.58627319335938,142.23077392578125,-173.98728942871094,959.1566772460938,110.69446563720705,-39.85199737548828,472.1483154296875,208.09738159179688,-319.0067138671875,869.6912231445312,-118.24128723144533,-367.4933471679688,152.83938598632812,-162.94212341308594,-160.46946716308594,977.7686157226562,-130.9893798828125,-279.6521911621094,506.6406555175781,-225.0645294189453,-152.1326446533203,819.9014282226562
95.83385467529295,182.40773010253903,171.53814697265625,141.2233123779297,-176.79263305664062,959.1386108398438,110.54059600830078,-45.868412017822266,471.4222106933594,207.5632476806641,-315.010986328125,867.0074462890625,-118.16708374023438,-360.9243774414063,152.03353881835938,-163.75865173339844,-163.1992950439453,979.1149291992188,-131.63238525390625,-280.9205627441406,507.4413146972656,-226.2937164306641,-154.63784790039062,820.2560424804688
96.07526397705078,184.39553833007807,176.8408660888672,140.184814453125,-179.5845489501953,959.2261352539062,110.76482391357422,-52.66858673095703,470.6225280761719,207.12913513183597,-310.6910705566406,864.3118286132812,-118.28340911865234,-354.0819702148437,151.26817321777344,-164.59869384765625,-165.84849548339844,980.6005249023438,-132.5275115966797,-281.95184326171875,508.213134765625,-227.50393676757807,-157.353515625,820.8466186523438
96.48259735107422,185.36997985839844,182.4693298339844,139.12478637695312,-182.32286071777344,959.408935546875,111.38101959228516,-60.206390380859375,469.7489318847656,206.79774475097656,-306.066650390625,861.6270141601562,-118.54762268066406,-346.9725341796875,150.5575714111328,-165.45767211914062,-168.38661193847656,982.1932983398438,-133.6572723388672,-282.68084716796875,508.9028625488281,-228.6859588623047,-160.27667236328125,821.6651611328125
97.06937408447266,185.24252319335935,188.3878936767578,138.0530242919922,-184.9691925048828,959.678466796875,112.37531280517578,-68.42988586425781,468.8102722167969,206.57077026367188,-301.1590270996094,858.9755859375,-118.91122436523438,-339.59332275390625,149.91273498535156,-166.3301544189453,-170.7856903076172,983.8612670898438,-134.9840087890625,-283.0299987792969,509.4671936035156,-229.8309783935547,-163.40283203125,822.70166015625
97.83709716796876,183.9377899169922,194.5487518310547,136.97933959960938,-187.48834228515625,960.0284423828124,113.70793914794922,-77.28376770019531,467.8261413574219,206.44894409179688,-295.9911804199219,856.3795166015625,-119.32554626464844,-331.9394836425781,149.3411102294922,-167.20999145507812,-173.02059936523438,985.5735473632812,-136.45346069335938,-282.9138488769531,509.8769836425781,-230.9305725097656,-166.7259521484375,823.9443969726562
98.77394104003906,181.4004821777344,200.89093017578125,135.91351318359375,-189.8497467041016,960.4553833007812,115.31796264648438,-86.71121978759766,466.8276977539063,206.43197631835935,-290.5873718261719,853.8602294921875,-119.74647521972656,-324.0096130371094,148.84666442871094,-168.09054565429688,-175.06903076171875,987.3016967773438,-138.00045776367188,-282.2457580566406,510.1194763183594,-231.9768218994141,-170.23831176757812,825.38037109375
99.85452270507812,177.60177612304688,207.3409576416016,134.86492919921875,-192.028564453125,960.9592895507812,117.12987518310548,-96.65486145019533,465.8572998046875,206.51852416992188,-284.97296142578125,851.4384765625,-120.1376724243164,-315.8094177246094,148.42996215820312,-168.96499633789062,-176.9115753173828,989.0200805664062,-139.5559844970703,-280.94580078125,510.1979675292969,-232.9623260498047,-173.93069458007812,826.9955444335938
101.04137420654295,172.5442352294922,213.815185546875,133.84226989746094,-194.0065460205078,961.5431518554688,119.06089782714844,-107.05665588378906,464.9671936035156,206.7062225341797,-279.1744079589844,849.1338500976562,-120.4726104736328,-307.3536071777344,148.0883331298828,-169.8267059326172,-178.53167724609375,990.706787109375,-141.05445861816406,-278.9488220214844,510.1294555664063,-233.88015747070312,-177.79232788085938,828.7753295898438
102.28800964355467,166.26483154296875,220.22348022460935,132.85317993164062,-195.7725982666016,962.2125854492188,121.02788543701172,-117.85698699951172,464.2173767089844,206.9916076660156,-273.21875,846.9647216796875,-120.73533630371094,-298.6655578613281,147.81631469726562,-170.66941833496094,-179.9155731201172,992.3436279296876,-142.44061279296875,-276.21240234375,509.9406127929688,-234.72384643554688,-181.81114196777344,830.7047729492188
103.54334259033205,158.83494567871094,226.4734039306641,131.90371704101562,-197.32293701171875,962.9752807617188,122.95310974121094,-128.9935760498047,463.67236328125,207.3702392578125,-267.13360595703125,844.9479370117188,-120.92017364501952,-289.77508544921875,147.60621643066406,-171.48765563964844,-181.0523681640625,993.9161987304688,-143.6750030517578,-272.7225341796875,509.6630554199219,-235.48745727539065,-185.97384643554688,832.7689819335938
104.7567138671875,150.35638427734375,232.4737091064453,130.998046875,-198.66082763671875,963.8395385742188,124.76858520507812,-140.40060424804688,463.397705078125,207.83665466308597,-260.94683837890625,843.0983276367188,-121.03031158447266,-280.7156066894531,147.4488525390625,-172.27671813964844,-181.9341735839844,995.4137573242188,-144.73695373535156,-268.49713134765625,509.328857421875,-236.16555786132807,-190.26617431640625,834.9532470703125
105.88259887695312,140.9534454345703,238.1361389160156,130.13844299316406,-199.79576110839844,964.8138427734376,126.41902923583984,-152.00848388671875,463.4560241699219,208.3844451904297,-254.68630981445312,841.4286499023438,-121.07576751708984,-271.5208435058594,147.3343963623047,-173.03289794921875,-182.5562286376953,996.8287963867188,-145.624755859375,-263.58575439453125,508.9666748046875,-236.7532196044922,-194.67312622070312,837.2431030273438
106.88419342041016,130.76185607910156,243.37533569335935,129.3253631591797,-200.74224853515625,965.9052734375,127.86351013183594,-163.74420166015625,463.9030456542969,209.0063934326172,-248.3796539306641,839.9490356445312,-121.07101440429688,-262.222412109375,147.25332641601562,-173.75332641601562,-182.9172515869141,998.156494140625,-146.3530731201172,-258.0661315917969,508.59954833984375,-237.24603271484372,-199.1791229248047,839.6246948242188
107.73529052734376,119.91646575927734,248.10736083984372,128.55784606933594,-201.5181579589844,967.1188354492188,129.07583618164062,-175.5321044921875,464.7838439941406,209.69444274902344,-242.0541534423828,838.6668090820312,-121.03250885009766,-252.84820556640625,147.19737243652344,-174.43588256835938,-183.01956176757807,999.39404296875,-146.94805908203125,-252.0371856689453,508.2441101074219,-237.64015197753903,-203.7683868408203,842.0845947265625
108.4205093383789,108.53949737548828,252.24891662597656,127.83397674560548,-202.1431579589844,968.4560546875,130.0438232421875,-187.2951812744141,466.1296691894531,210.43983459472656,-235.7364044189453,837.5859985351562,-120.97640228271484,-243.42141723632807,147.16026306152344,-175.07894897460938,-182.86936950683597,1000.5403442382812,-147.4411163330078,-245.61024475097656,507.9109497070313,-237.9323272705078,-208.42507934570312,844.6098022460938
108.93466186523438,96.7315673828125,255.7178649902344,127.1514663696289,-202.63702392578125,969.9144897460938,130.76739501953125,-198.9562530517578,467.955322265625,211.23329162597656,-229.4522857666016,836.7071533203125,-120.91678619384766,-233.9607391357422,147.13809204101562,-175.6811981201172,-182.4768524169922,1001.5952758789062,-147.86256408691406,-238.8990020751953,507.6059875488281,-238.119873046875,-213.133544921875,847.1879272460938
109.28203582763672,84.56591796875,258.4353942871094,126.50824737548828,-203.018310546875,971.4871826171876,131.25608825683594,-210.4395294189453,470.2574768066406,212.06504821777344,-223.2266540527344,836.0272216796875,-120.86451721191406,-224.48065185546875,147.12901306152344,-176.2413330078125,-181.8560943603516,1002.55908203125,-148.2364959716797,-232.0101318359375,507.3318786621094,-238.20071411132807,-217.8785858154297,849.8065795898438
109.4758529663086,72.08648681640625,260.32928466796875,125.90302276611328,-203.3032684326172,973.1624145507812,131.52586364746094,-221.67205810546875,473.0140686035156,212.92515563964844,-217.08331298828125,835.5391845703125,-120.82669067382812,-214.9918212890625,147.1327667236328,-176.75779724121094,-181.0250244140625,1003.43212890625,-148.5777130126953,-225.0352325439453,507.0897521972656,-238.1734161376953,-222.64556884765625,852.4536743164062
109.5373306274414,59.30955123901367,261.3371887207031,125.33574676513672,-203.50515747070312,974.9237670898438,131.5961456298828,-232.5854339599609,476.1847839355469,213.80355834960935,-211.04476928710935,835.232177734375,-120.80665588378906,-205.5012969970703,147.1499786376953,-177.22866821289062,-180.00503540039062,1004.21435546875,-148.89114379882812,-218.0452117919922,506.8800659179688,-238.03712463378903,-227.4206085205078,855.1170654296875
109.49378204345705,46.22819900512695,261.4093933105469,124.8077621459961,-203.63409423828125,976.7507934570312,131.48690795898438,-243.1167755126953,479.7129821777344,214.6903839111328,-205.13214111328125,835.091796875,-120.80457305908205,-196.0130157470703,147.1814727783203,-177.65142822265625,-178.82034301757812,1004.9049682617188,-149.17359924316406,-211.0878143310547,506.7032165527344,-237.79156494140625,-232.19064331054688,857.7843627929688
109.37620544433594,32.81841278076172,260.5111083984375,124.3218765258789,-203.69715881347656,978.6194458007812,131.2166290283203,-253.20936584472656,483.529052734375,215.5760955810547,-199.3650054931641,835.099853515625,-120.81832122802734,-186.52854919433597,147.22781372070312,-178.02294921875,-177.497314453125,1005.50244140625,-149.4169921875,-204.18870544433597,506.5592346191406,-237.43702697753903,-236.94354248046875,860.4425048828125
109.21731567382812,19.04500770568848,258.625244140625,123.8822021484375,-203.698974609375,980.5026245117188,130.80104064941406,-262.8127746582031,487.5544128417969,216.4517059326172,-193.76133728027344,835.2350463867188,-120.8445281982422,-177.04803466796875,147.28895568847656,-178.33963012695312,-176.06358337402344,1006.0045166015624,-149.6118621826172,-197.3554229736328,506.447265625,-236.97433471679688,-241.6680908203125,863.0781860351562
109.05012512207033,4.866793155670166,255.75491333007807,123.493896484375,-203.64244079589844,982.3709106445312,130.25267028808594,-271.8827514648437,491.7055969238281,217.3089904785156,-188.33737182617188,835.473388671875,-120.87937927246094,-167.571044921875,147.36404418945312,-178.59751892089844,-174.5471649169922,1006.4081420898438,-149.7503662109375,-190.58319091796875,506.36474609375,-236.4047393798828,-246.35397338867188,865.6770629882812
108.90657806396484,-9.759259223937988,251.9257659912109,123.16268157958984,-203.5293731689453,984.193603515625,129.58119201660156,-280.380859375,495.898193359375,218.14065551757807,-183.1075897216797,835.7885131835938,-120.91929626464844,-158.09739685058594,147.451416015625,-178.79258728027344,-172.9755859375,1006.7098388671876,-149.82777404785156,-183.86135864257807,506.30712890625,-235.7299346923828,-250.9917907714844,868.2241821289062
108.81607055664062,-24.87492179870605,247.1871032714844,122.894287109375,-203.3613128662109,985.93896484375,128.79434204101562,-288.2741394042969,500.0497741699219,218.94039916992188,-178.0846405029297,836.1525268554688,-120.96125030517578,-148.62767028808594,147.54867553710938,-178.9209442138672,-171.3751678466797,1006.9061279296876,-149.8427276611328,-177.1789093017578,506.2678527832031,-234.9519805908203,-255.572998046875,870.7037963867188
108.80419921875,-40.51850128173828,241.61224365234372,122.69384002685548,-203.1400146484375,987.5753173828124,127.89933013916016,-295.5346984863281,504.0819396972656,219.70315551757807,-173.27935791015625,836.5365600585938,-121.00284576416016,-139.16329956054688,147.65296936035156,-178.97909545898438,-169.7702178955078,1006.9932861328124,-149.79653930664062,-170.52847290039062,506.2390441894531,-234.0732879638672,-260.0898132324219,873.0994262695312
108.89177703857422,-56.72303771972656,235.2979888916016,122.56535339355467,-202.86798095703125,989.0714721679688,126.90444946289062,-302.13970947265625,507.921630859375,220.4250640869141,-168.70077514648438,836.9114990234375,-121.04217529296876,-129.7063751220703,147.7613067626953,-178.96414184570312,-168.18264770507812,1006.96826171875,-149.69227600097656,-163.90847778320312,506.2119445800781,-233.0965576171875,-264.53515625,875.3939208984375
109.09439086914062,-73.51443481445312,228.36302185058597,122.51144409179688,-202.54888916015625,990.3978881835938,125.82073974609376,-308.071533203125,511.5015563964844,221.10353088378903,-164.35617065429688,837.2487182617188,-121.07756042480467,-120.25908660888672,147.87098693847656,-178.87403869628906,-166.6317596435547,1006.8281860351562,-149.5338897705078,-157.32350158691406,506.1778869628906,-232.02487182617188,-268.902587890625,877.56982421875
109.42237091064452,-90.90927124023438,220.94517517089844,122.53328704833984,-202.18777465820312,991.5271606445312,124.663330078125,-313.3183288574219,514.7606811523438,221.73727416992188,-160.251220703125,837.5208129882812,-121.10733795166016,-110.82340240478516,147.97987365722656,-178.7077178955078,-165.13427734375,1006.5709838867188,-149.32577514648438,-150.7832489013672,506.1289978027344,-230.8616485595703,-273.1861267089844,879.6095581054688
109.8814468383789,-108.91228485107422,213.1972503662109,122.6305923461914,-201.79144287109372,992.4351806640624,123.45227813720705,-317.8746032714844,517.6444091796875,222.3262634277344,-156.39007568359375,837.7019653320312,-121.1296615600586,-101.40093994140624,148.08660888671875,-178.46527099609375,-163.70472717285156,1006.1950073242188,-149.0726318359375,-144.30076599121094,506.0589599609375,-229.61070251464844,-277.3801574707031,881.4955444335938
110.47388458251952,-127.513916015625,205.2817230224609,122.8018569946289,-201.36843872070312,993.1013793945312,122.21279907226562,-321.741943359375,520.1055908203125,222.8716583251953,-152.7755584716797,837.7688598632812,-121.14234924316406,-91.9930191040039,148.19076538085938,-178.14805603027344,-162.35568237304688,1005.6992797851562,-148.77972412109375,-137.89027404785156,505.96331787109375,-228.27633666992188,-281.4792175292969,883.2106323242188
111.19991302490234,-146.6878204345703,197.36427307128903,123.04444122314452,-200.9293212890625,993.5095825195312,120.97472381591795,-324.9301452636719,522.1052856445312,223.37570190429688,-149.40933227539062,837.7010498046875,-121.14276885986328,-82.60074615478516,148.2928466796875,-177.7587127685547,-161.09808349609375,1005.0833740234376,-148.4532012939453,-131.5653076171875,505.8396606445313,-226.86343383789065,-285.4777526855469,884.7387084960938
112.0583267211914,-166.38784790039062,189.6075592041016,123.3548355102539,-200.48654174804688,993.6485595703124,119.77130126953124,-327.45806884765625,523.6141357421875,223.8416748046875,-146.29202270507812,837.4812622070312,-121.12789916992188,-73.22517395019531,148.39434814453125,-177.30111694335938,-159.9415740966797,1004.347412109375,-148.10060119628906,-125.33732604980467,505.6871643066406,-225.3773956298828,-289.3699951171875,886.0645751953125
113.04615020751952,-186.54440307617188,182.1652069091797,123.7288589477539,-200.0543975830078,993.5120849609376,118.63739776611328,-329.3548889160156,524.6138305664062,224.273681640625,-143.4234619140625,837.0960693359375,-121.09446716308594,-63.86745834350586,148.4975128173828,-176.78013610839844,-158.894775390625,1003.4922485351562,-147.73085021972656,-119.2151107788086,505.5060119628906,-223.82427978515625,-293.14990234375,887.1748657226562
114.15776824951172,-207.06103515625,175.17645263671875,124.16192626953124,-199.6488342285156,993.0996704101562,117.60739135742188,-330.66143798828125,525.0979614257812,224.6766662597656,-140.80282592773438,836.5357055664062,-121.039306640625,-54.52914810180664,148.60507202148438,-176.20147705078125,-157.96578979492188,1002.5197143554688,-147.35406494140625,-113.20507049560548,505.296875,-222.2106475830078,-296.8109741210937,888.0579223632812
115.3838348388672,-227.81246948242188,168.76144409179688,124.64935302734376,-199.2872009277344,992.4161987304688,116.71302795410156,-331.4308776855469,525.0736083984375,225.0561981201172,-138.4287567138672,835.7945556640625,-120.9597625732422,-45.21263885498047,148.7200164794922,-175.57139587402344,-157.16262817382812,1001.4324951171876,-146.98094177246094,-107.31214141845705,505.060302734375,-220.5436248779297,-300.34619140625,888.7046508789062
116.71038055419922,-248.64459228515625,163.01702880859375,125.18663787841795,-198.98780822753903,991.4725341796876,115.9814224243164,-331.72900390625,524.5616455078125,225.41839599609372,-136.2995147705078,834.87109375,-120.85430908203124,-35.921630859375,148.84532165527344,-174.89642333984375,-156.49359130859375,1000.2346801757812,-146.6220703125,-101.54084014892578,504.7962951660156,-218.8306579589844,-303.7479858398437,889.1083374023438
118.11849212646484,-269.376220703125,158.01318359375,125.769775390625,-198.76963806152344,990.284912109375,115.4333038330078,-331.6334228515625,523.5968627929688,225.76986694335935,-134.4131317138672,833.767822265625,-120.72315979003906,-26.661535263061523,148.98394775390625,-174.18299865722656,-155.9675750732422,998.9314575195312,-146.28704833984375,-95.89627075195312,504.5044250488281,-217.07952880859372,-307.0082397460937,889.265380859375
119.58482360839844,-289.802734375,153.7900390625,126.3954620361328,-198.65187072753903,988.8750610351562,115.08169555664062,-331.2314453125,522.2275390625,226.11761474609372,-132.7675323486328,832.491455078125,-120.56890869140624,-17.439746856689453,149.13906860351562,-173.43719482421875,-155.5941162109375,997.529541015625,-145.98345947265625,-90.38525390625,504.1837768554688,-215.2980499267578,-310.1181335449219,889.175048828125
121.08296966552734,-309.7015991210937,150.35623168945312,127.06135559082033,-198.6534881591797,987.2698364257812,114.9310302734375,-330.6173400878906,520.5137329101562,226.4689483642578,-131.36068725585938,831.0523681640625,-120.3971176147461,-8.265872955322266,149.31459045410156,-172.6643829345703,-155.38330078125,996.0372924804688,-145.71571350097656,-85.0172348022461,503.8332824707031,-213.4940643310547,-313.0682678222656,888.8397827148438
122.58551788330078,-328.8392944335937,147.6885528564453,127.76615142822266,-198.79281616210935,985.500732421875,114.97687530517578,-329.888427734375,518.5252685546875,226.8314971923828,-130.1907196044922,829.4647827148438,-120.21644592285156,0.8483365774154663,149.51596069335938,-171.86891174316406,-155.3455047607422,994.4644165039062,-145.48399353027344,-79.80513763427734,503.45220947265625,-211.6751708984375,-315.8486022949219,888.2654418945312
124.066162109375,-346.9791564941406,145.73362731933594,128.50958251953125,-199.0869598388672,983.6033935546876,115.2061767578125,-329.14068603515625,516.3383178710938,227.2130584716797,-129.25611877441406,827.746337890625,-120.03797912597656,9.88973331451416,149.75125122070312,-171.05398559570312,-155.49111938476562,992.822509765625,-145.2833251953125,-74.7662124633789,503.0407104492188,-209.8486785888672,-318.4486389160156,887.4609985351562
125.50171661376952,-363.8905029296875,144.4114990234375,129.29237365722656,-199.55137634277344,981.6170043945312,115.59825134277344,-328.4637756347656,514.0321655273438,227.62161254882807,-128.55580139160156,825.917724609375,-119.87403869628906,18.84477424621582,150.03179931640625,-170.22137451171875,-155.8303680419922,991.1246948242188,-145.10275268554688,-69.92308044433594,502.60052490234375,-208.0213623046875,-320.8573303222656,886.4386596679688
126.87350463867188,-379.3577575683594,143.62155151367188,130.1160430908203,-200.19943237304688,979.5835571289062,116.12639617919922,-327.9364013671875,511.6849670410156,228.06521606445312,-128.08929443359375,824.00244140625,-119.73704528808594,27.700199127197266,150.37254333496094,-169.37155151367188,-156.37313842773438,989.3854370117188,-144.92501831054688,-65.3045654296875,502.1355590820313,-206.199462890625,-323.0634460449219,885.2135620117188
128.16783142089844,-393.1895446777344,143.24981689453125,130.98275756835938,-201.0419464111328,977.5466918945312,116.76023864746094,-327.6222839355469,509.3703308105469,228.5518951416016,-127.8567352294922,822.026123046875,-119.6384735107422,36.44322204589844,150.7918701171875,-168.50360107421875,-157.1287078857422,987.6207275390624,-144.72642517089844,-60.946285247802734,501.6524963378906,-204.38841247558597,-325.0556335449219,883.8035888671875
129.3752899169922,-405.2268371582031,143.1769256591797,131.89505004882812,-202.08694458007807,975.551025390625,117.46851348876952,-327.5670166015625,507.154052734375,229.08950805664065,-127.85905456542967,820.016357421875,-119.58780670166016,45.061256408691406,151.3111572265625,-167.61549377441406,-158.10540771484375,985.8471069335938,-144.4775848388672,-56.89101028442383,501.1607971191406,-202.59288024902344,-326.82257080078125,882.2290649414062
130.48919677734375,-415.3497924804688,143.28598022460938,132.85562133789062,-203.33924865722656,973.6406860351562,118.2221908569336,-327.796630859375,505.0921630859375,229.6856689453125,-128.097900390625,818.0018920898438,-119.5916519165039,53.541141510009766,151.95404052734375,-166.70433044433594,-159.3101348876953,984.0819702148438,-144.14456176757812,-53.18867111206055,500.672119140625,-200.81663513183597,-328.3533935546875,880.512451171875
131.50425720214844,-423.4839172363281,143.47012329101562,133.86708068847656,-204.8004150390625,971.858154296875,118.99734497070312,-328.31793212890625,503.22955322265625,230.34750366210935,-128.57571411132812,816.0123291015625,-119.65292358398438,61.867919921875,152.7456512451172,-165.76654052734375,-160.74778747558594,982.342529296875,-143.69100952148438,-49.8961181640625,500.1991271972656,-199.0625457763672,-329.63775634765625,878.6775512695312
132.41616821289062,-429.6048278808594,143.63922119140625,134.93174743652344,-206.4683532714844,970.2431640625,119.77749633789062,-329.1207580566406,501.60003662109375,231.08151245117188,-129.295654296875,814.0772094726562,-119.7702178955078,70.02320098876953,153.7120361328125,-164.7982940673828,-162.42063903808594,980.6459350585938,-143.08079528808594,-47.07649993896485,499.7536010742188,-197.33251953125,-330.66632080078125,876.7495727539062
133.2220916748047,-433.7412109375,143.72447204589844,136.0513916015625,-208.3373260498047,968.8313598632812,120.55493927001952,-330.1817932128906,500.2268676757813,231.8933258056641,-130.2615509033203,812.225830078125,-119.9376449584961,77.98326873779297,154.87969970703125,-163.795654296875,-164.3275909423828,979.00830078125,-142.2814483642578,-44.79821395874024,499.3444213867188,-195.627685546875,-331.4309387207031,874.7542724609375
133.92140197753906,-435.9749145507813,143.68043518066406,137.2271728515625,-210.3977508544922,967.6535034179688,121.33100128173828,-331.4693908691406,499.1239013671875,232.78761291503903,-131.4778289794922,810.4862060546875,-120.14512634277344,85.71721649169922,156.27561950683594,-162.75486755371094,-166.46340942382812,977.44482421875,-141.2677001953125,-43.13331604003906,498.9756164550781,-193.94834899902344,-331.92510986328125,872.7176513671875
134.51649475097656,-436.4369201660156,143.48434448242188,138.45936584472656,-212.6363067626953,966.7340698242188,122.11524200439452,-332.9483337402344,498.2970581054688,233.76780700683597,-132.9493865966797,808.885009765625,-120.37924194335938,93.18521118164062,157.92715454101562,-161.67247009277344,-168.81802368164062,975.968994140625,-140.0250701904297,-42.15544509887695,498.6446228027344,-192.2943115234375,-332.1440124511719,870.665283203125
135.0132598876953,-435.2993774414063,143.13327026367188,139.74728393554688,-215.03599548339844,966.0913696289062,122.9239273071289,-334.5836181640625,497.7456359863281,234.8361053466797,-134.68138122558594,807.44677734375,-120.62428283691406,100.3369369506836,159.86184692382812,-160.54550170898438,-171.37576293945312,974.5927124023438,-138.55282592773438,-41.93723678588867,498.34173583984375,-190.6649169921875,-332.0850524902344,868.6221923828125
135.4208984375,-432.7634582519531,142.6401824951172,141.08917236328125,-217.57659912109372,965.7364501953124,123.77789306640624,-336.34259033203125,497.4632263183594,235.9932861328125,-136.67906188964844,806.1935424804688,-120.86328887939452,107.11060333251952,162.1063995361328,-159.37158203125,-174.1149139404297,973.3258666992188,-136.86599731445312,-42.54719161987305,498.049560546875,-189.0594024658203,-331.7479553222656,866.6122436523438
135.75099182128906,-429.04388427734375,142.02935791015625,142.48204040527344,-220.23504638671875,965.6735229492188,124.7000732421875,-338.1949768066406,497.4378967285156,237.2387237548828,-138.9475860595703,805.14453125,-121.07862091064452,113.432861328125,164.68539428710938,-158.14910888671875,-177.00741577148438,972.1764526367188,-134.99607849121094,-44.04612731933594,497.7438354492188,-187.47715759277344,-331.1350402832031,864.6578979492188
136.01620483398438,-424.3518981933594,141.33157348632812,143.921630859375,-222.9861602783203,965.899658203125,125.71249389648438,-340.1107482910156,497.6513671875,238.57037353515625,-141.4916534423828,804.3157958984375,-121.25216674804688,119.21980285644533,167.6198272705078,-156.87744140625,-180.01901245117188,971.1502685546876,-132.99024963378906,-46.48325729370117,497.3945617675781,-185.91798400878903,-330.2512512207031,862.7798461914062
136.22885131835938,-418.88031005859375,140.58029174804688,145.40243530273438,-225.80325317382807,966.4053344726562,126.8327865600586,-342.0567626953125,498.0776977539063,239.98483276367188,-144.3153533935547,803.7200317382812,-121.3655014038086,124.3786392211914,170.9259796142578,-155.5570068359375,-183.10989379882807,970.2510375976562,-130.90892028808594,-49.8921012878418,496.9684753417969,-184.38243103027344,-329.1043701171875,860.9968872070312
136.3997802734375,-412.7931518554688,139.80874633789062,146.91758728027344,-228.65896606445312,967.1746826171876,128.0706329345703,-343.99249267578125,498.6818237304688,241.4774627685547,-147.4217529296875,803.3665771484375,-121.4002456665039,128.80992126464844,174.6145477294922,-154.1895751953125,-186.23558044433597,969.480712890625,-128.82180786132812,-54.2866439819336,496.4319152832031,-182.87200927734372,-327.7048645019531,859.3257446289062
136.53750610351562,-406.2207946777344,139.04718017578125,148.4591064453125,-231.5258636474609,968.186279296875,129.42474365234375,-345.865966796875,499.4188232421875,243.04241943359372,-150.81272888183594,803.2611083984375,-121.33856201171876,132.41026306152344,178.69007873535156,-152.7782745361328,-189.3480987548828,968.839599609375,-126.80233764648438,-59.65822982788086,495.7544250488281,-181.3894805908203,-326.0658874511719,857.7808227539062
136.64761352539062,-399.2596435546875,138.32090759277344,150.01806640625,-234.3769989013672,969.4140014648438,130.8809356689453,-347.6110534667969,500.2350463867188,244.67288208007807,-154.48866271972656,803.4059448242188,-121.16378021240234,135.0757293701172,183.1501617431641,-151.32774353027344,-192.39735412597656,968.3268432617188,-124.9210205078125,-65.9737319946289,494.91302490234375,-179.9390106201172,-324.203125,856.3743896484375
136.7328338623047,-391.9759216308594,137.6490478515625,151.5848388671875,-237.1862945556641,970.8279418945312,132.4119873046875,-349.1469116210937,501.0710754394531,246.361083984375,-158.44837951660156,803.8002319335938,-120.86096954345705,136.7062225341797,187.98439025878903,-149.84405517578125,-195.3326873779297,967.9407958984376,-123.23841857910156,-73.1755599975586,493.8960876464844,-178.52627563476562,-322.1343994140625,855.1163940429688
136.79344177246094,-384.4114990234375,137.04415893554688,153.14952087402344,-239.9287109375,972.395751953125,133.9794158935547,-350.3800354003906,501.8663635253906,248.09857177734372,-162.68890380859375,804.4397583007812,-120.41754150390624,137.21084594726562,193.17300415039065,-148.33468627929688,-198.10482788085935,967.6796875,-121.798828125,-81.18367767333984,492.7071838378906,-177.15847778320312,-319.8794250488281,854.0144653320312
136.82827758789062,-376.59130859375,136.512451171875,154.70228576660156,-242.58026123046875,974.0838012695312,135.53749084472656,-351.20916748046875,502.564697265625,249.87625122070312,-167.20541381835938,805.31787109375,-119.82376861572266,136.51417541503906,198.68540954589844,-146.8082733154297,-200.66793823242188,967.5418090820312,-120.62584686279295,-89.89957427978516,491.3677673339844,-175.84429931640625,-317.4594116210937,853.0743408203125
136.83583068847656,-368.5305480957031,136.05455017089844,156.23385620117188,-245.1179351806641,975.8587036132812,137.03868103027344,-351.5320129394531,503.1195068359375,251.6845245361328,-171.99124145507812,806.4252319335938,-119.0732421875,134.5626678466797,204.47918701171875,-145.27444458007812,-202.9817657470703,967.5260009765624,-119.72064971923828,-99.21202850341795,489.9185791015625,-174.59368896484375,-314.8963928222656,852.2996826171875
136.8152618408203,-360.2408447265625,135.6664276123047,157.7360076904297,-247.51963806152344,977.6884155273438,138.43992614746094,-351.2533264160156,503.4979553222656,253.51351928710935,-177.037841796875,807.750732421875,-118.1632308959961,131.33050537109375,210.4999542236328,-143.7433319091797,-205.013427734375,967.6319580078124,-119.06310272216795,-109.004150390625,488.4192199707031,-173.4176483154297,-312.212890625,851.6924438476562
136.76727294921875,-351.7345275878906,135.3407440185547,159.20184326171875,-249.76416015625,979.5433349609376,139.7087860107422,-350.2934875488281,503.6832580566406,255.3530731201172,-182.3348846435547,809.28173828125,-117.09486389160156,126.82382202148438,216.6822509765625,-142.22520446777344,-206.73892211914065,967.8604736328124,-118.61577606201172,-119.1611785888672,486.9460754394531,-172.3278350830078,-309.4313659667969,851.2528686523438
136.6944122314453,-343.0265808105469,135.06802368164062,160.62625122070312,-251.83132934570312,981.3969116210938,140.82833862304688,-348.59600830078125,503.6748962402344,257.1929626464844,-187.87033081054688,811.00439453125,-115.87308502197266,121.08260345458984,222.9512176513672,-140.73001098632812,-208.1442413330078,968.2131958007812,-118.3298568725586,-129.57827758789062,485.5875854492188,-171.3361053466797,-306.5736694335937,850.979736328125
136.60098266601562,-334.1350402832031,134.83792114257812,162.0059814453125,-253.70248413085935,983.2260131835938,141.7997589111328,-346.13336181640625,503.4869995117188,259.02301025390625,-193.63067626953125,812.9042358398438,-114.5065689086914,114.17961883544922,229.224853515625,-139.26690673828125,-209.2260589599609,968.6929321289062,-118.15215301513672,-140.16668701171875,484.4382934570313,-170.45404052734375,-303.66070556640625,850.8704833984375
136.49278259277344,-325.0805969238281,134.64019775390625,163.33975219726562,-255.3609771728516,985.0108642578124,142.6419219970703,-342.9096984863281,503.1449890136719,260.8331604003906,-199.6009826660156,814.96630859375,-113.00772857666016,106.21565246582033,235.41639709472656,-137.84384155273438,-209.9916534423828,969.3028564453124,-118.03187561035156,-150.8572540283203,483.5916137695313,-169.6923828125,-300.7120361328125,850.9210815429688
136.37667846679688,-315.8855895996094,134.4654083251953,164.62808227539062,-256.7928161621094,986.7349243164062,143.3880615234375,-338.9601745605469,502.681396484375,262.6134948730469,-205.7652130126953,817.175537109375,-111.39281463623048,97.31120300292967,241.43576049804688,-136.46730041503906,-210.4583282470703,970.0462036132812,-117.92621612548828,-161.60104370117188,483.1323547363281,-169.06044006347656,-297.74560546875,851.126220703125
136.2601318359375,-306.572998046875,134.30555725097656,165.87310791015625,-257.9873352050781,988.3841552734376,144.08018493652344,-334.3466491699219,502.1312255859375,264.3544616699219,-212.10638427734372,819.5169677734375,-109.68205261230467,87.59525299072266,247.1893310546875,-135.1420440673828,-210.65208435058597,970.9259643554688,-117.8038330078125,-172.366455078125,483.1295471191406,-168.56568908691406,-294.7773742675781,851.4788818359375
136.1507110595703,-297.1651306152344,134.1544647216797,167.07821655273438,-258.9375915527344,989.9468383789062,144.76193237304688,-329.1506652832031,501.5279541015625,266.0468444824219,-218.6068115234375,821.9757080078125,-107.89972686767578,77.19283294677734,252.5781707763672,-133.87103271484375,-210.6060485839844,971.9434814453124,-117.64591979980467,-183.1338348388672,483.6307373046875,-168.21316528320312,-291.8211669921875,851.9705810546875
136.0551300048828,-287.6831359863281,134.00820922851562,168.24761962890625,-259.6405944824219,991.4126586914062,145.4714813232422,-323.46484375,500.900634765625,267.6817932128906,-225.2483062744141,824.5371704101562,-106.0739517211914,66.2139663696289,257.4964599609375,-132.655517578125,-210.35836791992188,973.0983276367188,-117.4457778930664,-193.88885498046875,484.6581115722656,-168.0052490234375,-288.8885498046875,852.5911254882812
135.97845458984375,-278.146240234375,133.86492919921875,169.38604736328125,-260.0972900390625,992.7724609375,146.23538208007812,-317.3841857910156,500.2720336914063,269.2508850097656,-232.01242065429688,827.1869506835938,-104.2361297607422,54.7462043762207,261.83221435546875,-131.4951934814453,-209.9501037597656,974.3870239257812,-117.20718383789062,-204.61642456054688,486.20745849609375,-167.94126892089844,-285.9888610839844,853.3284301757812
135.92320251464844,-268.57147216796875,133.7246551513672,170.4981689453125,-260.3126525878906,994.017822265625,147.06439208984375,-310.9980163574219,499.657958984375,270.7461853027344,-238.8806304931641,829.9109497070312,-102.42028045654295,42.85132598876953,265.4716491699219,-130.38848876953125,-209.4230499267578,975.8026733398438,-116.94174194335938,-215.2959899902344,488.2495422363281,-168.0175018310547,-283.1291198730469,854.1685791015625
135.88897705078125,-258.9730529785156,133.58871459960938,171.58831787109375,-260.2950744628906,995.1407470703124,147.95240783691406,-304.3838195800781,499.0673828125,272.1603088378906,-245.83444213867188,832.6953125,-100.66244506835938,30.56570053100586,268.305908203125,-129.33297729492188,-208.8177795410156,977.3344116210938,-116.66516876220705,-225.89886474609372,490.7339477539063,-168.22711181640625,-280.3141784667969,855.0955810546875
135.87274169921875,-249.36209106445312,133.4592742919922,172.66004943847656,-260.0563049316406,996.1337280273438,148.8784942626953,-297.6031188964844,498.50335693359375,273.4864196777344,-252.8555603027344,835.5263061523438,-98.9994888305664,17.90338706970215,270.2392578125,-128.32577514648438,-208.1720123291016,978.9671020507812,-116.39305877685548,-236.38735961914065,493.5941467285156,-168.56045532226562,-277.5469970703125,856.0916748046875
135.86941528320312,-239.74655151367188,133.33877563476562,173.71580505371094,-259.6107177734375,996.98974609375,149.81211853027344,-290.69940185546875,497.9643859863281,274.71832275390625,-259.9260559082031,838.390380859375,-97.46717071533205,4.860964298248291,271.1963806152344,-127.36407470703124,-207.5194091796875,980.6815185546876,-116.13671112060548,-246.71554565429688,496.75335693359375,-169.0052947998047,-274.82867431640625,857.137451171875
135.87286376953125,-230.13153076171875,133.22943115234375,174.75677490234375,-258.9750061035156,997.7021484375,150.7202606201172,-283.6985168457031,497.4461059570313,275.8504333496094,-267.0282897949219,841.274169921875,-96.09747314453124,-8.576631546020508,271.1280212402344,-126.44552612304688,-206.888671875,982.45458984375,-115.8995590209961,-256.8311767578125,500.13037109375,-169.54734802246094,-272.15887451171875,858.2117919921875
135.87686157226562,-220.51980590820312,133.13294982910156,175.78274536132812,-258.1678161621094,998.2652587890624,151.57432556152344,-276.6109313964844,496.9431762695313,276.8778991699219,-274.1451721191406,844.1641235351562,-94.91553497314452,-22.430044174194336,270.014892578125,-125.5685577392578,-206.3031768798828,984.260009765625,-115.67478942871094,-266.67803955078125,503.64501953125,-170.17079162597656,-269.5359802246094,859.29248046875
135.87586975097656,-210.91253662109372,133.05023193359375,176.79202270507812,-257.2093200683594,998.6744384765624,152.35467529296875,-269.4361267089844,496.4506530761719,277.79644775390625,-281.260009765625,847.0469360351562,-93.93761444091795,-36.72109222412109,267.86871337890625,-124.732666015625,-205.7808532714844,986.0693359375,-115.44454193115234,-276.197998046875,507.2228698730469,-170.85877990722656,-266.9573974609375,860.3562622070312
135.865478515625,-201.31007385253903,132.9814453125,177.78146362304688,-256.1209716796875,998.9263916015624,153.05184936523438,-262.1680908203125,495.9650573730469,278.6026306152344,-288.3565979003906,849.9093627929688,-93.17015838623048,-51.47032928466797,264.730712890625,-123.9384765625,-205.33450317382807,987.8527221679688,-115.18087005615234,-285.33270263671875,510.7981872558594,-171.59413146972656,-264.4198608398437,861.3794555664062
135.8424530029297,-191.71263122558597,132.92601013183594,178.7465057373047,-254.9249725341797,999.01953125,153.66470336914062,-254.80003356933597,495.4845886230469,279.2936096191406,-295.4191589355469,852.73828125,-92.60978698730467,-66.69589233398438,260.6683044433594,-123.18775177001952,-204.9722900390625,989.5800170898438,-114.84854125976562,-294.0252685546875,514.3151245117188,-172.35977172851562,-261.91973876953125,862.33837890625
135.8045196533203,-182.1205291748047,132.8828125,179.6812744140625,-253.6436767578125,998.9541625976562,154.19708251953125,-247.32809448242188,495.0090026855469,279.8672180175781,-302.43231201171875,855.5205078125,-92.2438507080078,-82.41313171386719,255.7709808349609,-122.48322296142578,-204.69825744628903,991.2217407226562,-114.40949249267578,-302.2216186523437,517.7265014648438,-173.13934326171875,-259.4530944824219,863.2095336914062
135.75013732910156,-172.53431701660156,132.85043334960938,180.5789337158203,-252.29913330078125,998.7327270507812,154.6544647216797,-239.7533416748047,494.5393676757813,280.3219909667969,-309.3810119628906,858.2433471679688,-92.05149841308594,-98.63455963134766,250.14553833007807,-121.82833862304688,-204.51304626464844,992.7499389648438,-113.82848358154295,-309.8718566894531,520.9908447265625,-173.9176025390625,-257.0161437988281,863.970458984375
135.6781768798828,-162.9543914794922,132.8271484375,181.43199157714844,-250.91278076171875,998.359375,155.04150390625,-232.0825042724609,494.0777282714844,280.6570129394531,-316.2505187988281,860.8941040039062,-92.0051040649414,-115.36962890625,243.9117126464844,-121.2269058227539,-204.4145355224609,994.1387939453124,-113.0787353515625,-316.9315490722656,524.0684814453125,-174.68077087402344,-254.6051788330078,864.5999145507812
135.58767700195312,-153.3804931640625,132.81105041503906,182.23277282714844,-249.50509643554688,997.84033203125,155.36068725585938,-224.3280029296875,493.62689208984375,280.8720397949219,-323.0263366699219,863.4605712890625,-92.07193756103516,-132.62408447265625,237.1981506347656,-120.6827621459961,-204.39859008789065,995.3652954101562,-112.14605712890624,-323.3626708984375,526.9183959960938,-175.41685485839844,-252.2169952392578,865.078369140625
135.477783203125,-143.81121826171875,132.8000030517578,182.97393798828125,-248.0953826904297,997.1832275390624,155.61231994628906,-216.50775146484372,493.1898498535156,280.9673767089844,-329.6941833496094,865.930908203125,-92.2159423828125,-150.39852905273438,230.1389923095703,-120.1993637084961,-204.45977783203125,996.4093627929688,-111.03054809570312,-329.1336669921875,529.4970092773438,-176.1157989501953,-249.8487701416016,865.3883666992188
135.34796142578125,-134.2444305419922,132.79190063476562,183.6490173339844,-246.7016448974609,996.3968505859376,155.7953338623047,-208.64488220214844,492.7695007324219,280.9437561035156,-336.2399597167969,868.2935180664062,-92.39955139160156,-168.68624877929688,222.87098693847656,-119.77951049804688,-204.5920867919922,997.2540893554688,-109.74624633789062,-334.2198181152344,531.7584228515625,-176.76959228515625,-247.49835205078125,865.5146484375
135.19815063476562,-124.6781234741211,132.78515625,184.25282287597656,-245.3404541015625,995.4910888671876,155.90892028808594,-200.7675628662109,492.3679504394531,280.8024597167969,-342.649658203125,870.5376586914062,-92.5854949951172,-187.47059631347656,215.5310516357422,-119.42506408691406,-204.7896270751953,997.88623046875,-108.31909942626952,-338.6035461425781,533.6561279296875,-177.3722686767578,-245.16424560546875,865.4447021484375
135.0290985107422,-115.11138916015624,132.77908325195312,184.78189086914065,-244.02679443359372,994.4759521484376,155.95416259765625,-192.9085693359375,491.9859619140625,280.5452575683594,-348.9094543457031,872.6527709960938,-92.73826599121094,-206.72183227539065,208.2541046142578,-119.1367645263672,-205.0472869873047,998.2960205078124,-106.7839584350586,-342.2751770019531,535.1454467773438,-177.919921875,-242.84576416015625,865.1686401367188
134.84262084960938,-105.5453872680664,132.77430725097656,185.2346649169922,-242.7741241455078,993.36181640625,155.93569946289062,-185.10443115234372,491.6228942871094,280.17431640625,-355.005615234375,874.6293334960938,-92.8252410888672,-226.3937225341797,201.1708984375,-118.91421508789062,-205.36135864257807,998.4775390625,-105.18120574951172,-345.23406982421875,536.1865844726562,-178.41053771972656,-240.54299926757807,864.6795654296875
134.64186096191406,-95.98401641845705,132.77316284179688,185.6115264892578,-241.59423828125,992.1586303710938,155.86265563964844,-177.3942108154297,491.27642822265625,279.6922607421875,-360.9245300292969,876.4581909179688,-92.817626953125,-246.42022705078125,194.4056701660156,-118.75579071044922,-205.7299041748047,998.428955078125,-103.5533447265625,-347.4900207519531,536.747314453125,-178.8438720703125,-238.2569732666016,863.9733276367188
134.43162536621094,-86.43448638916016,132.77996826171875,185.9145965576172,-240.49734497070312,990.8759765625,155.74874877929688,-169.8189239501953,490.9429626464844,279.10205078125,-366.6528625488281,878.1311645507812,-92.69100952148438,-266.7128295898437,188.0734405517578,-118.65874481201172,-206.1529998779297,998.1521606445312,-101.9418716430664,-349.06494140625,536.8064575195312,-179.2213134765625,-235.98963928222656,863.0488891601562
134.21829223632812,-76.90738677978516,132.80130004882812,186.14752197265625,-239.4923553466797,989.5228881835938,155.61163330078125,-162.42144775390625,490.617431640625,278.4071655273437,-372.1773681640625,879.6409912109375,-92.42581176757812,-287.1589050292969,182.27679443359372,-118.61925506591795,-206.63284301757807,997.6534423828124,-100.38455200195312,-349.9941101074219,536.3563232421875,-179.545654296875,-233.74398803710935,861.9080200195312
134.00978088378906,-67.41647338867188,132.84584045410156,186.3149871826172,-238.58709716796875,988.1080322265624,155.47174072265625,-155.24652099609375,490.2934875488281,277.6114807128906,-377.4850769042969,880.9812622070312,-92.00759887695312,-307.6212463378906,177.102294921875,-118.63265991210938,-207.1737365722656,996.9429321289062,-98.91312408447266,-350.3271484375,535.405517578125,-179.8209686279297,-231.5240173339844,860.5555419921875
133.81503295898438,-57.9779167175293,132.9242706298828,186.42247009277344,-237.7887420654297,986.6397705078124,155.35040283203125,-148.34017944335938,489.9636840820313,276.7193603515625,-382.563232421875,882.146728515625,-91.42719268798828,-327.9394836425781,172.61634826660156,-118.69361114501952,-207.78211975097656,996.0347900390624,-97.55154418945312,-350.1284484863281,533.9801025390625,-180.05242919921875,-229.33497619628903,858.9990234375
133.6432342529297,-48.6093635559082,133.04864501953125,186.47596740722656,-237.1041412353516,985.12646484375,155.2676239013672,-141.7487335205078,489.6198425292969,275.7356262207031,-387.3993835449219,883.133056640625,-90.68057250976562,-347.9322509765625,168.86117553710938,-118.7963409423828,-208.46633911132807,994.947021484375,-96.31484985351562,-349.4767761230469,532.123779296875,-180.24615478515625,-227.18331909179688,857.248779296875
133.5026397705078,-39.32880783081055,133.23170471191406,186.4816131591797,-236.5401763916016,983.5765991210938,155.23974609375,-135.51722717285156,489.2534790039063,274.6656494140625,-391.9812927246094,883.9373779296875,-89.76837921142578,-367.4013671875,165.85104370117188,-118.93490600585938,-209.2365875244141,993.7008666992188,-95.20867156982422,-348.46466064453125,529.8968505859375,-180.4091033935547,-225.0769195556641,855.31787109375
133.39944458007812,-30.15351676940918,133.48641967773438,186.44552612304688,-236.1038360595703,981.998779296875,155.27734375,-129.68728637695312,488.85638427734375,273.515380859375,-396.297119140625,884.5579833984375,-88.69486999511719,-386.1368103027344,163.56979370117188,-119.10336303710938,-210.1046142578125,992.32080078125,-94.2294464111328,-347.1968688964844,527.3732299804688,-180.5489501953125,-223.0251617431641,853.221923828125
133.33689880371094,-21.09921646118164,133.82586669921875,186.37355041503903,-235.802490234375,980.40185546875,155.38372802734375,-124.29486846923828,488.4209899902344,272.2914123535156,-400.3353271484375,884.9945068359375,-87.46654510498047,-403.9230651855469,161.9700164794922,-119.29598236083984,-211.08355712890625,990.833740234375,-93.36540985107422,-345.788330078125,524.6368408203125,-180.6740264892578,-221.0390625,850.9790649414062
133.31466674804688,-12.179478645324709,134.26333618164062,186.2710876464844,-235.6439208984375,978.7947387695312,155.55397033691406,-119.3684539794922,487.9410705566406,271.0009765625,-404.0846557617188,885.2479858398438,-86.09061431884766,-420.54681396484375,160.9745635986328,-119.50737762451172,-212.18760681152344,989.2686767578124,-92.5982894897461,-344.36083984375,521.7771606445312,-180.7931671142578,-219.13131713867188,848.6096801757812
133.3287353515625,-3.4053380489349365,134.8124542236328,186.14291381835935,-235.63645935058597,977.1865234375,155.7747039794922,-114.92801666259766,487.41217041015625,269.6521301269531,-407.534423828125,885.32080078125,-84.57366180419922,-435.8054809570313,160.4805450439453,-119.73263549804688,-213.4318389892578,987.6557006835938,-91.90538787841795,-343.03863525390625,518.8846435546875,-180.9156188964844,-217.3162078857422,846.13623046875
133.37149047851562,5.214860439300537,135.48704528808594,185.9930877685547,-235.78887939453125,975.58642578125,156.02491760253906,-110.98494720458984,486.83209228515625,268.2536926269531,-410.6742248535156,885.2167358398438,-82.92097473144531,-449.5169067382813,160.36578369140625,-119.9674072265625,-214.831787109375,986.0255737304688,-91.2615966796875,-341.9425048828125,516.0465087890625,-181.0508728027344,-215.60964965820312,843.5830078125
133.43238830566406,13.675268173217772,136.30084228515625,185.8247985839844,-236.11024475097656,974.0036010742188,156.2774200439453,-107.54295349121094,486.2013854980469,266.815185546875,-413.4943542480469,884.9411010742188,-81.13674926757812,-461.5291442871094,160.49755859375,-120.20803833007812,-216.4030914306641,984.4087524414062,-90.6410675048828,-341.1829833984375,513.3422241210938,-181.2085418701172,-214.02896118164065,840.9759521484375
133.49896240234375,21.971961975097656,137.26693725585938,185.6403350830078,-236.60948181152344,972.4471435546876,156.5010528564453,-104.59967041015624,485.5235900878906,265.3471374511719,-415.9855346679688,884.5003051757812,-79.22543334960938,-471.7297668457031,160.74281311035156,-120.45165252685548,-218.16102600097656,982.835205078125,-90.01866912841797,-340.8534545898437,510.8392028808594,-181.39816284179688,-212.5927734375,838.3421020507812
133.5581512451172,30.102033615112305,138.39723205566406,185.4410858154297,-237.29481506347656,970.9262084960938,156.66302490234375,-102.14834594726562,484.804931640625,263.8607788085937,-418.1392822265625,883.902099609375,-77.19385528564453,-480.0540771484375,160.9793243408203,-120.69625091552734,-220.1197052001953,981.33349609375,-89.37163543701172,-341.0242614746094,508.5896911621094,-181.62896728515625,-211.32066345214844,835.7093505859375
133.59780883789062,38.06230163574219,139.70217895507812,185.2274627685547,-238.17308044433597,969.4498901367188,156.73138427734375,-100.17996215820312,484.0537414550781,262.3680725097656,-419.9477844238281,883.1553955078125,-75.05345153808594,-486.49114990234375,161.1061553955078,-120.94068145751952,-222.291259765625,979.9307861328124,-88.68125915527344,-341.73828125,506.6282653808594,-181.9096527099609,-210.23292541503903,833.10595703125
133.6084747314453,45.84763717651367,141.1911163330078,184.9990081787109,-239.2490234375,968.0272216796876,156.6782989501953,-98.68587493896484,483.2794494628906,260.8817749023437,-421.404052734375,882.2700805664062,-72.82219696044922,-491.0864562988281,161.0521697998047,-121.18465423583984,-224.68458557128903,978.6521606445312,-87.9344482421875,-343.0086364746094,504.9718933105469,-182.2480926513672,-209.3502349853516,830.5604248046875
133.58489990234375,53.44905471801758,142.87306213378906,184.75440979003903,-240.52459716796875,966.6671142578124,156.48382568359375,-97.66101837158205,482.4915466308594,259.41510009765625,-422.501953125,881.2569580078125,-70.52572631835938,-493.9401550292969,160.7804718017578,-121.42862701416016,-227.30426025390625,977.5206909179688,-87.1250991821289,-344.8187866210937,503.6216125488281,-182.65106201171875,-208.69322204589844,828.1005859375
133.52713012695312,60.85173034667969,144.75726318359375,184.49166870117188,-241.99819946289065,965.3786010742188,156.13987731933594,-97.10699462890624,481.6985168457031,257.9816589355469,-423.2362976074219,880.127685546875,-68.19783020019531,-495.20068359375,160.2877960205078,-121.67371368408205,-230.1493225097656,976.55712890625,-86.25527954101562,-347.1253356933594,502.5666809082031,-183.1240234375,-208.28228759765625,825.7537841796875
133.4412384033203,68.03298950195312,146.85400390625,184.20822143554688,-243.6641387939453,964.1705322265624,155.6534423828125,-97.03466796875,480.90667724609375,256.5953369140625,-423.6028137207031,878.89453125,-65.88023376464844,-495.0531921386719,159.59854125976562,-121.9215087890625,-233.2123107910156,975.7796630859376,-85.33616638183594,-349.86334228515625,501.7894592285156,-183.6708068847656,-208.1370849609375,823.546142578125
133.3394317626953,74.9604263305664,149.1750030517578,183.9012451171875,-245.51220703125,963.05126953125,155.04859924316406,-97.46571350097656,480.119384765625,255.26986694335935,-423.5983276367188,877.5703125,-63.62186813354492,-493.7044372558594,158.75473022460938,-122.1739501953125,-236.4786071777344,975.2037963867188,-84.38867950439453,-352.9532165527344,501.270751953125,-184.29345703125,-208.2763519287109,821.5025024414062
133.2396697998047,81.59030151367188,151.73388671875,183.5679168701172,-247.52737426757807,962.0287475585938,154.36695861816406,-98.4330062866211,479.3362426757813,254.0188446044922,-423.22064208984375,876.1682739257812,-61.47745513916016,-491.3648681640625,157.80462646484375,-122.4331283569336,-239.9260711669922,974.8418579101562,-83.44358825683594,-356.30828857421875,500.9934387207031,-184.99203491210935,-208.7174835205078,819.6459350585938
133.1647186279297,87.8665542602539,154.54644775390625,183.2057342529297,-249.68975830078125,961.110107421875,153.6663055419922,-99.97967529296876,478.5526428222656,252.85525512695312,-422.4687805175781,874.7019653320312,-59.5048942565918,-488.2307434082031,156.7932891845703,-122.701171875,-243.5252227783203,974.702880859375,-82.54105377197266,-359.841064453125,500.9440002441406,-185.7645721435547,-209.47630310058597,817.9977416992188
133.14051818847656,93.72053527832033,157.6304473876953,182.8128662109375,-251.97462463378903,960.3013305664062,153.017333984375,-102.15660095214844,477.7596435546875,251.79132080078125,-421.3428955078125,873.1849975585938,-57.76112747192383,-484.4689331054688,155.7575225830078,-122.98006439208984,-247.2398681640625,974.7921142578124,-81.72925567626953,-363.467529296875,501.1109619140625,-186.60693359375,-210.56674194335935,816.5768432617188
133.19435119628906,99.0713882446289,161.00518798828125,182.3885040283203,-254.3527374267578,959.607177734375,152.4986114501953,-105.0185546875,476.9443054199219,250.83831787109372,-419.8443908691406,871.6310424804688,-56.29634094238281,-480.2076721191406,154.72439575195312,-123.27162170410156,-251.0281982421875,975.1105346679688,-81.06195068359375,-367.1080627441406,501.48089599609375,-187.5129547119141,-212.00059509277344,815.4000244140625
133.35255432128906,103.82718658447266,164.69024658203125,181.9330596923828,-256.79083251953125,959.0311889648438,152.18988037109375,-108.61906433105467,476.0904541015625,250.0062561035156,-417.97607421875,870.0535888671875,-55.14747619628906,-475.5339965820313,153.7122039794922,-123.57738494873048,-254.84429931640625,975.6546630859376,-80.59456634521484,-370.68560791015625,502.0328979492188,-188.47450256347656,-213.78733825683597,814.4813232421875
133.6381072998047,107.88671875,168.7038116455078,181.44821166992188,-259.25244140625,958.5756225585938,152.16432189941406,-113.00479888916016,475.1803588867188,249.30381774902344,-415.74212646484375,868.466064453125,-54.332801818847656,-470.496826171875,152.73275756835938,-123.89861297607422,-258.6397705078125,976.4161987304688,-80.37887573242188,-374.1216735839844,502.7340393066406,-189.4817047119141,-215.93386840820312,813.8321533203125
134.0682830810547,111.14221954345705,173.0602569580078,180.936767578125,-261.69921875,958.2417602539062,152.48069763183594,-118.21011352539062,474.1971740722656,248.73814392089844,-413.1481323242188,866.8812866210938,-53.84935760498047,-465.1136474609375,151.79391479492188,-124.2362289428711,-262.3655090332031,977.3824462890624,-80.45655059814453,-377.33203125,503.53753662109375,-190.5231170654297,-218.44436645507807,813.4609375
134.65261840820312,113.48297119140624,177.76727294921875,180.4022979736328,-264.09246826171875,958.0303955078124,153.17662048339844,-124.25301361083984,473.1280517578125,248.3148193359375,-410.20123291015625,865.3117065429688,-53.67392349243164,-459.379150390625,150.90155029296875,-124.59082794189452,-265.9732360839844,978.5364990234376,-80.85254669189453,-380.2238464355469,504.3854370117188,-191.5860748291016,-221.3201446533203,813.3733520507812
135.39161682128906,114.80001068115234,182.8227081298828,179.8488311767578,-266.3949890136719,957.94189453125,154.26414489746094,-131.13314819335938,471.9678955078125,248.03782653808597,-406.9100036621094,863.7691040039062,-53.76680755615234,-453.2742309570313,150.06082153320312,-124.9626922607422,-269.4169311523437,979.8578491210938,-81.56949615478516,-382.6949768066406,505.21527099609375,-192.6569366455078,-224.55953979492188,813.5722045898438
136.27627563476562,114.99191284179688,188.21127319335935,179.28053283691406,-268.5726928710937,957.9771118164062,155.7286834716797,-138.8311767578125,470.7229614257813,247.90945434570312,-403.2845153808594,862.2646484375,-54.07733154296875,-446.77447509765625,149.27676391601562,-125.35186767578124,-272.65380859375,981.3231811523438,-82.58499145507812,-384.6363830566406,505.9686279296875,-193.721435546875,-228.15786743164065,814.057373046875
137.28887939453125,113.97138214111328,193.9019470214844,178.701416015625,-270.5961303710937,958.1375732421876,157.5308074951172,-147.30931091308594,469.4137268066406,247.9304962158203,-399.3361511230469,860.8087158203125,-54.54977416992188,-439.8580627441406,148.55429077148438,-125.75821685791016,-275.64508056640625,982.9071655273438,-83.85267639160156,-385.9374084472656,506.5986633300781,-194.7649688720703,-232.1073760986328,814.8262939453125
138.4044647216797,111.67250061035156,199.8467559814453,178.11508178710938,-272.4419860839844,958.4260864257812,159.61080932617188,-156.51287841796875,468.07623291015625,248.1001434326172,-395.07763671875,859.4108276367188,-55.12863159179688,-432.51171875,147.89797973632812,-126.18152618408205,-278.3565368652344,984.5836791992188,-85.30705261230469,-386.4928283691406,507.0755920410156,-195.7729339599609,-236.39730834960935,815.8738403320312
139.59326171875,108.057861328125,205.98133850097656,177.5244598388672,-274.0940856933594,958.846923828125,161.89466857910156,-166.37274169921875,466.7619018554688,248.4162139892578,-390.5227355957031,858.0798950195312,-55.762794494628906,-424.7351989746094,147.31153869628906,-126.62165069580078,-280.7586669921875,986.3262939453124,-86.87084197998047,-386.2108459472656,507.3891296386719,-196.7310485839844,-241.01400756835935,817.19287109375
140.82337951660156,103.12479400634766,212.2279357910156,176.931640625,-275.544189453125,959.4054565429688,164.30068969726562,-176.808349609375,465.5356140136719,248.8751373291016,-385.6863098144531,856.8235473632812,-56.40855026245117,-416.5437622070313,146.79727172851562,-127.07853698730467,-282.82684326171875,988.1094970703124,-88.46381378173828,-385.020263671875,507.5478210449219,-197.6256561279297,-245.94114685058597,818.7743530273438
142.06365966796875,96.90953826904295,218.4998779296875,176.33775329589844,-276.79217529296875,960.1082763671876,166.7456817626953,-187.73092651367188,464.47174072265625,249.47210693359372,-380.5841064453125,855.6488037109375,-57.03142166137695,-407.9681701660156,146.35546875,-127.55235290527344,-284.5413818359375,989.908935546875,-90.01177978515625,-382.876708984375,507.57562255859375,-198.4439239501953,-251.1598358154297,820.6077270507812
143.28688049316406,89.48765563964844,224.7062530517578,175.74282836914062,-277.8456420898437,960.9620971679688,169.1502685546875,-199.04690551757807,463.6494140625,250.20106506347656,-375.2326354980469,854.561279296875,-57.6068229675293,-399.0526428222656,145.98414611816406,-128.04348754882812,-285.88751220703125,991.701904296875,-91.45447540283205,-379.7670593261719,507.5063171386719,-199.17417907714844,-256.6490173339844,822.68115234375
144.47254943847656,80.96967315673828,230.75570678710935,175.14590454101562,-278.71905517578125,961.9733276367188,171.4430694580078,-210.66136169433597,463.1465759277344,251.05484008789065,-369.6489868164063,853.5656127929688,-58.11990737915039,-389.8507690429688,145.6790313720703,-128.55255126953125,-286.8554077148437,993.4678344726562,-92.75112915039062,-375.71197509765625,507.3771362304688,-199.8060302734375,-262.3856506347656,824.9818725585938
145.6087188720703,71.49182891845703,236.55807495117188,174.5450439453125,-279.4322509765625,963.1468505859376,173.56378173828125,-222.48126220703125,463.0343322753906,252.0251007080078,-363.8509521484375,852.6649780273438,-58.56476974487305,-380.4202880859375,145.43397521972656,-129.0802764892578,-287.44012451171875,995.18798828125,-93.88291931152344,-370.76605224609375,507.2224731445313,-200.3305206298828,-268.3451538085937,827.4962768554688
146.69183349609375,61.202972412109375,242.0245513916016,173.93763732910156,-280.0089111328125,964.48486328125,175.46511840820312,-234.41783142089844,463.3716735839844,253.1024169921875,-357.8567199707031,851.8611450195312,-58.94307708740234,-370.8184814453125,145.2415771484375,-129.62728881835938,-287.6413879394531,996.845703125,-94.85188293457033,-365.0144348144531,507.0692138671875,-200.74024963378903,-274.5016174316406,830.2103271484375
147.7251739501953,50.24982070922852,247.06690979003903,173.32069396972656,-280.4745788574219,965.9860229492188,177.11326599121094,-246.3880157470703,464.2012634277344,254.2762756347656,-351.6849365234375,851.154052734375,-59.262245178222656,-361.0980224609375,145.09385681152344,-130.19387817382812,-287.46356201171875,998.4262084960938,-95.67681121826172,-358.56622314453125,506.9343872070313,-201.02932739257807,-280.828369140625,833.1094970703125
148.71615600585938,38.76360321044922,251.59744262695312,172.69117736816406,-280.85528564453125,967.6447143554688,178.4873504638672,-258.3152770996094,465.5465393066406,255.53515625,-345.3547058105469,850.5420532226562,-59.53310775756836,-351.3044738769531,144.98294067382812,-130.77951049804688,-286.9152526855469,999.9166870117188,-96.38684844970705,-351.5451965332031,506.8252258300781,-201.19337463378903,-287.2980041503906,836.1790771484375
149.6735382080078,26.85039329528809,255.5302734375,172.04644775390625,-281.1757202148437,969.4503173828124,179.57765197753906,-270.1296691894531,467.4099731445313,256.866455078125,-338.8855285644531,850.0216064453125,-59.76756286621094,-341.474609375,144.90150451660156,-131.38255310058594,-286.00933837890625,1001.3059692382812,-97.01435089111328,-344.0798645019531,506.7407836914063,-201.2294769287109,-293.88299560546875,839.4039306640625
150.60516357421875,14.586313247680664,258.7836303710937,171.3847198486328,-281.4579772949219,971.3873901367188,180.38323974609372,-281.7677917480469,469.7732543945313,258.2566833496094,-332.2972717285156,849.5870971679688,-59.97651672363281,-331.6354064941406,144.8431396484375,-131.9998321533203,-284.7628479003906,1002.58447265625,-97.58820343017578,-336.29351806640625,506.6749572753906,-201.1360626220703,-300.5558166503906,842.7686767578125
151.51658630371094,2.0174481868743896,261.2827453613281,170.7053985595703,-281.7202453613281,973.4353637695312,180.9093170166016,-293.1720886230469,472.5985412597656,259.6914367675781,-325.6103515625,849.2310180664062,-60.16842651367188,-321.804443359375,144.80250549316406,-132.62646484375,-283.1968994140625,1003.7444458007812,-98.12887573242188,-328.2957458496094,506.6196594238281,-200.9126892089844,-307.2892150878906,846.2577514648438
152.41070556640625,-10.83647346496582,262.9626159667969,170.00941467285156,-281.9759826660156,975.569091796875,181.16488647460935,-304.29052734375,475.8311767578125,261.1556396484375,-318.8456420898437,848.9437255859375,-60.34848403930664,-311.99072265625,144.7755126953125,-133.2557373046875,-281.3365478515625,1004.7793579101562,-98.64591217041016,-320.1762084960937,506.5679626464844,-200.56005859375,-314.0565185546875,849.8550415039062
153.2879180908203,-23.976171493530277,263.7700500488281,169.29949951171875,-282.2333984375,977.7592163085938,181.1609649658203,-315.07623291015625,479.4034118652344,262.63360595703125,-312.0245056152344,848.7137451171875,-60.51852798461914,-302.1962890625,144.7592010498047,-133.87925720214844,-279.210693359375,1005.6842041015624,-99.1380615234375,-312.0007629394531,506.5159301757813,-200.0797271728516,-320.8316955566406,853.5440673828125
154.14683532714844,-37.41629409790039,263.665283203125,168.58030700683594,-282.4952392578125,979.97314453125,180.90948486328125,-325.487060546875,483.2391357421875,264.10943603515625,-305.1686706542969,848.5277709960938,-60.67747116088867,-292.41827392578125,144.75169372558594,-134.48712158203125,-276.85162353515625,1006.4553833007812,-99.59578704833984,-303.8109130859375,506.4635925292969,-199.4740295410156,-327.58953857421875,857.307861328125
154.9852294921875,-51.179725646972656,262.62359619140625,167.85829162597656,-282.75927734375,982.1761474609376,180.42288208007807,-335.4851379394531,487.2583618164063,265.567138671875,-298.3002624511719,848.3710327148438,-60.82208251953125,-282.651123046875,144.75204467773438,-135.06832885742188,-274.2945556640625,1007.0906982421876,-100.005126953125,-295.6263732910156,506.414306640625,-198.74595642089844,-334.305908203125,861.128662109375
155.80093383789062,-65.2936019897461,260.6369323730469,167.14169311523438,-283.01885986328125,984.3321533203124,179.71409606933594,-345.0359191894531,491.3814392089844,266.9909973144531,-291.4415588378906,848.2274780273438,-60.94778060913086,-272.88848876953125,144.7600860595703,-135.6112060546875,-271.5768737792969,1007.5890502929688,-100.3517608642578,-287.450439453125,506.3730163574219,-197.8989715576172,-340.9576110839844,864.9882202148438
156.59251403808594,-79.78706359863281,257.7152099609375,166.44020080566406,-283.2640380859375,986.4052124023438,178.79721069335938,-354.1068115234375,495.5322265625,268.365966796875,-284.6150207519531,848.0802001953125,-61.04936599731445,-263.1248779296875,144.7763214111328,-136.10406494140625,-268.73736572265625,1007.9505615234376,-100.62408447265624,-279.2770690917969,506.3442687988281,-196.93702697753903,-347.52264404296875,868.8673706054688
157.35914611816406,-94.69036865234376,253.88726806640625,165.76461791992188,-283.4825134277344,988.3604125976562,177.6881103515625,-362.66595458984375,499.639892578125,269.6778869628906,-277.84295654296875,847.9119262695312,-61.12156677246094,-253.35690307617188,144.8017578125,-136.5356903076172,-265.81524658203125,1008.1765747070312,-100.81487274169922,-271.0980529785156,506.33050537109375,-195.8643493652344,-353.9802551269531,872.7462158203125
158.10031127929688,-110.03483581542967,249.20138549804688,165.1262664794922,-283.6606140136719,990.1651000976562,176.40518188476562,-370.681396484375,503.6397705078125,270.9137878417969,-271.1475524902344,847.705322265625,-61.15956497192383,-243.58323669433597,144.83767700195312,-136.89593505859375,-262.84930419921875,1008.2692260742188,-100.92141723632812,-262.9090576171875,506.3314208984375,-194.6854553222656,-360.3108520507813,876.60400390625
158.81533813476562,-125.85275268554688,243.72537231445312,164.5364990234375,-283.78448486328125,991.7893676757812,174.9700469970703,-378.1206359863281,507.47314453125,272.0623474121094,-264.550537109375,847.4434204101562,-61.15936279296875,-233.80419921875,144.88536071777344,-137.17637634277344,-259.87701416015625,1008.2312622070312,-100.94490051269533,-254.713623046875,506.3440246582031,-193.40509033203125,-366.4962158203125,880.4193725585938
159.50302124023438,-142.1765594482422,237.54649353027344,164.00608825683594,-283.8409118652344,993.2068481445312,173.4080810546875,-384.9510803222656,511.0866088867188,273.1139831542969,-258.0731811523437,847.1103515625,-61.11813735961914,-224.02117919921875,144.94578552246094,-137.37066650390625,-256.9340515136719,1008.066162109375,-100.88955688476562,-246.52500915527344,506.3630676269531,-192.0281982421875,-372.5193481445313,884.1701049804688
160.1615447998047,-159.03660583496094,230.7705841064453,163.54476928710938,-283.8182983398437,994.3950805664062,171.74842834472656,-391.1410827636719,514.4312744140625,274.0611267089844,-251.7360076904297,846.6912231445312,-61.03451919555664,-214.23619079589844,145.01930236816406,-137.47503662109375,-254.0536651611328,1007.7774047851562,-100.7621078491211,-238.3661651611328,506.3816223144531,-190.56002807617188,-378.3644409179688,887.83349609375
160.78857421875,-176.4575653076172,223.5207061767578,163.1608428955078,-283.7073669433594,995.3358154296876,170.02359008789062,-396.6617126464844,517.4625244140625,274.8983764648437,-245.55880737304688,846.1730346679688,-60.908966064453125,-204.45147705078125,145.1053924560547,-137.48841857910156,-251.26622009277344,1007.3685913085938,-100.5714111328125,-230.2682037353516,506.3914184570313,-189.0060577392578,-384.016845703125,891.386474609375
161.38169860839844,-194.45433044433597,215.93495178222656,162.86093139648438,-283.5015869140625,996.0152587890624,168.268310546875,-401.4888610839844,520.1397705078125,275.6225891113281,-239.5604553222656,845.5446166992188,-60.7440071105957,-194.6693420410156,145.2024383544922,-137.41253662109375,-248.5988006591797,1006.8430786132812,-100.328369140625,-222.26795959472656,506.3836975097656,-187.37217712402344,-389.4629821777344,894.8056030273438
161.9390869140625,-213.0279541015625,208.1631622314453,162.64981079101562,-283.1978454589844,996.4239501953124,166.5181427001953,-405.6054992675781,522.4271850585938,276.23297119140625,-233.7588653564453,844.797119140625,-60.54433822631836,-184.8920440673828,145.30772399902344,-137.2517852783203,-246.07493591308597,1006.2040405273438,-100.0457763671875,-214.405029296875,506.3497314453125,-185.6646881103516,-394.6901550292969,898.0675659179688
162.4596405029297,-232.16148376464844,200.3629608154297,162.53028869628906,-282.7965087890625,996.5572509765624,164.8075714111328,-409.00396728515625,524.294677734375,276.73101806640625,-228.17100524902344,843.9240112304688,-60.31665802001953,-175.12184143066406,145.41737365722656,-137.01292419433594,-243.714599609375,1005.4545288085938,-99.7382354736328,-206.71897888183597,506.2816162109375,-183.89031982421875,-399.6867065429688,901.1494140625
162.94276428222656,-251.81597900390625,192.69476318359372,162.5032501220703,-282.3016357421875,996.4150390625,163.16815185546875,-411.6880493164063,525.71923828125,277.12042236328125,-222.8128204345703,842.9215698242188,-60.06919097900391,-165.36109924316406,145.52658081054688,-136.7045440673828,-241.53424072265625,1004.5977783203124,-99.42169952392578,-199.2469024658203,506.1724548339844,-182.05630493164065,-404.4417724609375,904.0285034179688
163.3877716064453,-271.9265441894531,185.31643676757807,162.56759643554688,-281.7209777832031,996.0020141601562,161.62680053710938,-413.6745910644531,526.6863403320312,277.40704345703125,-217.69927978515625,841.7884521484375,-59.810916900634766,-155.61244201660156,145.62997436523438,-136.33651733398438,-239.5470123291016,1003.6368408203124,-99.11272430419922,-192.02203369140625,506.01666259765625,-180.1703338623047,-408.9452209472656,906.68310546875
163.7930145263672,-292.3988037109375,178.37705993652344,162.720458984375,-281.06591796875,995.3275756835938,160.20460510253906,-414.9949645996094,527.1915893554688,277.5986328125,-212.8443756103516,840.5261840820312,-59.55071258544922,-145.8788604736328,145.72218322753906,-135.91937255859375,-237.7628936767578,1002.575439453125,-98.82728576660156,-185.072998046875,505.8097839355469,-178.24053955078125,-413.1876220703125,909.0923461914062
164.15493774414062,-313.1059265136719,172.01039123535156,162.9573516845703,-280.3511962890625,994.405517578125,158.91607666015625,-415.69573974609375,527.2422485351562,277.7047424316406,-208.2611541748047,839.138916015625,-59.29648971557617,-136.16415405273438,145.7984161376953,-135.46371459960938,-236.18896484375,1001.4176025390624,-98.57938385009766,-178.42352294921875,505.5480346679688,-176.27540588378906,-417.1601867675781,911.2366943359376
164.46710205078125,-333.8870849609375,166.32801818847656,163.27236938476562,-279.5948181152344,993.25439453125,157.76905822753906,-415.8384399414063,526.8574829101562,277.73651123046875,-203.96173095703125,837.6333618164062,-59.05458068847656,-126.47348022460938,145.855224609375,-134.9796600341797,-234.8297882080078,1000.168212890625,-98.37957000732422,-172.09262084960938,505.2279357910156,-174.28372192382812,-420.8546447753906,913.0980224609376
164.7195281982422,-354.54840087890625,161.41275024414062,163.65858459472656,-278.8175964355469,991.8966064453124,156.76507568359375,-415.4985656738281,526.0693359375,277.706298828125,-199.9573211669922,836.0185546875,-58.82943344116211,-116.81405639648438,145.89125061035156,-134.476318359375,-233.6878204345703,998.8330688476562,-98.23352813720705,-166.09506225585938,504.845947265625,-172.27442932128906,-424.2632446289063,914.6597290039062
164.89859008789062,-374.8662414550781,157.31300354003906,164.10830688476562,-278.0428771972656,990.3585205078124,155.9000701904297,-414.7634582519531,524.9217529296875,277.62750244140625,-196.25827026367188,834.305908203125,-58.62363052368164,-107.19566345214844,145.90823364257812,-133.9615936279297,-232.76385498046875,997.4188232421876,-98.14096069335938,-160.44189453125,504.3984069824219,-170.2565460205078,-427.3786315917969,915.9073486328124
164.98779296875,-394.5934448242188,154.03897094726562,164.6134033203125,-277.2961120605469,988.6697387695312,155.1653594970703,-413.7292175292969,523.4691772460938,277.5143127441406,-192.8740234375,832.5089721679688,-58.438079833984375,-97.63060760498048,145.9120330810547,-133.4420623779297,-232.0570526123047,995.9336547851562,-98.09484100341795,-155.1409912109375,503.8819885253906,-168.23907470703125,-430.19378662109375,916.8285522460938
164.96939086914062,-413.4675598144531,151.56138610839844,165.16567993164062,-276.6041259765625,986.8628540039062,154.54867553710938,-412.4967956542969,521.7747192382812,277.3812561035156,-189.8131256103516,830.6428833007812,-58.27191925048828,-88.13275146484375,145.91355895996094,-132.923095703125,-231.56532287597656,994.38671875,-98.0811004638672,-150.19744873046875,503.2945556640625,-166.2309112548828,-432.7021179199219,917.4132690429688
164.82679748535156,-431.2215576171875,149.8134765625,165.7572021484375,-275.99468994140625,984.9725952148438,154.0350799560547,-411.1670837402344,519.906494140625,277.2431945800781,-187.08319091796875,828.7245483398438,-58.12263488769531,-78.71627807617188,145.92910766601562,-132.4088897705078,-231.28558349609372,992.7889404296876,-98.07893371582033,-145.61375427246094,502.6364440917969,-164.24073791503906,-434.8972778320313,917.6543579101562
164.54742431640625,-447.59674072265625,148.69625854492188,166.38055419921875,-275.4956359863281,983.0354614257812,153.60775756835938,-409.8351440429688,517.9344482421875,277.1147155761719,-184.69088745117188,826.7721557617188,-57.98666763305664,-69.3948974609375,145.98007202148438,-131.90240478515625,-231.21432495117188,991.1524658203124,-98.06159973144533,-141.38999938964844,501.9119262695313,-162.27699279785156,-436.7733154296875,917.5474853515624
164.1253662109375,-462.3566284179688,148.0868377685547,167.02919006347656,-275.13427734375,981.0888671875,153.24891662597656,-408.5848083496094,515.9259033203125,277.0101013183594,-182.6418914794922,824.8048095703125,-57.86040115356445,-60.18149185180664,146.09197998046875,-131.40525817871094,-231.34815979003903,989.4908447265624,-97.99790954589844,-137.52423095703125,501.1305236816406,-160.3477783203125,-438.3247375488281,917.0914916992188
163.56272888183594,-475.3000183105469,147.84832763671875,167.69764709472656,-274.9365234375,979.1702880859376,152.94053649902344,-407.4836120605469,513.9424438476562,276.9429626464844,-180.9408416748047,822.8425903320312,-57.741241455078125,-51.08810424804688,146.29310607910156,-130.91754150390625,-231.684326171875,987.8189086914062,-97.85408782958984,-134.01333618164062,500.307861328125,-158.46084594726562,-439.5464172363281,916.2887573242188
162.86904907226562,-486.2713012695313,147.8401336669922,168.3818359375,-274.9261474609375,977.3167114257812,152.6652069091797,-406.5794982910156,512.0364379882812,276.92596435546875,-179.5912322998047,820.90576171875,-57.62865829467773,-42.12607955932617,146.61294555664062,-130.43777465820312,-232.2210693359375,986.1527099609376,-97.59612274169922,-130.8544921875,499.4655456542969,-156.62367248535156,-440.4339294433594,915.1449584960938
162.0600128173828,-495.1691284179688,147.9288330078125,169.07911682128906,-275.1239624023437,975.5635375976562,152.40745544433594,-405.8987426757813,510.2489013671875,276.9706115722656,-178.5953826904297,819.01513671875,-57.52491760253906,-33.30641555786133,147.08045959472656,-129.9627685546875,-232.95779418945312,984.5088500976562,-97.19225311279295,-128.047119140625,498.6301879882813,-154.8433837890625,-440.98345947265625,913.6695556640624
161.1562957763672,-501.9522705078125,147.99830627441406,169.78842163085938,-275.5470275878906,973.9437866210938,152.155029296875,-405.44671630859375,508.6085205078125,277.0870361328125,-177.95448303222656,817.1912841796875,-57.43542098999024,-24.640411376953125,147.72264099121094,-129.48764038085938,-233.8950958251953,982.904296875,-96.6156997680664,-125.5952606201172,497.8312683105469,-153.12681579589844,-441.192138671875,911.87548828125
160.1826629638672,-506.6424560546875,147.9580078125,170.5102081298828,-276.2079467773437,972.4874267578124,151.90023803710938,-405.2102661132813,507.1319885253906,277.2838439941406,-177.6686248779297,815.454345703125,-57.36856842041016,-16.140607833862305,148.5632781982422,-129.00582885742188,-235.03436279296875,981.3558349609376,-95.84747314453124,-123.5098648071289,497.0983581542969,-151.48056030273438,-441.0581970214844,909.7794799804688
159.1671905517578,-509.3231201171875,147.74801635742188,171.2464599609375,-277.1140441894531,971.220458984375,151.64100646972656,-405.162353515625,505.8253479003906,277.5678405761719,-177.7369384765625,813.8239135742188,-57.335235595703125,-7.822084426879883,149.62203979492188,-128.5093994140625,-236.37725830078125,979.8795776367188,-94.87889099121094,-121.81066131591795,496.457763671875,-149.91102600097656,-440.58111572265625,907.4016723632812
158.14073181152344,-510.1346130371094,147.34033203125,172.00057983398438,-278.266845703125,970.1646118164062,151.38128662109375,-405.2677917480469,504.6865539550781,277.94390869140625,-178.1576690673828,812.3185424804688,-57.3480224609375,0.2958970963954925,150.9143524169922,-127.98926544189452,-237.9247894287109,978.4904174804688,-93.71394348144533,-120.52740478515624,495.9293823242188,-148.4243621826172,-439.76177978515625,904.765625
157.1360321044922,-509.2651977539063,146.7362060546875,172.7771759033203,-279.6614685058594,969.336669921875,151.13124084472656,-405.4891052246094,503.7082824707031,278.4150695800781,-178.92831420898438,810.95556640625,-57.42034530639648,8.18791675567627,152.45172119140625,-127.4356689453125,-239.6763610839844,977.201416015625,-92.37100219726562,-119.7002182006836,495.5241394042969,-147.0265655517578,-438.60296630859375,901.8981323242188
156.18641662597656,-506.938720703125,145.96017456054688,173.581787109375,-281.2864990234375,968.7484741210938,150.90670776367188,-405.7919616699219,502.8810424804688,278.9822998046875,-180.04580688476562,809.750732421875,-57.565460205078125,15.82028102874756,154.24252319335938,-126.83871459960938,-241.62864685058597,976.0235595703124,-90.88382720947266,-119.3787841796875,495.24212646484375,-145.72337341308594,-437.1092224121094,898.8287353515625
155.32379150390625,-503.3986511230469,145.0515594482422,174.42050170898438,-283.12408447265625,968.4066162109376,150.72848510742188,-406.1489562988281,502.1958312988281,279.6445617675781,-181.5066680908203,808.718017578125,-57.79545211791992,23.14902687072754,156.29315185546875,-126.1889877319336,-243.77456665039065,974.9650268554688,-89.30132293701172,-119.620361328125,495.0719909667969,-144.52024841308594,-435.2872314453125,895.5895385742188
154.57583618164062,-498.88970947265625,144.0553436279297,175.2993621826172,-285.1503601074219,968.31298828125,150.62106323242188,-406.5413208007813,501.6458740234375,280.3988647460937,-183.3071746826172,807.8695068359375,-58.12033462524414,30.11833381652832,158.60911560058594,-125.47815704345705,-246.1022491455078,974.0314331054688,-87.6857681274414,-120.48629760742188,494.9911804199219,-143.42233276367188,-433.14599609375,892.2149047851562
153.9629669189453,-493.6393127441406,143.01470947265625,176.22390747070312,-287.3362121582031,968.4644775390624,150.61105346679688,-406.9587097167969,501.2272033691406,281.2403259277344,-185.4434356689453,807.2152099609375,-58.5472412109375,36.659576416015625,161.1962432861328,-124.69963836669922,-248.5943145751953,973.2254028320312,-86.10922241210938,-122.03723907470705,494.9676513671875,-142.4343719482422,-430.6968383789063,888.7406616210938
153.49554443359375,-487.8414306640625,141.96731567382812,177.19850158691406,-289.6483459472656,968.8534545898438,150.72515869140625,-407.3961791992188,500.937744140625,282.1622619628906,-187.91143798828125,806.76318359375,-59.07989501953125,42.6912727355957,164.0615997314453,-123.84910583496094,-251.22740173339844,972.5468139648438,-84.64883422851562,-124.32805633544922,494.9620056152344,-141.56065368652344,-427.9534301757813,885.203857421875
153.17242431640625,-481.6462097167969,140.9447784423828,178.2259063720703,-292.0505676269531,969.4681396484376,150.98779296875,-407.8494873046875,500.7749938964844,283.156494140625,-190.7069396972656,806.5194702148438,-59.71831130981445,48.12002182006836,167.21392822265625,-122.9249267578125,-253.97198486328125,971.9932250976562,-83.38153076171875,-127.40331268310548,494.9303283691406,-140.80496215820312,-424.9320068359375,881.64208984375
152.98104858398438,-475.15631103515625,139.97349548339844,179.30667114257812,-294.50506591796875,970.2930908203124,151.41827392578125,-408.3088989257813,500.7331237792969,284.2134094238281,-193.8253936767578,806.48828125,-60.458621978759766,52.842529296875,170.66371154785156,-121.928466796875,-256.7927551269531,971.5602416992188,-82.37818145751953,-131.293701171875,494.8275451660156,-140.17051696777344,-421.6510620117188,878.0928955078125
152.8991241455078,-468.4298706054688,139.07481384277344,180.4388885498047,-296.973876953125,971.3092041015624,152.0281219482422,-408.7524719238281,500.8002624511719,285.3222045898437,-197.2617950439453,806.672119140625,-61.29301071166992,56.74887847900391,174.422607421875,-120.86416625976562,-259.64923095703125,971.2420043945312,-81.69776153564453,-136.0135955810547,494.6111755371094,-139.6599578857422,-418.1313171386719,874.59326171875
152.89747619628906,-461.4881591796875,138.264892578125,181.61801147460935,-299.4200439453125,972.4946899414062,152.81883239746094,-409.1406555175781,500.9567565917969,286.47125244140625,-201.01055908203125,807.07177734375,-62.20999526977539,59.72703552246094,178.5023193359375,-119.73947143554688,-262.4970397949219,971.0322265625,-81.3820571899414,-141.55982971191406,494.2451477050781,-139.2753448486328,-414.3956298828125,871.178955078125
152.9439697265625,-454.3260192871094,137.5541229248047,182.83688354492188,-301.80865478515625,973.8256225585938,153.78077697753906,-409.4130554199219,501.1753540039063,287.6482238769531,-205.06527709960935,807.6867065429688,-63.19498825073242,61.66840362548828,182.9122467041016,-118.56448364257812,-265.2894897460937,970.9244995117188,-81.45184326171875,-147.91207885742188,493.7037048339844,-139.01808166503906,-410.4686279296875,867.8838500976562
153.00746154785156,-446.9227600097656,136.94699096679688,184.0861053466797,-304.1073608398437,975.2765502929688,154.89366149902344,-409.4884948730469,501.4228820800781,288.84039306640625,-209.41873168945312,808.5150756835938,-64.23091125488281,62.4743766784668,187.65631103515625,-117.35140991210938,-267.979736328125,970.913330078125,-81.90492248535156,-155.03428649902344,492.9748840332031,-138.88897705078125,-406.3764953613281,864.7398681640625
153.0613250732422,-439.2526245117188,136.44203186035156,185.3544921875,-306.2867431640625,976.8215942382812,156.12840270996094,-409.2690124511719,501.6633911132813,290.03485107421875,-214.0626220703125,809.5538330078125,-65.29888153076172,62.06350326538086,192.72935485839844,-116.11375427246094,-270.5231628417969,970.994384765625,-82.7158203125,-162.8769073486328,492.06390380859375,-138.88818359375,-402.14642333984375,861.7760009765625
153.0860137939453,-431.2931518554688,136.032470703125,186.6297912597656,-308.3204345703125,978.4352416992188,157.45028686523438,-408.646728515625,501.8616638183594,291.21875,-218.98753356933597,810.7988891601562,-66.37909698486328,60.37852096557617,198.1137237548828,-114.86566925048828,-272.8793334960937,971.1653442382812,-83.83749389648438,-171.37962341308594,490.9958801269531,-139.01513671875,-397.806396484375,859.0183715820312
153.07015991210938,-423.0313415527344,135.70721435546875,187.89923095703125,-310.1852111816406,980.0928955078124,158.82275390625,-407.5137023925781,501.9869384765625,292.3794860839844,-224.1828155517578,812.2451171875,-67.45199584960938,57.39250564575195,203.77685546875,-113.62135314941406,-275.01373291015625,971.4260864257812,-85.20514678955078,-180.4745330810547,489.8173828125,-139.26852416992188,-393.3845520019531,856.48974609375
153.0104522705078,-414.4669799804688,135.4522705078125,189.15040588378903,-311.8607177734375,981.7715454101562,160.2112579345703,-405.7728576660156,502.01568603515625,293.50506591796875,-229.63653564453125,813.8865966796875,-68.49934387207031,53.113277435302734,209.6700897216797,-112.3944854736328,-276.8988952636719,971.7786865234376,-86.74182891845703,-190.08953857421875,488.5956115722656,-139.6461639404297,-388.9086608886719,854.2092895507812
152.91043090820312,-405.61334228515625,135.2522430419922,190.3719940185547,-313.32958984375,983.4503784179688,161.58653259277344,-403.3487854003906,501.9337158203125,294.5840759277344,-235.33551025390625,815.7167358398438,-69.5050048828125,47.58501815795898,215.7294769287109,-111.19767761230467,-278.51544189453125,972.227294921875,-88.36503601074219,-200.15138244628903,487.41546630859375,-140.14488220214844,-384.4057312011719,852.1923217773438
152.7788543701172,-396.4953308105469,135.091796875,191.5543975830078,-314.5769958496094,985.1105346679688,162.9268035888672,-400.1964416503906,501.73736572265625,295.6060791015625,-241.2653045654297,817.7278442382812,-70.4552993774414,40.88603210449219,221.8782196044922,-110.0419921875,-279.8529357910156,972.7777099609376,-89.9935073852539,-210.58778381347656,486.3739013671875,-140.7604217529297,-379.9015808105469,850.4503784179688
152.6276092529297,-387.1463928222656,134.95703125,192.6903839111328,-315.5906982421875,986.7357788085938,164.21852111816406,-396.3064575195313,501.4332885742188,296.56170654296875,-247.4102935791016,819.9118041992188,-71.33912658691406,33.12237548828125,228.0296936035156,-108.93648529052734,-280.9100341796875,973.4367065429688,-91.55341339111328,-221.3285980224609,485.5730285644531,-141.4872589111328,-375.4202880859375,848.9907836914062
152.46946716308594,-377.6044921875,134.8365020751953,193.77528381347656,-316.3610534667969,988.311767578125,165.45535278320312,-391.7054748535156,501.0371398925781,297.4427795410156,-253.7538299560547,822.2593994140625,-72.14804077148438,24.418088912963867,234.0897216796875,-107.88795471191406,-281.69439697265625,974.2111206054688,-92.98307037353516,-232.305419921875,485.1116943359375,-142.3184814453125,-370.9840393066406,847.8165893554688
152.31622314453125,-367.9085388183594,134.72195434570312,194.8071136474609,-316.88104248046875,989.8260498046876,166.63571166992188,-386.45208740234375,500.5709228515625,298.242431640625,-260.2782897949219,824.7605590820312,-72.8761978149414,14.90316104888916,239.95733642578125,-106.90089416503906,-282.22174072265625,975.1067504882812,-94.23577117919922,-243.4501495361328,485.0773010253906,-143.24571228027344,-366.6128540039063,846.9267578125
152.1770782470703,-358.0951843261719,134.60862731933594,195.78631591796875,-317.1466064453125,991.2677001953124,167.7595977783203,-380.6288757324219,500.059814453125,298.9552001953125,-266.9653015136719,827.4044189453125,-73.52015686035156,4.701401710510254,245.52430725097656,-105.9776382446289,-282.5144958496094,976.1275634765624,-95.28070068359376,-254.69287109375,485.537841796875,-144.25901794433594,-362.3241882324219,846.3156127929688
152.0576171875,-348.1966247558594,134.49508666992188,196.7152557373047,-317.15679931640625,992.626953125,168.82516479492188,-374.3322143554688,499.529052734375,299.5770874023437,-273.7958374023437,830.1790161132812,-74.07852935791016,-6.079159736633301,250.67486572265625,-105.1186752319336,-282.6001892089844,977.2745361328124,-96.10277557373048,-265.96051025390625,486.535888671875,-145.34695434570312,-358.13311767578125,845.9733276367188
151.95938110351562,-338.2396240234375,134.3826141357422,197.5976104736328,-316.9141540527344,993.894775390625,169.8264617919922,-367.6613464355469,499.0011596679688,300.10546875,-280.7504577636719,833.0714721679688,-74.55181884765625,-17.35137367248535,255.28802490234372,-104.32315826416016,-282.5094299316406,978.544921875,-96.70156860351562,-277.1766662597656,488.0847473144531,-146.4966278076172,-354.0519104003906,845.8858032226562
151.8802490234375,-328.24517822265625,134.2742156982422,198.4376220703125,-316.4247741699219,995.0630493164062,170.75238037109375,-360.7085571289063,498.4937744140625,300.5391540527344,-287.8095092773437,836.0676879882812,-74.94252014160156,-29.049724578857425,259.24298095703125,-103.58942413330078,-282.27398681640625,979.9313354492188,-97.0893096923828,-288.2625427246094,490.1673583984375,-147.69387817382812,-350.0903015136719,846.034912109375
151.81521606445312,-318.2290954589844,134.17355346679688,199.23919677734372,-315.6986389160156,996.1239624023438,171.58795166015625,-353.5514831542969,498.0187072753906,300.8781433105469,-294.9531555175781,839.1527099609375,-75.2557373046875,-41.1285285949707,262.4261169433594,-102.91553497314452,-281.92510986328125,981.4216918945312,-97.28780364990234,-299.139404296875,492.73834228515625,-148.92344665527344,-346.2554626464844,846.398681640625
151.75767517089844,-308.2029113769531,134.0839385986328,200.0053253173828,-314.7493591308594,997.0704956054688,172.31744384765625,-346.2486267089844,497.5816345214844,301.1236267089844,-302.16162109375,842.3106689453125,-75.4999771118164,-53.55953598022461,264.7382202148437,-102.29972839355467,-281.4917907714844,982.9990844726562,-97.3246078491211,-309.732177734375,495.7284851074219,-150.16929626464844,-342.55206298828125,846.951904296875
151.70079040527344,-298.1751708984375,134.0075225830078,200.7374420166016,-313.5940856933594,997.8961791992188,172.92872619628906,-338.8382873535156,497.1829833984375,301.277587890625,-309.41534423828125,845.524658203125,-75.68748474121094,-66.32964324951172,266.1001281738281,-101.74072265625,-280.9996032714844,984.641845703125,-97.228759765625,-319.9732360839844,499.05126953125,-151.4149932861328,-338.98260498046875,847.6665649414062
151.638671875,-288.1523132324219,133.94497680664062,201.4351043701172,-312.25311279296875,998.5953369140624,173.41702270507812,-331.3409423828125,496.8191223144531,301.3428649902344,-316.695068359375,848.7770385742188,-75.83356475830078,-79.43854522705078,266.4567565917969,-101.23789978027344,-280.46978759765625,986.3244018554688,-97.02660369873048,-329.8046875,502.6104431152344,-152.6441192626953,-335.5474853515625,848.51220703125
151.56704711914062,-278.139404296875,133.89561462402344,202.095947265625,-310.7492370605469,999.1631469726562,173.78668212890625,-323.7640380859375,496.4841003417969,301.3226928710937,-323.98193359375,852.049560546875,-75.95498657226562,-92.89566802978516,265.77947998046875,-100.79133605957033,-279.9186706542969,988.0181274414062,-96.7383804321289,-339.1788635253906,506.3078918457031,-153.84071350097656,-332.24542236328125,849.45703125
151.4834747314453,-268.1404113769531,133.8578338623047,202.7158203125,-309.1073303222656,999.5958862304688,174.05035400390625,-316.1078796386719,496.1708068847656,301.2206420898437,-331.25762939453125,855.323486328125,-76.06776428222656,-106.71665954589844,264.067138671875,-100.40166473388672,-279.3576965332031,989.6922607421876,-96.37593841552734,-348.0567932128906,510.05023193359375,-154.98965454101562,-329.0736389160156,850.4682006835938
151.38699340820312,-258.15802001953125,133.82962036132812,203.2891845703125,-307.3538513183594,999.8909301757812,174.22605895996094,-308.37164306640625,495.8721923828125,301.0404968261719,-338.50421142578125,858.5797119140625,-76.1854248046875,-120.92076873779295,261.3455810546875,-100.0699462890625,-278.7937927246094,991.3153076171876,-95.94200897216795,-356.4060363769531,513.7537841796875,-156.07713317871094,-326.028076171875,851.5128173828125
151.27755737304688,-248.1934356689453,133.80905151367188,203.8096160888672,-305.5162353515625,1000.0469970703124,174.3332977294922,-300.5579528808594,495.5818481445313,300.78594970703125,-345.7043151855469,861.7988891601562,-76.31843566894531,-135.529296875,257.6657409667969,-99.79744720458984,-278.23004150390625,992.8560180664062,-95.43128204345705,-364.19866943359375,517.3468627929688,-157.09095764160156,-323.1037902832031,852.558349609375
151.1555633544922,-238.2461700439453,133.7945556640625,204.27032470703125,-303.6222229003906,1000.0638427734376,174.38951110839844,-292.6762084960937,495.2942199707031,300.4604797363281,-352.84088134765625,864.9619140625,-76.47413635253906,-150.56480407714844,253.1010589599609,-99.58544158935548,-277.6664428710937,994.2847900390624,-94.83331298828124,-371.4098510742188,520.7691040039062,-158.02093505859375,-320.2950744628906,853.5736694335938
151.02137756347656,-228.31439208984372,133.7851104736328,204.6646270751953,-301.6994323730469,999.9422607421876,174.40724182128906,-284.7444763183594,495.0047912597656,300.0673522949219,-359.8974304199219,868.0498657226562,-76.6571273803711,-166.05029296875,247.7446136474609,-99.43498992919922,-277.1009216308594,995.57421875,-94.13668823242188,-378.0174560546875,523.9690551757812,-158.8590545654297,-317.5957946777344,854.5293579101562
150.8750457763672,-218.39540100097656,133.78021240234375,204.9863739013672,-299.774658203125,999.6841430664062,174.3930206298828,-276.789794921875,494.7101440429688,299.6093139648437,-366.857666015625,871.0441284179688,-76.86965942382812,-182.0084686279297,241.70616149902344,-99.34681701660156,-276.53009033203125,996.7003173828124,-93.33312225341795,-384.0021057128906,526.9013671875,-159.5997314453125,-314.9996032714844,855.3982543945312
150.71612548828125,-208.4866485595703,133.77969360351562,205.2302703857422,-297.8734741210937,999.2919921875,174.34756469726562,-268.8471374511719,494.4080200195313,299.08868408203125,-373.7057495117188,873.927001953125,-77.112060546875,-198.45957946777344,235.1092987060547,-99.32122802734376,-275.9501037597656,997.642578125,-92.4205093383789,-389.3471374511719,529.5245361328125,-160.2399139404297,-312.5000305175781,856.156005859375
150.54367065429688,-198.5868225097656,133.78359985351562,205.3921356201172,-296.0199279785156,998.769287109375,174.26742553710938,-260.9578857421875,494.0971374511719,298.5072937011719,-380.4260559082031,876.6812744140625,-77.38282775878906,-215.4182586669922,228.08872985839844,-99.35809326171876,-275.3573608398437,998.3843383789062,-91.4046630859375,-394.0388488769531,531.7996826171875,-160.77903747558594,-310.0907287597656,856.7811889648438
150.35671997070312,-188.6965789794922,133.79232788085938,205.4691467285156,-294.2361755371094,998.1199951171876,174.1472625732422,-253.16744995117188,493.7770080566406,297.8663024902344,-387.003173828125,879.2908935546875,-77.67862701416016,-232.88897705078125,220.7875061035156,-99.45690155029295,-274.7492370605469,998.9132690429688,-90.2997817993164,-398.0672607421875,533.6904296875,-161.21913146972656,-307.7655944824219,857.255615234375
150.15484619140625,-178.81866455078125,133.80673217773438,205.45985412597656,-292.5421447753906,997.3488159179688,173.9826202392578,-245.5224151611328,493.4476623535156,297.1664733886719,-393.4219970703125,881.7405395507812,-77.99404907226562,-250.8612518310547,213.35372924804688,-99.61679077148438,-274.1247863769531,999.2207641601562,-89.12776947021484,-401.4267272949219,535.1634521484375,-161.56455993652344,-305.5188903808594,857.5643310546875
149.938720703125,-168.9573974609375,133.82821655273438,205.3644256591797,-290.9554138183594,996.4611206054688,173.7722625732422,-238.0675048828125,493.1092834472656,296.40789794921875,-399.6676330566406,884.0161743164062,-78.32129669189453,-269.3054504394531,205.9369964599609,-99.83651733398438,-273.4851989746094,999.3023681640624,-87.91667175292969,-404.1170654296875,536.1898193359375,-161.82196044921875,-303.3453674316406,857.69580078125
149.7106475830078,-159.11819458007812,133.85887145996094,205.1845245361328,-289.49090576171875,995.4629516601562,173.51971435546875,-230.84266662597656,492.7619323730469,295.59033203125,-405.7254333496094,886.104736328125,-78.64981079101562,-288.1693115234375,198.6843414306641,-100.11444854736328,-272.8344421386719,999.157470703125,-86.69867706298828,-406.1447448730469,536.7467651367188,-162.0,-301.2403564453125,857.6416015625
149.47476196289062,-149.30694580078125,133.9015655517578,204.9234771728516,-288.16094970703125,994.3610229492188,173.23373413085938,-223.88082885742188,492.4055786132813,294.71295166015625,-411.58111572265625,887.9945678710938,-78.96586608886719,-307.3759460449219,191.73585510253903,-100.44845581054688,-272.17938232421875,998.7891235351562,-85.50778198242188,-407.5238342285156,536.8193969726562,-162.10910034179688,-299.1997985839844,857.3966674804688
149.23715209960938,-139.52957153320312,133.96014404296875,204.58612060546875,-286.9753112792969,993.1625366210938,172.92787170410156,-217.20677185058597,492.0398559570313,293.774658203125,-417.220703125,889.6748657226562,-79.25232696533203,-326.8228759765625,185.2202911376953,-100.83588409423828,-271.5301513671875,998.2041625976562,-84.37745666503906,-408.2774658203125,536.4033203125,-162.1612091064453,-297.220458984375,856.95849609375
149.0054931640625,-129.79222106933594,134.03955078125,204.17872619628903,-285.94140625,991.8753662109376,172.61929321289062,-210.8370819091797,491.6639099121094,292.7739562988281,-422.6306457519531,891.1363525390625,-79.48893737792969,-346.3825378417969,179.25035095214844,-101.2734603881836,-270.8998413085937,997.4129638671876,-83.33836364746094,-408.4384765625,535.5062866210938,-162.16949462890625,-295.2998352050781,856.3276977539062
148.7884979248047,-120.10191345214844,134.1461181640625,203.7087860107422,-285.06451416015625,990.5076904296876,172.32705688476562,-204.78099060058597,491.27630615234375,291.7091064453125,-427.79779052734375,892.3709716796875,-79.65296173095703,-365.90472412109375,173.91859436035156,-101.75729370117188,-270.3043518066406,996.4293212890624,-82.41638946533203,-408.0502624511719,534.1499633789062,-162.1480255126953,-293.4363098144531,855.5072021484375
148.59515380859375,-110.46685028076172,134.28756713867188,203.18472290039065,-284.34814453125,989.0682373046876,172.06991577148438,-199.04183959960935,490.874755859375,290.578125,-432.7095336914063,893.3720092773438,-79.72036743164062,-385.2199096679688,169.29345703125,-102.28295135498048,-269.7618103027344,995.2705078125,-81.63088989257812,-407.1672058105469,532.3707275390625,-162.111572265625,-291.629150390625,854.5023193359375
148.43399047851562,-100.89651489257812,134.47293090820312,202.61558532714844,-283.7943725585937,987.5661010742188,171.8640899658203,-193.618896484375,490.45611572265625,289.3790588378906,-437.3536376953125,894.1342163085938,-79.66728210449219,-404.14300537109375,165.4158477783203,-102.84557342529295,-269.2920227050781,993.9566650390624,-80.99351501464844,-405.8547973632813,530.2190551757812,-162.07521057128906,-289.8786315917969,853.3204956054688
148.31192016601562,-91.4012222290039,134.71234130859375,202.0105133056641,-283.404296875,986.010498046875,171.72113037109375,-188.5091094970703,490.0160217285156,288.1098022460937,-441.7184143066406,894.65380859375,-79.47168731689453,-422.477783203125,162.29620361328125,-103.44015502929688,-268.9158020019531,992.510986328125,-80.50735473632812,-404.1897888183594,527.7577514648438,-162.0541229248047,-288.1859436035156,851.9711303710938
148.23333740234375,-81.99150848388672,135.01681518554688,201.3782501220703,-283.1783142089844,984.4109497070312,171.6461639404297,-183.70843505859372,489.549072265625,286.7684936523437,-445.7926330566406,894.9288330078125,-79.11505889892578,-440.02154541015625,159.91322326660156,-104.061767578125,-268.654296875,990.958984375,-80.16664123535156,-402.2599182128906,525.0587158203125,-162.0633544921875,-286.55328369140625,850.4653930664062
148.19955444335938,-72.677734375,135.39837646484375,200.7265625,-283.1164855957031,982.7766723632812,171.63621520996094,-179.21266174316406,489.0490112304688,285.353515625,-449.5655517578125,894.9590454101562,-78.58350372314453,-456.5708923339844,158.21453857421875,-104.7057876586914,-268.52838134765625,989.3281860351562,-79.95702362060547,-400.1632995605469,522.1995239257812,-162.11744689941406,-284.9837646484375,848.8162231445312
148.20851135253906,-63.46988677978516,135.87008666992188,200.0617218017578,-283.2189636230469,981.1166381835938,171.67933654785156,-175.01788330078125,488.509033203125,283.8636474609375,-453.0268249511719,894.74609375,-77.86832427978516,-471.9278259277344,157.1201629638672,-105.3681182861328,-268.5578308105469,987.6478271484376,-79.85643005371094,-398.0066223144531,519.2591552734375,-162.23031616210938,-283.4815673828125,847.0380859375
148.25486755371094,-54.37736129760742,136.44602966308594,199.38803100585935,-283.486328125,979.439453125,171.75439453125,-171.12127685546875,487.9227600097656,282.2982482910156,-456.1665954589844,894.2938232421875,-76.9660873413086,-485.9071960449219,156.528564453125,-106.04534912109376,-268.7608337402344,985.9478759765624,-79.83635711669922,-395.9020385742188,516.315185546875,-162.4149169921875,-282.0517578125,845.1470947265625
148.33029174804688,-45.40889739990234,137.1411590576172,198.707763671875,-283.919921875,977.7532958984376,171.83164978027344,-167.52175903320312,487.2847290039063,280.65753173828125,-458.9754333496094,893.6080322265625,-75.8785171508789,-498.3450927734375,156.3247833251953,-106.7348175048828,-269.1532592773437,984.2587280273438,-79.86347198486328,-393.962646484375,513.441162109375,-162.68304443359375,-280.70025634765625,843.1607055664062
148.42379760742188,-36.57259368896485,137.9709014892578,198.02114868164065,-284.52166748046875,976.0662841796876,171.87464904785156,-164.2210693359375,486.5914001464844,278.9424743652344,-461.4443054199219,892.6968383789062,-74.61248779296875,-509.10736083984375,156.38980102539062,-107.43473052978516,-269.7480163574219,982.6106567382812,-79.90149688720703,-392.2965087890625,510.7048034667969,-163.0450897216797,-279.4339294433594,841.0979614257812
148.52252197265625,-27.87617492675781,138.95050048828125,197.32676696777344,-285.2938537597656,974.3868408203124,171.84280395507812,-161.2246551513672,485.8418273925781,277.1552124023437,-463.564697265625,891.5706176757812,-73.18024444580078,-518.0975341796875,156.60972595214844,-108.14410400390624,-270.5544128417969,981.0330810546876,-79.91352844238281,-391.0001831054688,508.1664733886719,-163.50982666015625,-278.2603454589844,838.9790649414062
148.61253356933594,-19.32755470275879,140.0943603515625,196.6217498779297,-286.23883056640625,972.7239990234376,171.69515991210938,-158.54270935058594,485.0381774902344,275.2990417480469,-465.32861328125,890.24169921875,-71.59986877441406,-525.26318359375,156.88397216796875,-108.8627471923828,-271.57763671875,979.554443359375,-79.8651351928711,-390.1531066894531,505.8782043457031,-164.084228515625,-277.1877746582031,836.82568359375
148.67984008789062,-10.93568992614746,141.41526794433594,195.9022521972656,-287.3583068847656,971.08740234375,171.39456176757812,-156.19102478027344,484.1857604980469,273.37847900390625,-466.7286682128906,888.7247314453125,-69.89579772949219,-530.5999755859375,157.1311798095703,-109.5911865234375,-272.8182067871094,978.2014770507812,-79.7280502319336,-389.8130187988281,503.8833923339844,-164.7732696533203,-276.2251892089844,834.6605834960938
148.7117462158203,-2.711846113204956,142.92405700683594,195.16372680664065,-288.6528625488281,969.487548828125,170.9122314453125,-154.19175720214844,483.2927856445313,271.3993835449219,-467.7581481933594,887.0362548828125,-68.09922790527344,-534.15234375,157.292236328125,-110.33053588867188,-274.2716064453125,976.9990234375,-79.48397064208984,-390.0134887695313,502.2169189453125,-165.5797576904297,-275.38201904296875,832.5073852539062
148.69898986816406,5.328493595123291,144.63047790527344,194.4013671875,-290.1213073730469,967.9356689453124,170.23190307617188,-152.57424926757812,482.36962890625,269.36895751953125,-468.4112243652344,885.1943969726562,-66.24845886230469,-536.01123046875,157.3299560546875,-111.08234405517578,-275.92828369140625,975.9696655273438,-79.12772369384766,-390.7630310058594,500.9051513671875,-166.50428771972656,-274.66815185546875,830.3906860351562
148.63796997070312,13.163456916809082,146.54432678222656,193.61058044433597,-291.7597961425781,966.4435424804688,169.35305786132812,-151.37554931640625,481.42779541015625,267.2958374023437,-468.6830749511719,883.2188720703125,-64.38896179199219,-536.3076171875,157.2262420654297,-111.84846496582033,-277.7735290527344,975.1331787109376,-78.66943359375,-392.04583740234375,499.96630859375,-167.54507446289062,-274.09375,828.3355102539062
148.53207397460938,20.76300048828125,148.67633056640625,192.7873687744141,-293.5613098144531,965.0232543945312,168.29263305664062,-150.64010620117188,480.478515625,265.1898193359375,-468.570068359375,881.130615234375,-62.57270431518555,-535.2034912109375,156.977783203125,-112.63086700439452,-279.7879638671875,974.5061645507812,-78.13526916503906,-393.8240051269531,499.4098815917969,-168.697998046875,-273.66912841796875,826.3672485351562
148.39199829101562,28.08772850036621,151.03858947753906,191.92877197265625,-295.51470947265625,963.6868896484376,167.0849151611328,-150.41831970214844,479.5315551757813,263.0621337890625,-468.0699157714844,878.9512329101562,-60.85576629638672,-532.8807983398438,156.5916748046875,-113.43151092529295,-281.94830322265625,974.1013793945312,-77.56654357910156,-396.04095458984375,499.236083984375,-169.95657348632812,-273.4046325683594,824.5111694335938
148.23541259765625,35.087989807128906,153.64492797851562,191.0332489013672,-297.6043701171875,962.4462280273438,165.78025817871094,-150.76454162597656,478.5938720703125,260.9250183105469,-467.181884765625,876.702880859375,-59.29463195800781,-529.5283203125,156.08200073242188,-114.25225830078124,-284.22808837890625,973.9273071289062,-77.01712799072266,-398.6248474121094,499.4337463378906,-171.31211853027344,-273.3104553222656,822.7920532226562
148.08583068847656,41.70321273803711,156.5106964111328,190.1008758544922,-299.8097839355469,961.312255859375,164.44277954101562,-151.7347412109375,477.6688232421875,258.7917785644531,-465.9069519042969,874.4077758789062,-57.94131851196289,-525.328369140625,155.4669647216797,-115.09467315673828,-286.5988464355469,973.9874877929688,-76.54914093017578,-401.4923706054688,499.9780883789063,-172.7538299560547,-273.3965759277344,821.2337646484375
147.97071838378906,47.86182403564453,159.65216064453125,189.13351440429688,-302.1051940917969,960.2948608398438,163.14698791503906,-153.38377380371094,476.7552795410156,256.6766662597656,-464.2479248046875,872.087890625,-56.83776473999024,-520.44482421875,154.7665252685547,-115.95996856689452,-289.0311279296875,974.2799682617188,-76.22715759277344,-404.5513305664063,500.8277282714844,-174.26905822753906,-273.6723937988281,819.8589477539062
147.91912841796875,53.48189163208008,163.0854949951172,188.1348876953125,-304.46002197265625,959.4024047851562,161.9730987548828,-155.7620849609375,475.8474731445313,254.59457397460935,-462.2095336914063,869.7645874023438,-56.01042938232422,-515.0147094726562,154.0010528564453,-116.84880828857422,-291.4954833984375,974.7974243164062,-76.11116790771484,-407.7026062011719,501.9228820800781,-175.84359741210938,-274.1467590332031,818.6882934570312
147.95921325683594,58.47247314453125,166.82537841796875,187.11038208007807,-306.8393249511719,958.6417846679688,161.0012969970703,-158.9118194580078,474.9351501464844,252.56103515625,-459.798583984375,867.458251953125,-55.46637344360352,-509.1432495117188,153.19093322753906,-117.76122283935548,-293.9633483886719,975.5267333984376,-76.24910736083984,-410.8411865234375,503.1858825683594,-177.46200561523438,-274.82763671875,817.7404174804688
148.11566162109375,62.73574447631836,170.8832244873047,186.06675720214844,-309.2049865722656,958.0181884765624,160.30511474609375,-162.8627471923828,474.0044860839844,250.5919342041016,-457.02386474609375,865.1879272460938,-55.19197082519531,-502.9028625488281,152.35671997070312,-118.69646453857422,-296.4075622558594,976.4500122070312,-76.66991424560547,-413.85693359375,504.5249938964844,-179.1079864501953,-275.7220153808594,817.0311279296875
148.4073486328125,66.17005157470703,175.2650604248047,185.01177978515625,-311.5172119140625,957.5352172851562,159.9444580078125,-167.6289825439453,473.0401306152344,248.703369140625,-453.8960876464844,862.9713134765625,-55.15464401245117,-496.3351135253906,151.5192108154297,-119.65294647216795,-298.8025207519531,977.5450439453124,-77.37860107421875,-416.6355285644531,505.8424072265625,-180.76483154296875,-276.8356018066406,816.5733032226562
148.84530639648438,68.67391204833984,179.96905517578125,183.95364379882807,-313.7362365722656,957.195068359375,159.9597930908203,-173.20677185058594,472.0279846191406,246.9114227294922,-450.4279174804688,860.82421875,-55.30730438232422,-489.4552001953125,150.6990966796875,-120.6282196044922,-301.124267578125,978.7865600585938,-78.35457611083984,-419.0605773925781,507.0444946289063,-182.4158172607422,-278.1726989746094,816.3765258789062
149.43170166015625,70.15088653564453,184.9830017089844,182.9004364013672,-315.8241577148437,956.998779296875,160.36795043945312,-179.57400512695312,470.9588928222656,245.23194885253903,-446.633544921875,858.7608032226562,-55.59451675415039,-482.2588195800781,149.9163360595703,-121.61905670166016,-303.349853515625,980.1478881835938,-79.55371856689453,-421.01666259765625,508.0523071289063,-184.04458618164065,-279.7359924316406,816.4468383789062
150.15933227539062,70.51530456542969,190.2818145751953,181.8595428466797,-317.74658203125,956.9468383789062,161.160888671875,-186.691162109375,469.8326110839844,243.6803436279297,-442.5286560058594,856.7933349609375,-55.95916366577149,-474.7308654785156,149.18893432617188,-122.6215362548828,-305.4569702148437,981.6018676757812,-80.91397857666016,-422.3934326171875,508.8102111816406,-185.63555908203125,-281.5264892578125,816.7869262695312
151.01217651367188,69.69853973388672,195.8258819580078,180.8371734619141,-319.4743347167969,957.03955078125,162.30738830566406,-194.5039520263672,468.6611328125,242.27130126953125,-438.1299743652344,854.9322509765625,-56.34843444824219,-466.8541564941406,148.5317840576172,-123.63129425048828,-307.4233093261719,983.1223754882812,-82.363037109375,-423.0901184082031,509.2906494140625,-187.1742706298828,-283.5433044433594,817.39599609375
151.96656799316406,67.65534973144531,201.5607147216797,179.83802795410156,-320.9847412109375,957.277587890625,163.75692749023438,-202.9470977783203,467.4705505371094,241.0185089111328,-433.4551086425781,853.1861572265625,-56.71839141845703,-458.6177673339844,147.95555114746094,-124.64376831054688,-309.22625732421875,984.68505859375,-83.82684326171875,-423.0202026367188,509.4952087402344,-188.64768981933597,-285.7837219238281,818.27001953125
152.99330139160156,64.36955261230469,207.4184417724609,178.86505126953125,-322.2628173828125,957.6624755859376,165.4451904296875,-211.9484100341797,466.30169677734375,239.9343414306641,-428.5220642089844,851.56201171875,-57.03693389892578,-450.0230407714844,147.4658660888672,-125.65448760986328,-310.8426208496094,986.26806640625,-85.23777770996094,-422.115966796875,509.45159912109375,-190.0444183349609,-288.2431640625,819.4021606445312
154.06011962890625,59.8581657409668,213.32113647460935,177.91949462890625,-323.30206298828125,958.1968994140624,167.29928588867188,-221.43231201171875,465.2084655761719,239.0295562744141,-423.34912109375,850.06494140625,-57.28512954711914,-441.0863037109375,147.06309509277344,-126.65936279296876,-312.2490234375,987.852294921875,-86.54163360595703,-420.332763671875,509.2072448730469,-191.3548889160156,-290.9152526855469,820.78271484375
155.13453674316406,54.1732177734375,219.18507385253903,177.0008544921875,-324.1046142578125,958.8847045898438,169.24288940429688,-231.3224639892578,464.25482177734375,238.3128967285156,-417.9544677734375,848.6986083984375,-57.45690155029297,-431.837890625,146.74266052246094,-127.65496063232422,-313.4222717285156,989.4212036132812,-87.70254516601562,-417.652587890625,508.8207092285156,-192.5715484619141,-293.7919921875,822.3998413085938
156.1867218017578,47.39980316162109,224.9251251220703,176.1068878173828,-324.68096923828125,959.73046875,171.200927734375,-241.54379272460935,463.5103454589844,237.7907867431641,-412.3562622070313,847.4650268554688,-57.55743408203125,-422.3184814453125,146.4958953857422,-128.63865661621094,-314.3401794433594,990.9608764648438,-88.70552825927734,-414.0864562988281,508.3523254394531,-193.68893432617188,-296.8638916015625,824.23974609375
157.19187927246094,39.64960861206055,230.4578857421875,175.2337646484375,-325.048828125,960.7386474609376,173.1036376953125,-252.0238494873047,463.0450744628906,237.46697998046875,-406.5722961425781,846.3646240234375,-57.600685119628906,-412.5745849609375,146.3112335205078,-129.6087188720703,-314.9825744628906,992.4593505859376,-89.55623626708984,-409.6746215820313,507.8556518554688,-194.7035980224609,-300.1201477050781,826.287109375
158.1314697265625,31.05031967163086,235.7028350830078,174.3762969970703,-325.2318420410156,961.9130859375,174.8899383544922,-262.6932983398437,462.9244079589844,237.34228515625,-400.6201477050781,845.3963623046875,-57.60638046264648,-402.6539916992188,146.1756134033203,-130.56434631347656,-315.33221435546875,993.906494140625,-90.2782211303711,-404.4839477539063,507.37158203125,-195.6141357421875,-303.5489501953125,828.5255126953125
158.99298095703125,21.732969284057617,240.58175659179688,173.52842712402344,-325.25738525390625,963.2551879882812,176.50985717773438,-273.4855041503906,463.2037963867188,237.4143829345703,-394.5171203613281,844.5576782226562,-57.59683990478516,-392.6021118164063,146.0760040283203,-131.5054168701172,-315.3757629394531,995.2935180664062,-90.9078598022461,-398.6027526855469,506.9254150390625,-196.4210205078125,-307.1377258300781,830.9373779296875
159.76853942871094,11.819561004638672,245.01727294921875,172.6837158203125,-325.1544189453125,964.7633666992188,177.9256591796875,-284.335693359375,463.9248962402344,237.6776885986328,-388.2802734375,843.8443603515625,-57.59381103515625,-382.4592895507813,146.00067138671875,-132.43234252929688,-315.1045227050781,996.6126098632812,-91.48776245117188,-392.1331787109375,506.5275268554688,-197.1263885498047,-310.8734130859375,833.5046997070312
160.45298767089844,1.413131594657898,248.93218994140625,171.83599853515625,-324.9514465332031,966.4317626953124,179.11175537109375,-295.17974853515625,465.1121215820313,238.12339782714844,-381.926513671875,843.2507934570312,-57.61583709716797,-372.2589416503906,145.9400177001953,-133.34559631347656,-314.51495361328125,997.8567504882812,-92.05956268310548,-385.1829223632813,506.1763000488281,-197.7338714599609,-314.7425537109375,836.2089233398438
161.04237365722656,-9.40825366973877,252.2501220703125,170.97982788085938,-324.67449951171875,968.2498168945312,180.0533905029297,-305.9532165527344,466.7711486816406,238.7395172119141,-375.47265625,842.7696533203125,-57.676387786865234,-362.026611328125,145.8870849609375,-134.24537658691406,-313.60888671875,999.0197143554688,-92.65716552734376,-377.8567199707031,505.8628540039063,-198.24826049804688,-318.7317199707031,839.0311889648438
161.53334045410156,-20.593006134033203,254.89752197265625,170.111083984375,-324.345947265625,970.2017822265624,180.7444305419922,-316.59100341796875,468.8883972167969,239.51116943359372,-368.93560791015625,842.3921508789062,-57.782752990722656,-351.78009033203125,145.8376007080078,-135.13128662109375,-312.39373779296875,1000.0955810546876,-93.3016586303711,-370.2493591308594,505.5762023925781,-198.6752166748047,-322.827392578125,841.952392578125
161.92332458496094,-32.113651275634766,256.80645751953125,169.22731018066406,-323.9833984375,972.2670288085938,181.1848297119141,-327.0276794433594,471.4320373535156,240.4208831787109,-362.3324279785156,842.1080322265625,-57.935821533203125,-341.5304260253906,145.78956604003906,-136.00205993652344,-310.8824157714844,1001.0789184570312,-93.99861145019533,-362.4401245117188,505.3078308105469,-199.0209808349609,-327.0162658691406,844.9534301757812
162.21148681640625,-43.96201705932617,257.91729736328125,168.32797241210938,-323.5990295410156,974.4201049804688,181.37828063964844,-337.1988220214844,474.354248046875,241.4491271972656,-355.6802673339844,841.905517578125,-58.13075637817383,-331.2834777832031,145.7427978515625,-136.8554229736328,-309.0930480957031,1001.964599609375,-94.73833465576172,-354.48956298828125,505.0544738769531,-199.2920684814453,-331.28515625,848.0149536132812
162.3995361328125,-56.143497467041016,258.18133544921875,167.41464233398438,-323.1994323730469,976.6312255859376,181.3303985595703,-347.0428466796875,477.5942077636719,242.5747528076172,-348.9965209960937,841.771728515625,-58.3582878112793,-321.04107666015625,145.69834899902344,-137.68797302246094,-307.0486145019531,1002.7479858398438,-95.4989242553711,-346.4388732910156,504.8189697265625,-199.49501037597656,-335.6211853027344,851.1177368164062
162.4925079345703,-68.67170715332031,257.5628662109375,166.4910125732422,-322.7857360839844,978.867431640625,181.0475006103516,-356.50323486328125,481.08209228515625,243.77561950683597,-342.2987060546875,841.6926879882812,-58.60626602172852,-310.80255126953125,145.65792846679688,-138.49530029296875,-304.7763671875,1003.4248046875,-96.25132751464844,-338.31121826171875,504.6092224121094,-199.6360626220703,-340.0115966796875,854.2423095703125
162.4990234375,-81.5643539428711,256.0411071777344,165.56292724609375,-322.354248046875,981.0933837890624,180.5361785888672,-365.5303039550781,484.74310302734375,245.0292205810547,-335.6044311523437,841.6534423828125,-58.86122512817383,-300.5657958984375,145.6234893798828,-139.27207946777344,-302.3070373535156,1003.9913940429688,-96.96524047851562,-330.115478515625,504.4354553222656,-199.72105407714844,-344.4439392089844,857.369384765625
162.4314422607422,-94.84068298339844,253.61264038085935,164.63812255859375,-321.89752197265625,983.2725219726562,179.8033447265625,-374.08209228515625,488.5013732910156,246.3132781982422,-328.9312744140625,841.6387329101562,-59.10973739624024,-290.3282165527344,145.5968780517578,-140.01226806640625,-299.6739501953125,1004.4446411132812,-97.61429595947266,-321.8515319824219,504.30712890625,-199.75521850585935,-348.9058532714844,860.4794921875
162.3055419921875,-108.5203094482422,250.2935485839844,163.72607421875,-321.40545654296875,985.3681640625,178.85694885253906,-382.124267578125,492.2834167480469,247.60633850097656,-322.2966613769531,841.6329345703125,-59.33953094482422,-280.0870666503906,145.57962036132812,-140.70938110351562,-296.9120483398437,1004.7822875976562,-98.1797103881836,-313.5160522460937,504.22998046875,-199.74301147460935,-353.38507080078125,863.5533447265625
162.1396484375,-122.62291717529295,246.12110900878903,162.83746337890625,-320.86669921875,987.3448486328124,177.7066192626953,-389.6290893554688,496.02044677734375,248.88829040527344,-315.7176208496094,841.6204833984375,-59.54038238525391,-269.84002685546875,145.57281494140625,-141.3568878173828,-294.05682373046875,1005.0029296875,-98.65170288085938,-305.1080627441406,504.2041320800781,-199.6881256103516,-357.8694763183594,866.571533203125
161.95303344726562,-137.16810607910156,241.1542205810547,161.9836883544922,-320.2696838378906,989.169189453125,176.36453247070312,-396.5740966796875,499.6498718261719,250.14077758789065,-309.2109069824219,841.5863647460938,-59.7047004699707,-259.5855407714844,145.57708740234375,-141.94857788085938,-291.143310546875,1005.1061401367188,-99.02906036376952,-296.632568359375,504.2243347167969,-199.5933380126953,-362.3468322753906,869.5149536132812
161.76412963867188,-152.17466735839844,235.47276306152344,161.17613220214844,-319.60369873046875,990.8108520507812,174.8462371826172,-402.94085693359375,503.1158447265625,251.34765625,-302.7925720214844,841.5162353515625,-59.82794570922852,-249.3228912353516,145.59268188476562,-142.4789581298828,-288.205078125,1005.0924072265624,-99.31761169433594,-288.1023254394531,504.2808532714844,-199.46060180664065,-366.8049926757813,872.3646850585938
161.58860778808594,-167.6591033935547,229.1759185791016,160.4256134033203,-318.8595886230469,992.2433471679688,173.17111206054688,-408.7140502929688,506.3693542480469,252.49514770507807,-296.47802734375,841.3968505859375,-59.90866470336914,-239.0523681640625,145.61947631835938,-142.94358825683594,-285.2735900878906,1004.9632568359376,-99.52835083007812,-279.53741455078125,504.3613586425781,-199.29098510742188,-371.2316284179688,875.1022338867188
161.43809509277344,-183.63357543945312,222.3796539306641,159.74176025390625,-318.0305480957031,993.4444580078124,171.36282348632812,-413.8809814453125,509.3677368164063,253.57208251953125,-290.2820129394531,841.216552734375,-59.94829559326172,-228.775390625,145.65721130371094,-143.33941650390625,-282.3777160644531,1004.720947265625,-99.6758041381836,-270.9638977050781,504.4524841308594,-199.08477783203125,-375.6142578125,877.70947265625
161.31924438476562,-200.1035003662109,215.2133636474609,159.13250732421875,-317.1125183105469,994.396728515625,169.44908142089844,-418.4318237304688,512.0744018554688,254.56988525390625,-284.2183532714844,840.9649658203125,-59.95074081420898,-218.49417114257807,145.70565795898438,-143.6649169921875,-279.54327392578125,1004.3685913085938,-99.77674865722656,-262.4116516113281,504.54095458984375,-198.8415069580078,-379.9403991699219,880.1690673828125
161.23341369628906,-217.06497192382807,207.8160858154297,158.60372924804688,-316.1044921875,995.0879516601562,167.4611053466797,-422.3599548339844,514.4581909179688,255.4826202392578,-278.30010986328125,840.6337890625,-59.92188262939453,-208.21153259277344,145.76467895507812,-143.9202880859375,-276.793212890625,1003.9099731445312,-99.84933471679688,-253.9119415283203,504.6148681640625,-198.56002807617188,-384.1972961425781,882.4644165039062
161.1766357421875,-234.50241088867188,200.3321533203125,158.15892028808594,-315.00885009765625,995.510986328125,165.43251037597656,-425.66259765625,516.4935302734375,256.3068542480469,-272.5394592285156,840.2164306640625,-59.86903762817383,-197.93060302734372,145.8343505859375,-144.10745239257812,-274.1475830078125,1003.3491821289062,-99.91226959228516,-245.4949951171875,504.6643371582031,-198.2386779785156,-388.3721618652344,884.5799560546875
161.13980102539062,-252.38619995117188,192.90689086914065,157.7991943359375,-313.831298828125,995.6640014648438,163.39788818359375,-428.3412780761719,518.1602783203125,257.0414733886719,-266.9478454589844,839.7084350585938,-59.80049896240234,-187.6546630859375,145.91490173339844,-144.23001098632812,-271.6235656738281,1002.690673828125,-99.98407745361328,-237.1879119873047,504.6825256347656,-197.8752899169922,-392.4519958496094,886.5012817382812
161.10899353027344,-270.6705627441406,185.6820526123047,157.52317810058594,-312.5809936523437,995.55029296875,161.39096069335938,-430.4021301269531,519.4442138671875,257.6874694824219,-261.535888671875,839.1071166992188,-59.72510528564453,-177.38705444335938,146.00668334960938,-144.29295349121094,-269.235595703125,1001.9390258789062,-100.08216857910156,-229.01296997070312,504.666015625,-197.46739196777344,-396.42376708984375,888.2155151367188
161.0659637451172,-289.2915954589844,178.79129028320312,157.32733154296875,-311.2701416015625,995.1781005859376,159.44281005859375,-431.8562622070313,520.3374633789062,258.24774169921875,-256.3134765625,838.411865234375,-59.651893615722656,-167.13121032714844,146.11007690429688,-144.30235290527344,-266.9955749511719,1001.0986938476562,-100.22173309326172,-220.987060546875,504.6150207519531,-197.01223754882807,-400.2743835449219,889.711181640625
160.98858642578125,-308.1649780273437,172.35565185546875,157.20606994628906,-309.91375732421875,994.5601806640624,157.580322265625,-432.7200622558594,520.8392944335938,258.7267761230469,-251.28985595703125,837.6236572265625,-59.58969879150391,-156.89056396484375,146.22549438476562,-144.26502990722656,-264.9130249023437,1000.1742553710938,-100.41474151611328,-213.1224670410156,504.5329284667969,-196.50698852539065,-403.99066162109375,890.9784545898438
160.85108947753906,-327.1842346191406,166.47926330566406,157.15232849121094,-308.5292053222656,993.7133178710938,155.8247833251953,-433.0158386230469,520.956298828125,259.1304931640625,-246.4736175537109,836.7452392578125,-59.54684066772461,-146.6689910888672,146.35345458984375,-144.18804931640625,-262.9952087402344,999.1702270507812,-100.66925811767578,-205.42845153808597,504.4255981445313,-195.94879150390625,-407.5594787597656,892.0096435546875
160.62440490722656,-346.22003173828125,161.24520874023438,157.15782165527344,-307.1358947753906,992.658203125,154.1910400390625,-432.77294921875,520.702880859375,259.46588134765625,-241.8727569580078,835.7806396484375,-59.5308837890625,-136.47117614746094,146.49472045898438,-144.078369140625,-261.24737548828125,998.09130859375,-100.98890686035156,-197.91339111328125,504.3002014160156,-195.3349456787109,-410.9676208496094,892.7988891601562
160.27691650390625,-365.1211853027344,156.7119598388672,157.2136688232422,-305.7546691894531,991.418212890625,152.6868438720703,-432.0289001464844,520.1008911132812,259.74078369140625,-237.4947662353516,834.7354125976562,-59.54849243164063,-126.30342864990234,146.650634765625,-143.94248962402344,-259.6728820800781,996.9420776367188,-101.3724365234375,-190.5870361328125,504.1642761230469,-194.66287231445312,-414.20208740234375,893.3425903320312
159.7755889892578,-383.716796875,152.91058349609375,157.3107147216797,-304.4075622558594,990.01953125,151.3125,-430.8304443359375,519.1792602539062,259.9638366699219,-233.3466033935547,833.6160278320312,-59.60518646240234,-116.17411041259766,146.8236541748047,-143.7860870361328,-258.27325439453125,995.7274169921876,-101.81352996826172,-183.4626007080078,504.02435302734375,-193.93035888671875,-417.2498779296875,893.6392211914062
159.08779907226562,-401.8195190429688,149.84315490722656,157.43997192382812,-303.1172180175781,988.4899291992188,150.0609130859375,-429.2343444824219,517.9732666015625,260.1440734863281,-229.43478393554688,832.4300537109375,-59.705020904541016,-106.09384155273438,147.0179443359375,-143.61380004882812,-257.0482788085937,994.452392578125,-102.3006362915039,-176.55825805664062,503.8851013183594,-193.13555908203125,-420.0982971191406,893.6898193359375
158.18362426757812,-419.2295227050781,147.48277282714844,157.5929718017578,-301.9065246582031,986.8582763671876,148.9178466796875,-427.3074035644531,516.5233764648438,260.2908935546875,-225.7653350830078,831.1859130859375,-59.85020446777344,-96.07532501220705,147.23992919921875,-143.42916870117188,-255.9961395263672,993.12255859375,-102.81698608398438,-169.89804077148438,503.7485656738281,-192.27706909179688,-422.7348937988281,893.4974975585938
157.03836059570312,-435.7399597167969,145.77542114257812,157.76187133789062,-300.7983093261719,985.1541137695312,147.86268615722656,-425.1253967285156,514.8739013671875,260.41375732421875,-222.34393310546875,829.8927612304688,-60.04074096679688,-86.13290405273438,147.49826049804688,-143.2346649169922,-255.11387634277344,991.7439575195312,-103.34065246582033,-163.51174926757812,503.6138000488281,-191.3541412353516,-425.147705078125,893.06787109375
155.63494873046875,-451.14361572265625,144.64366149902344,157.93968200683594,-299.81463623046875,983.4069213867188,146.86953735351562,-422.7713623046875,513.071533203125,260.5221862792969,-219.1758270263672,828.5603637695312,-60.274261474609375,-76.28189086914062,147.8036651611328,-143.03184509277344,-254.3976593017578,990.3233642578124,-103.84487915039062,-157.43409729003906,503.4771423339844,-190.36666870117188,-427.3251647949219,892.408935546875
153.96591186523438,-465.2409973144531,143.9917449951172,158.1202850341797,-298.9765319824219,981.6458129882812,145.9089813232422,-420.33294677734375,511.1642761230469,260.6254577636719,-216.26600646972656,827.1990966796875,-60.54600524902344,-66.53783416748047,148.16867065429688,-142.8215789794922,-253.84327697753903,988.8680419921876,-104.29869842529295,-151.7032470703125,503.3326416015625,-189.3153533935547,-429.2564392089844,891.531005859375
152.03482055664062,-477.8497619628906,143.7119903564453,158.2984619140625,-298.3033447265625,979.8990478515624,144.9501190185547,-417.8991394042969,509.1998901367188,260.7325439453125,-213.61911010742188,825.81982421875,-60.84894943237305,-56.915897369384766,148.60731506347656,-142.60446166992188,-253.4464569091797,987.38623046875,-104.66809844970705,-146.3589630126953,503.17279052734375,-188.20176696777344,-430.9314270019531,890.4464721679688
149.85731506347656,-488.8139343261719,143.69198608398438,158.4698944091797,-297.81231689453125,978.1940307617188,143.96334838867188,-415.5569763183594,507.224853515625,260.8518981933594,-211.23959350585935,824.433837890625,-61.17420196533203,-47.43046569824219,149.13473510742188,-142.3810577392578,-253.2031707763672,985.886474609375,-104.91780090332033,-141.4407196044922,502.9892578125,-187.02850341796875,-432.3410034179688,889.1699829101562
147.4615936279297,-498.0132751464844,143.8222198486328,158.63121032714844,-297.5180053710937,976.5568237304688,142.92298889160156,-413.3878173828125,505.2835693359375,260.9913024902344,-209.1317596435547,823.052734375,-61.51168441772461,-38.09497833251953,149.76686096191406,-142.1522674560547,-253.10971069335935,984.3781127929688,-105.01376342773438,-136.9862518310547,502.7738037109375,-185.79916381835935,-433.4770812988281,887.7181396484375
144.88851928710938,-505.37109375,144.00338745117188,158.77996826171875,-297.4319763183594,975.0122680664062,141.81004333496094,-411.4640808105469,503.4173583984375,261.1578063964844,-207.2998504638672,821.6885986328125,-61.85114669799805,-28.92207336425781,150.52001953125,-141.9195098876953,-253.16278076171875,982.8709106445312,-104.92634582519533,-133.03073120117188,502.5187377929688,-184.5185546875,-434.3326721191406,886.1093139648438
142.1910858154297,-510.8601379394531,144.15274047851562,158.91468811035156,-297.5621643066406,973.5836791992188,140.61431884765625,-409.8463745117188,501.66400146484375,261.3575439453125,-205.74810791015625,820.353515625,-62.1833381652832,-19.92412757873535,151.41075134277344,-141.6847381591797,-253.35923767089844,981.375,-104.63370513916016,-129.60662841796875,502.21728515625,-183.1926422119141,-434.9022521972656,884.3634643554688
139.43319702148438,-514.505615234375,144.20883178710938,159.03485107421875,-297.91259765625,972.2927856445312,139.33592224121094,-408.5810546875,500.05712890625,261.5955505371094,-204.48089599609372,819.0599975585938,-62.50115585327149,-11.11422634124756,152.4556427001953,-141.45028686523438,-253.6959686279297,979.9007568359376,-104.12496185302734,-126.74414825439452,501.8639221191406,-181.8286895751953,-435.18157958984375,882.5018310546875
136.68736267089844,-516.3851928710938,144.13397216796875,159.14093017578125,-298.4828491210937,971.1597290039062,137.9857177734375,-407.6987609863281,498.6256408691406,261.8757629394531,-203.50274658203125,817.8204956054688,-62.800559997558594,-2.507610559463501,153.67120361328125,-141.21873474121094,-254.16954040527344,978.4588012695312,-103.40231323242188,-124.4714126586914,501.4540710449219,-180.4351501464844,-435.1678771972656,880.5465698242188
134.0312957763672,-516.6244506835938,143.91412353515625,159.23428344726562,-299.267822265625,970.202880859375,136.5850830078125,-407.21392822265625,497.39361572265625,262.2009582519531,-202.8183441162109,816.647705078125,-63.08116912841797,5.876423358917236,155.07374572753906,-140.99252319335938,-254.7757568359375,977.0595703125,-102.48187255859376,-122.81404113769533,500.9841918945313,-179.02174377441406,-434.8599548339844,878.5206298828125
131.54307556152344,-515.3887939453125,143.55523681640625,159.31715393066406,-300.25732421875,969.4386596679688,135.1647491455078,-407.1250915527344,496.3804321289063,262.57257080078125,-202.4326171875,815.5542602539062,-63.3465576171875,14.012346267700195,156.67929077148438,-140.77362060546875,-255.50914001464844,975.7134399414062,-101.39364624023438,-121.79486846923828,500.4514770507813,-177.59930419921875,-434.2581481933594,876.4473876953125
129.295166015625,-512.870361328125,143.0764923095703,159.39247131347656,-301.4362487792969,968.88134765625,133.76309204101562,-407.4158935546875,495.600830078125,262.99090576171875,-202.3506774902344,814.552734375,-63.60432052612305,21.866214752197266,158.50338745117188,-140.56333923339844,-256.3623352050781,974.430419921875,-100.18084716796876,-121.43397521972656,499.8534851074219,-176.17970275878906,-433.36431884765625,874.3500366210938
127.34805297851562,-509.2722473144531,142.50267028808594,159.46376037597656,-302.784423828125,968.54248046875,132.42379760742188,-408.0563659667969,495.0650024414063,263.4550170898437,-202.57774353027344,813.65576171875,-63.86581039428711,29.393951416015625,160.56124877929688,-140.36204528808594,-257.3254699707031,973.2201538085938,-98.89832305908205,-121.74874114990234,499.18792724609375,-174.77574157714844,-432.1819152832031,872.2515258789062
125.744384765625,-504.7911376953125,141.85873413085938,159.53489685058594,-304.2772521972656,968.4306030273438,131.1932830810547,-409.0039978027344,494.7779541015625,263.9629211425781,-203.11900329589844,812.8758544921875,-64.14552307128906,36.54039001464844,162.86805725097656,-140.16915893554688,-258.38555908203125,972.0917358398438,-97.610107421875,-122.75369262695312,498.4524841308594,-173.40090942382812,-430.7159118652344,870.1741333007812
124.50477600097656,-499.6011962890625,141.16758728027344,159.60989379882812,-305.8861999511719,968.5506591796876,130.11756896972656,-410.20404052734375,494.7383728027344,264.5115661621094,-203.97943115234372,812.2252197265625,-64.46015167236328,43.23910140991211,165.43934631347656,-139.9832000732422,-259.5260314941406,971.0536499023438,-96.38610076904295,-124.4598388671875,497.6446228027344,-172.0692138671875,-428.97265625,868.1389770507812
123.62579345703124,-493.8430786132813,140.4498291015625,159.6926727294922,-307.5796203613281,968.9033813476562,129.23907470703125,-411.5888366699219,494.9367065429688,265.0971069335937,-205.16354370117188,811.716064453125,-64.82728576660156,49.41304397583008,168.29124450683594,-139.8020782470703,-260.726318359375,970.1136474609376,-95.29818725585938,-126.87364196777344,496.76165771484375,-170.79495239257812,-426.9599609375,866.1657104492188
123.080810546875,-487.6191711425781,139.72454833984375,159.7868194580078,-309.3238220214844,969.4850463867188,128.5930938720703,-413.0765686035156,495.3532104492188,265.7149963378906,-206.67510986328125,811.3600463867188,-65.26390838623047,54.9760856628418,171.44044494628906,-139.6232452392578,-261.9618530273437,969.27880859375,-94.41585540771484,-129.99575805664062,495.8008728027344,-169.5924530029297,-424.68695068359375,864.2722778320312
122.82380676269533,-480.9955749511719,139.0102081298828,159.89532470703125,-311.0841064453125,970.286865234375,128.20472717285156,-414.5697021484375,495.9563903808594,266.3600158691406,-208.51698303222656,811.1685180664062,-65.78479766845703,59.83540344238281,174.90367126464844,-139.44386291503906,-263.2044982910156,968.5555419921876,-93.80149841308594,-133.81951904296875,494.7596740722656,-168.47579956054688,-422.1639404296875,862.4744873046875
122.7953643798828,-474.008056640625,138.3245086669922,160.0204315185547,-312.82574462890625,971.2952270507812,128.08621215820312,-415.95458984375,496.703125,267.026611328125,-210.69078063964844,811.1519165039062,-66.40087890625,63.89468765258789,178.69613647460938,-139.2609100341797,-264.4236145019531,967.9492797851562,-93.50585174560548,-138.32960510253906,493.6363525390625,-167.45864868164062,-419.40240478515625,860.7859497070312
122.9298858642578,-466.6697082519531,137.6834716796875,160.16348266601562,-314.51470947265625,972.4915771484376,128.23550415039062,-417.10296630859375,497.540771484375,267.7087097167969,-213.19667053222656,811.3200073242188,-67.11788177490234,67.05801391601562,182.82928466796875,-139.0713348388672,-265.587158203125,967.4650268554688,-93.5640106201172,-143.50120544433594,492.4312133789063,-166.5538787841797,-416.414794921875,859.2177124023438
123.16272735595705,-458.9793701171875,137.10025024414062,160.324951171875,-316.1184997558594,973.853271484375,128.6361846923828,-417.87640380859375,498.410888671875,268.4000549316406,-216.0331878662109,811.6812744140625,-67.93539428710938,69.23430633544922,187.30743408203125,-138.87232971191406,-266.6632080078125,967.107177734375,-93.99256134033205,-149.29974365234375,491.1488037109375,-165.77349853515625,-413.21435546875,857.7783203125
123.43608856201172,-450.9299011230469,136.58419799804688,160.5044708251953,-317.6065368652344,975.35400390625,129.2589111328125,-418.1334838867188,499.25439453125,269.0939636230469,-219.19708251953125,812.2429809570312,-68.84662628173828,70.34226989746094,192.1244201660156,-138.66160583496094,-267.6214904785156,966.879638671875,-94.78827667236328,-155.68185424804688,489.8007507324219,-165.12838745117188,-409.81494140625,856.4738159179688
123.7030792236328,-442.5155944824219,136.1403350830078,160.7010498046875,-318.9502868652344,976.9652099609376,130.0643768310547,-417.7392578125,500.0165710449219,269.7836608886719,-222.68316650390625,813.0107421875,-69.83927917480469,70.3160171508789,197.2603302001953,-138.43751525878906,-268.43524169921875,966.7861938476562,-95.9286880493164,-162.59716796875,488.4087524414063,-164.62815856933594,-406.2308349609375,855.3076782226562
123.92969512939452,-433.7381286621094,135.76927185058594,160.913330078125,-320.1236267089844,978.656982421875,131.00721740722656,-416.575927734375,500.6515197753906,270.46209716796875,-226.48426818847656,813.9887084960938,-70.89720916748047,69.11111450195312,202.67941284179688,-138.1992645263672,-269.08233642578125,966.83056640625,-97.37506103515624,-169.99124145507812,487.0069885253906,-164.28106689453125,-402.4764099121094,854.28125
124.0949249267578,-424.6102294921875,135.46768188476562,161.139892578125,-321.102783203125,980.3993530273438,132.0404815673828,-414.55322265625,501.1256713867188,271.12213134765625,-230.59120178222656,815.178955078125,-72.00250244140625,66.7104263305664,208.32962036132807,-137.94696044921875,-269.5463256835937,967.0162963867188,-99.0773696899414,-177.80897521972656,485.6430358886719,-164.0939178466797,-398.5660400390625,853.3937377929688
124.18952941894533,-415.1567077636719,135.22903442382812,161.37965393066406,-321.86639404296875,982.1632080078124,133.12002563476562,-411.6169128417969,501.4197998046875,271.756591796875,-234.9928131103516,816.58203125,-73.137451171875,63.128395080566406,214.14427185058597,-137.68162536621094,-269.81689453125,967.3469848632812,-100.98007202148438,-185.9976806640625,484.3768615722656,-164.07205200195312,-394.5138244628906,852.6425170898438
124.21402740478516,-405.4132690429688,135.04457092285156,161.63211059570312,-322.3955993652344,983.9214477539062,134.20814514160156,-407.7550048828125,501.5294189453125,272.3582763671875,-239.67608642578125,818.1964111328125,-74.28599548339844,58.412879943847656,220.0457305908203,-137.4051055908203,-269.8899230957031,967.8259887695312,-103.02769470214844,-194.5088653564453,483.2775573730469,-164.2191925048828,-390.3333435058594,852.0234375
124.17598724365234,-395.4232177734375,134.9043731689453,161.89756774902344,-322.67437744140625,985.6494140625,135.2760772705078,-402.99951171875,501.46392822265625,272.920166015625,-244.62625122070312,820.0185546875,-75.43485260009766,52.64353561401367,225.94993591308597,-137.11997985839844,-269.7674255371094,968.4561767578124,-105.16915130615234,-203.29856872558597,482.4189453125,-164.53746032714844,-386.0377502441406,851.5309448242188
124.08728790283205,-385.2338562011719,134.79855346679688,162.17706298828125,-322.68975830078125,987.3251953125,136.30477905273438,-397.4239807128906,501.2441101074219,273.4354858398437,-249.8270568847656,822.0430297851562,-76.57472229003906,45.92599868774414,231.7699279785156,-136.82943725585938,-269.4571533203125,969.2394409179688,-107.36002349853516,-212.32568359375,481.8737182617188,-165.0271759033203,-381.639404296875,851.158203125
123.96141052246094,-374.8927612304688,134.71823120117188,162.47219848632812,-322.4325256347656,988.93017578125,137.28379821777344,-391.1362609863281,500.8987121582031,273.8976745605469,-255.26084899902344,824.2625732421875,-77.70149230957031,38.38188934326172,237.41734313964844,-136.5371551513672,-268.971923828125,970.176025390625,-109.5629425048828,-221.548828125,481.7076721191406,-165.68675231933594,-377.1500549316406,850.8973388671875
123.8111572265625,-364.44476318359375,134.6563262939453,162.78468322753906,-321.897705078125,990.4483032226562,138.2082061767578,-384.2679443359375,500.4605712890625,274.300537109375,-260.9088439941406,826.6678466796875,-78.81694793701172,30.13605308532715,242.8012542724609,-136.24725341796875,-268.3284912109375,971.26416015625,-111.74720001220705,-230.92318725585935,481.9742431640625,-166.51258850097656,-372.5806884765625,850.7393188476562
123.64676666259766,-353.92919921875,134.60787963867188,163.11578369140625,-321.0849304199219,991.8665161132812,139.07423400878906,-376.96142578125,499.9627075195313,274.63836669921875,-266.751220703125,829.247802734375,-79.92848205566406,21.30376434326172,247.82571411132807,-135.96426391601562,-267.5461120605469,972.4993286132812,-113.88824462890624,-240.39776611328125,482.7096862792969,-167.4989013671875,-367.94140625,850.6741943359375
123.474853515625,-343.3785095214844,134.5701904296875,163.46575927734375,-319.9988098144531,993.1742553710938,139.87429809570312,-369.3567199707031,499.4353332519531,274.9057922363281,-272.7673645019531,831.9896850585938,-81.04811096191406,11.980682373046877,252.38853454589844,-135.69314575195312,-266.6449584960937,973.8736572265624,-115.96686553955078,-249.91372680664065,483.9298706054688,-168.63763427734375,-363.24163818359375,850.6908569335938
123.29811096191406,-332.8173522949219,134.54251098632812,163.8333282470703,-318.6488342285156,994.363037109375,140.59329223632812,-361.5794982910156,498.9032287597656,275.097900390625,-278.9359741210937,834.8790893554688,-82.19096374511719,2.23718523979187,256.3830871582031,-135.4392852783203,-265.64453125,975.3755493164062,-117.9683609008789,-259.4045715332031,485.6291809082031,-169.9185333251953,-358.4899597167969,850.7771606445312
123.11585235595705,-322.2627868652344,134.52540588378906,164.2152099609375,-317.049072265625,995.4265747070312,141.20736694335938,-353.73223876953125,498.3843688964844,275.2101135253906,-285.2352600097656,837.9002685546875,-83.37383270263672,-7.883160591125488,259.70330810546875,-135.2085418701172,-264.56231689453125,976.989501953125,-119.88148498535156,-268.7980041503906,487.7808837890625,-171.3291015625,-353.6941833496094,850.9202270507812
122.92513275146484,-311.7252502441406,134.52000427246094,164.60594177246094,-315.2177124023437,996.3599853515624,141.68637084960938,-345.8890380859375,497.8894958496094,275.23834228515625,-291.6430358886719,841.0361938476562,-84.61397552490234,-18.361726760864254,262.2508850097656,-135.00718688964844,-263.41278076171875,978.6959228515624,-121.69721221923828,-278.0196838378906,490.3395080566406,-172.85482788085938,-348.8615417480469,851.1063842773438
122.72222900390624,-301.2098388671875,134.5271759033203,164.99783325195312,-313.1762390136719,997.1600341796876,141.99961853027344,-338.09429931640625,497.4225769042969,275.17877197265625,-298.1368713378906,844.268798828125,-85.92829132080078,-29.200267791748047,263.9422302246094,-134.84185791015625,-262.20660400390625,980.4718017578124,-123.40726470947266,-286.9975891113281,493.2439880371094,-174.4794158935547,-343.9986267089844,851.3212280273438
122.50402069091795,-290.7178649902344,134.5469207763672,165.3811798095703,-310.9486083984375,997.824951171875,142.12356567382812,-330.364990234375,496.982177734375,275.0279235839844,-304.69415283203125,847.5791015625,-87.33272552490234,-40.41489028930664,264.71441650390625,-134.71934509277344,-260.9506530761719,982.2907104492188,-125.0027847290039,-295.666748046875,496.4220886230469,-176.18516540527344,-339.11163330078125,851.5501708984375
122.26909637451172,-280.24835205078125,134.57810974121094,165.74464416503906,-308.5604858398437,998.3540649414062,142.04885864257812,-322.6957702636719,496.5632629394531,274.7825622558594,-311.2923583984375,850.947509765625,-88.84192657470703,-52.0297737121582,264.5291442871094,-134.64634704589844,-259.64794921875,984.1242065429688,-126.47345733642578,-303.9729309082031,499.7952880859375,-177.953369140625,-334.2064514160156,851.7784423828125
122.01818084716795,-269.7994689941406,134.61856079101562,166.07583618164062,-306.0383605957031,998.747802734375,141.78433227539062,-315.06610107421875,496.1589965820313,274.439697265625,-317.9090576171875,854.3539428710938,-90.46902465820312,-64.07160186767578,263.37420654296875,-134.62924194335938,-258.29840087890625,985.9425048828124,-127.80724334716795,-311.874267578125,503.2841796875,-179.76480102539062,-329.2887878417969,851.9913330078125
121.7539520263672,-259.3692932128906,134.6653594970703,166.3619842529297,-303.4091491699219,999.0076904296876,141.3563232421875,-307.4481811523437,495.7622985839844,273.9965515136719,-324.52203369140625,857.7778930664062,-92.22528839111328,-76.56525421142578,261.2633056640625,-134.67372131347656,-256.8995361328125,987.715576171875,-128.99087524414062,-319.34100341796875,506.8134765625,-181.6002197265625,-324.3642883300781,852.1746826171875
121.48035430908205,-248.9561309814453,134.7154083251953,166.5906524658203,-300.69940185546875,999.1361694335938,140.80381774902344,-299.814208984375,495.3670654296875,273.45050048828125,-331.109375,861.1990356445312,-94.11981201171876,-89.5312271118164,258.234375,-134.78457641601562,-255.4476318359375,989.414306640625,-130.01100158691406,-326.3535461425781,510.3155822753906,-183.44085693359372,-319.4386901855469,852.3151245117188
121.2016372680664,-238.5585479736328,134.76583862304688,166.75047302246094,-297.9349365234375,999.136474609375,140.17120361328125,-292.14190673828125,494.9685668945313,272.7990417480469,-337.6496276855469,864.5968017578125,-96.158935546875,-102.98477172851562,254.3469390869141,-134.96551513671875,-253.9388427734375,991.0113525390624,-130.85601806640625,-332.89947509765625,513.7323608398438,-185.26890563964844,-314.5179138183594,852.4000854492188
120.92146301269533,-228.17526245117188,134.81446838378906,166.83168029785156,-295.1399230957031,999.012451171875,139.50086975097656,-284.4179077148437,494.5634765625,272.039794921875,-344.1217346191406,867.951171875,-98.34545135498048,-116.93610382080078,249.67930603027344,-135.21896362304688,-252.37030029296875,992.4819946289062,-131.5183868408203,-338.9697570800781,517.0147094726562,-187.06797790527344,-309.6081237792969,852.4183959960938
120.64220428466795,-217.80506896972656,134.86013793945312,166.82669067382812,-292.33660888671875,998.768310546875,138.82745361328125,-276.6394348144531,494.1493835449219,271.1706237792969,-350.505126953125,871.2423706054688,-100.67760467529295,-131.39100646972656,244.3254547119141,-135.54603576660156,-250.74095153808597,993.8045043945312,-131.99659729003906,-344.5550842285156,520.1206665039062,-188.823486328125,-304.7157592773437,852.3599853515625
120.36473083496094,-207.4466857910156,134.90269470214844,166.7303924560547,-289.5448303222656,998.4085693359376,138.17431640625,-268.8144836425781,493.7245788574219,270.1894226074219,-356.7797241210937,874.4512329101562,-103.14828491210938,-146.35096740722656,238.3922882080078,-135.9464569091797,-249.05221557617188,994.9608764648438,-132.2965087890625,-349.6431884765625,523.0131225585938,-190.5229949951172,-299.8475952148437,852.2164306640625
120.08841705322266,-197.09886169433597,134.94284057617188,166.5402374267578,-286.7821044921875,997.9378051757812,137.55284118652344,-260.9604797363281,493.2877502441406,269.09442138671875,-362.9260864257813,877.5593872070312,-105.74469757080078,-161.8126983642578,231.9970703125,-136.41860961914062,-247.30816650390625,995.9364624023438,-132.43190002441406,-354.2177124023437,525.6575317382812,-192.1564178466797,-295.01080322265625,851.980712890625
119.81143188476562,-186.76063537597656,134.98187255859375,166.2563018798828,-284.0635070800781,997.3607177734376,136.96392822265625,-253.1015625,492.8381652832031,267.8840637207031,-368.9251708984375,880.5490112304688,-108.4487762451172,-177.76724243164062,225.26502990722656,-136.95968627929688,-245.51565551757807,996.7202758789062,-132.424072265625,-358.25860595703125,528.02099609375,-193.7162170410156,-290.2128601074219,851.6473388671875
119.53117370605467,-176.43153381347656,135.0213623046875,165.88096618652344,-281.402099609375,996.6817626953124,136.40086364746094,-245.2655334472656,492.3754577636719,266.55712890625,-374.7586059570313,883.4033813476562,-111.23820495605467,-194.1985321044922,218.3268280029297,-137.56582641601562,-243.68409729003903,997.3046875,-132.30105590820312,-361.7442321777344,530.0718994140625,-195.19744873046875,-285.4615478515625,851.2120971679688
119.2448272705078,-166.11134338378906,135.06292724609375,165.41860961914062,-278.8090515136719,995.9053344726562,135.8529510498047,-237.48065185546875,491.8998718261719,265.1127014160156,-380.40863037109375,886.1063842773438,-114.08790588378906,-211.08181762695312,211.3156890869141,-138.2323455810547,-241.82513427734372,997.6849975585938,-132.09664916992188,-364.6549072265625,531.7802734375,-196.5977325439453,-280.7649230957031,850.6721801757812
118.94989013671876,-155.79991149902344,135.10797119140625,164.87513732910156,-276.29400634765625,995.0357666015624,135.30894470214844,-229.7730255126953,491.4117736816406,263.5502014160156,-385.8580017089844,888.6430053710938,-116.97161865234376,-228.382080078125,204.3643035888672,-138.95391845703125,-239.95230102539065,997.859375,-131.8496856689453,-366.9773864746094,533.1187133789062,-197.91722106933597,-276.1312561035156,850.0258178710938
118.6446762084961,-145.4970703125,135.15757751464844,164.25759887695312,-273.8653564453125,994.0773315429688,134.75982666015625,-222.16444396972656,490.911865234375,261.8695373535156,-391.0902099609375,890.9990234375,-119.86327362060548,-246.05274963378903,197.60166931152344,-139.72488403320312,-238.08059692382807,997.8287353515624,-131.60227966308594,-368.70849609375,534.0640258789062,-199.15835571289065,-271.56903076171875,849.2723388671875
118.32867431640624,-135.20291137695312,135.21261596679688,163.5736541748047,-271.5304260253906,993.0339965820312,134.20045471191406,-214.67141723632807,490.4009094238281,260.0709533691406,-396.0894165039063,893.1611938476562,-122.73787689208984,-264.0341796875,191.14984130859372,-140.53952026367188,-236.22607421875,997.5963134765624,-131.3974151611328,-369.85736083984375,534.5997314453125,-200.3257598876953,-267.0867614746094,848.411865234375
118.00275421142578,-124.91837310791016,135.27392578125,162.83116149902344,-269.2957458496094,991.909912109375,133.63015747070312,-207.30535888671875,489.8797607421875,258.15509033203125,-400.8404846191406,895.1171264648438,-125.5718994140625,-282.2521667480469,185.1207427978516,-141.392333984375,-234.4055633544922,997.1679077148438,-131.27610778808594,-370.4458618164063,534.71875,-201.42593383789065,-262.693115234375,847.4454956054688
117.66925811767578,-114.64554595947266,135.34263610839844,162.03790283203125,-267.1672668457031,990.708984375,133.0524444580078,-200.0738067626953,489.3492126464844,256.1229858398437,-405.32904052734375,896.8553466796875,-128.34332275390625,-300.6161804199219,179.61273193359375,-142.27833557128906,-232.6363067626953,996.5516967773438,-131.2745819091797,-370.5083618164063,534.426025390625,-202.467041015625,-258.3966979980469,846.3748779296875
117.33197021484376,-104.3880386352539,135.42062377929688,161.201171875,-265.1505432128906,989.4351806640624,132.47402954101562,-192.9822998046875,488.8099670410156,253.9760284423828,-409.5414733886719,898.3655395507812,-131.0311737060547,-319.01812744140625,174.7071075439453,-143.1934356689453,-230.93576049804688,995.7584838867188,-131.421875,-370.0903930664063,533.739501953125,-203.45855712890625,-254.20623779296875,845.2025146484375
116.99595642089844,-94.151123046875,135.51089477539062,160.32745361328125,-263.25103759765625,988.0926513671876,131.903564453125,-186.03607177734372,488.2628173828125,251.716064453125,-413.4649963378906,899.63818359375,-133.6148681640625,-337.33172607421875,170.4647674560547,-144.13470458984375,-229.3214569091797,994.8012084960938,-131.73776245117188,-369.2468872070313,532.6905517578125,-204.41110229492188,-250.1303558349609,843.931640625
116.66737365722656,-83.94190979003906,135.61810302734375,159.42210388183594,-261.4745178222656,986.6857299804688,131.3501434326172,-179.24142456054688,487.7086486816406,249.34532165527344,-417.0875854492188,900.6650390625,-136.07354736328125,-355.4136047363281,166.923095703125,-145.10049438476562,-227.8109130859375,993.6953125,-132.23155212402344,-368.0403747558594,531.322021484375,-205.3360595703125,-246.177734375,842.566162109375
116.35310363769533,-73.76929473876953,135.74887084960938,158.48910522460938,-259.82733154296875,985.2193603515624,130.82212829589844,-172.60694885253906,487.14892578125,246.86651611328125,-420.3979187011719,901.4391479492188,-138.38528442382812,-373.1051330566406,164.09361267089844,-146.0905303955078,-226.42141723632807,992.4583740234376,-132.90171813964844,-366.5392761230469,529.685302734375,-206.2453155517578,-242.3570556640625,841.111083984375
116.06037139892578,-63.64385986328125,135.9120635986328,157.53085327148438,-258.3165588378906,983.6989135742188,130.32598876953125,-166.1443328857422,486.5855102539063,244.2829132080078,-423.3854675292969,901.9548950195312,-140.52685546875,-390.23529052734375,161.96054077148438,-147.1058349609375,-225.1698760986328,991.1102294921876,-133.7362060546875,-364.8164367675781,527.83642578125,-207.1510009765625,-238.6770172119141,839.5723876953125
115.79620361328124,-53.57771682739258,136.118896484375,156.5480194091797,-256.9504089355469,982.1304321289062,129.86532592773438,-159.8687286376953,486.0210266113281,241.5984344482422,-426.0404052734375,902.208251953125,-142.47369384765625,-406.6246337890625,160.48089599609375,-148.14859008789062,-224.07257080078125,989.6724243164062,-134.7135009765625,-362.9475402832031,525.8320922851562,-208.0652008056641,-235.14642333984372,837.957275390625
115.5667724609375,-43.5841178894043,136.3827667236328,155.53945922851562,-255.7379608154297,980.5206909179688,129.43992614746094,-153.79881286621094,485.4586181640625,238.8177795410156,-428.35357666015625,902.1968994140624,-144.200439453125,-422.0904235839844,159.58619689941406,-149.22183227539062,-223.14483642578125,988.1680908203124,-135.80426025390625,-361.00927734375,523.7265625,-208.9997711181641,-231.7741851806641,836.274169921875
115.3764877319336,-33.67677688598633,136.7188262939453,154.50238037109375,-254.6891021728516,978.8773193359376,129.0447235107422,-147.95645141601562,484.9021606445313,235.94656372070312,-430.3165893554688,901.9202880859376,-145.6818084716797,-436.4524841308594,159.18606567382812,-150.32923889160156,-222.4007873535156,986.62158203125,-136.97323608398438,-359.0770263671875,521.5698852539062,-209.96600341796875,-228.5693817138672,834.532958984375
115.22733306884766,-23.86931037902832,137.14373779296875,153.4324493408203,-253.81430053710935,977.208984375,128.66888427734375,-142.3662109375,484.3556518554688,232.9915008544922,-431.9216613769531,901.380126953125,-146.8942108154297,-449.5400390625,159.173583984375,-151.47467041015625,-221.85308837890625,985.0581665039062,-138.1814727783203,-357.2219543457031,519.4075317382812,-210.9744873046875,-225.5412750244141,832.7451171875
115.11856079101562,-14.175003051757812,137.67564392089844,152.32420349121094,-253.1243133544922,975.5249633789062,128.29505920410156,-137.05455017089844,483.8228759765625,229.96044921875,-433.1618347167969,900.580078125,-147.81747436523438,-461.1988525390625,159.4322967529297,-152.66183471679688,-221.5125274658203,983.50341796875,-139.3887481689453,-355.508056640625,517.280029296875,-212.03494262695312,-222.6993865966797,830.9235229492188
115.04625701904295,-4.606580257415772,138.33363342285156,151.17144775390625,-252.62960815429688,973.8358154296876,127.89939880371094,-132.0491485595703,483.30670166015625,226.86264038085935,-434.0308227539063,899.5263061523438,-148.4371337890625,-471.298583984375,159.84400939941406,-153.89393615722656,-221.3876037597656,981.9830322265624,-140.5558624267578,-353.98944091796875,515.2235107421875,-213.15594482421875,-220.0535125732422,829.0827026367188
115.00291442871094,4.823833465576172,139.13719177246094,149.9678955078125,-252.33985900878903,972.15283203125,127.45230102539062,-127.37902069091795,482.8083801269531,223.7086944580078,-434.523193359375,898.2271118164062,-148.74659729003906,-479.7398071289063,160.29701232910156,-155.17324829101562,-221.48410034179688,980.5223999023438,-141.64697265625,-352.7079467773437,513.269775390625,-214.3448638916016,-217.6136474609375,827.2385864257812
114.9776611328125,14.104310035705566,140.1058349609375,148.707763671875,-252.2629852294922,970.4885864257812,126.92003631591795,-123.07501983642578,482.3268127441406,220.51063537597656,-434.6344909667969,896.6934204101562,-148.74916076660156,-486.4601135253906,160.6938934326172,-156.50100708007812,-221.80447387695312,979.1464233398438,-142.63160705566406,-351.6919250488281,511.4461669921875,-215.60772705078125,-215.3900451660156,825.4085083007812
114.95689392089844,23.22228240966797,141.2588653564453,147.3864288330078,-252.4043884277344,968.8566284179688,126.2672348022461,-119.1707000732422,481.8581237792969,217.2819061279297,-434.3612060546875,894.9383544921875,-148.45938110351562,-491.4388427734375,160.957763671875,-157.87705993652344,-222.347412109375,977.8792114257812,-143.48666381835938,-350.9559326171875,509.776611328125,-216.9490509033203,-213.39312744140625,823.6109008789062
114.92550659179688,32.1633415222168,142.61537170410156,146.00099182128906,-252.76596069335935,967.2715454101562,125.46011352539062,-115.70306396484376,481.3952941894531,214.0373077392578,-433.7010192871094,892.9775390625,-147.90383911132812,-494.6995849609375,161.03659057617188,-159.29994201660156,-223.1072998046875,976.7435302734376,-144.19863891601562,-350.5021667480469,508.28173828125,-218.37181091308597,-211.6333923339844,821.8651733398438
114.86824035644533,40.90977478027344,144.19422912597656,144.5506134033203,-253.34532165527344,965.748779296875,124.4701919555664,-112.71305084228516,480.9285583496094,210.7928924560547,-432.6528015136719,890.8287353515625,-147.12095642089844,-496.3102416992188,160.9041748046875,-160.76669311523438,-224.0738525390625,975.7608642578124,-144.76559448242188,-350.3229675292969,506.97998046875,-219.8773956298828,-210.1213531494141,820.1913452148438
114.7711181640625,49.43897247314453,146.01416015625,143.03652954101562,-254.1351776123047,964.3043823242188,123.278076171875,-110.2456512451172,480.4460144042969,207.56593322753903,-431.2166748046875,888.5120239257812,-146.16017150878906,-496.3794860839844,160.55813598632812,-162.2731170654297,-225.2318420410156,974.9509887695312,-145.19857788085938,-350.404052734375,505.8880004882813,-221.46548461914065,-208.8673248291016,818.6098022460938
114.62265014648438,57.72187805175781,148.09390258789062,141.46202087402344,-255.12286376953125,962.9544067382812,121.87669372558594,-108.34976959228516,479.9346008300781,204.37472534179688,-429.3941955566406,886.0491943359375,-145.0801544189453,-495.0500183105469,160.01486206054688,-163.8137664794922,-226.56109619140625,974.3314208984376,-145.52197265625,-350.7272644042969,505.0209655761719,-223.13417053222656,-207.88128662109372,817.14111328125
114.41458129882812,65.72158813476562,150.45233154296875,139.83216857910156,-256.2900390625,961.7145385742188,120.273681640625,-107.0775146484375,479.3811950683594,201.23849487304688,-427.1882934570313,883.4641723632812,-143.9461669921875,-492.4888000488281,159.30300903320312,-165.3823699951172,-228.0366973876953,973.9169311523438,-145.7725830078125,-351.2723693847656,504.3919982910156,-224.87989807128903,-207.1727752685547,815.8053588867188
114.14209747314452,73.39229583740234,153.10850524902344,138.15347290039062,-257.6127624511719,960.5991821289062,118.49254608154295,-106.4828109741211,478.7737426757813,198.1770477294922,-424.6034240722656,880.7821655273438,-142.82652282714844,-488.8742370605469,158.4577178955078,-166.9719696044922,-229.62962341308597,973.7192993164062,-145.99749755859375,-352.0171203613281,504.0109558105469,-226.69757080078125,-206.7505340576172,814.6222534179688
113.80342864990234,80.6787109375,156.08140563964844,136.43362426757812,-259.0616455078125,959.6211547851562,116.57244873046876,-106.61929321289062,478.10205078125,195.2106475830078,-421.645751953125,878.02978515625,-141.78822326660156,-484.3827819824219,157.51638793945312,-168.57540893554688,-231.3077087402344,973.7465209960938,-146.2508544921875,-352.9359436035156,503.8821105957031,-228.5806884765625,-206.6224670410156,813.6102294921875
113.39908599853516,87.51595306396484,159.38931274414062,134.68112182617188,-260.6026306152344,958.791015625,114.5664291381836,-107.5373764038086,477.3581237792969,192.35960388183597,-418.3230895996094,875.234375,-140.89161682128906,-479.1760559082031,156.51531982421875,-170.18553161621094,-233.0367889404297,974.0023193359376,-146.58999633789062,-353.9969177246094,504.00091552734375,-230.52142333984372,-206.7953186035156,812.7866821289062
112.93106079101562,93.82987213134766,163.04881286621094,132.9051055908203,-262.1976928710937,958.11669921875,112.5382080078125,-109.28069305419922,476.5362854003906,189.6440277099609,-414.6451110839844,872.4237670898438,-140.18490600585938,-473.3910827636719,155.48716735839844,-171.7954559326172,-234.78195190429688,974.4856567382812,-147.07066345214844,-355.1581420898437,504.3509216308594,-232.5108642578125,-207.27447509765625,812.1670532226562
112.40241241455078,99.53793334960938,167.073486328125,131.11508178710938,-263.8059387207031,957.60302734375,110.55757904052734,-111.88206481933594,475.6331176757813,187.08346557617188,-410.6232604980469,869.6256713867188,-139.6995849609375,-467.1347961425781,154.4597625732422,-173.3987274169922,-236.5088653564453,975.1905517578124,-147.74200439453125,-356.36376953125,504.9014892578125,-234.53916931152344,-208.06378173828125,811.7649536132812
111.81716918945312,104.5510025024414,171.4724884033203,129.32081604003906,-265.3847045898437,957.2517700195312,108.6948471069336,-115.35942840576172,474.64739990234375,184.69664001464844,-406.2708129882813,866.8672485351562,-139.44781494140625,-460.4832458496094,153.4560089111328,-174.9894256591797,-238.18487548828125,976.10595703125,-148.64122009277344,-357.5412292480469,505.6073913574219,-236.59576416015625,-209.16531372070312,811.591552734375
111.18021392822266,108.77620697021484,176.24891662597656,127.53209686279295,-266.890869140625,957.0615234375,107.01495361328124,-119.71247100830078,473.5806884765625,182.50108337402344,-401.6029052734375,864.1746215820312,-139.42237854003906,-453.4847717285156,152.49420166015625,-176.56227111816406,-239.78001403808597,977.2158203125,-149.78887939453125,-358.599853515625,506.4109802246094,-238.66946411132807,-210.5792388916016,811.6552734375
110.49703216552734,112.12073516845705,181.3976593017578,125.75839233398438,-268.28228759765625,957.0281372070312,105.5719985961914,-124.92062377929688,472.4381408691406,180.51292419433597,-396.6363525390625,861.5723266601562,-139.59890747070312,-446.1651611328125,151.58840942382812,-178.1126708984375,-241.2676239013672,978.499755859375,-151.18548583984375,-359.43243408203125,507.2476196289063,-240.74876403808597,-212.3035430908203,811.9617919921875
109.7730941772461,114.49666595458984,186.90313720703125,124.0086669921875,-269.5193786621094,957.1455078125,104.4049072265625,-130.9429473876953,471.2305603027344,178.74656677246094,-391.3895263671875,859.083251953125,-139.94024658203125,-438.5337829589844,150.74888610839844,-179.63677978515625,-242.624755859375,979.9338989257812,-152.80999755859375,-359.9196472167969,508.0526123046875,-242.8218536376953,-214.3340301513672,812.5137329101562
109.01310729980467,115.82643127441406,192.7371063232422,122.2910385131836,-270.566650390625,957.40625,103.53472900390624,-137.71949768066406,469.9761352539063,177.21456909179688,-385.8821716308594,856.72802734375,-140.40167236328125,-430.5901794433594,149.9824676513672,-181.1314697265625,-243.83213806152344,981.4915771484376,-154.62109375,-359.93731689453125,508.7687377929688,-244.8768768310547,-216.6641998291016,813.310791015625
108.21991729736328,116.0482177734375,198.8569793701172,120.61261749267578,-271.3941650390625,957.802490234375,102.96379852294922,-145.17430114746094,468.7022399902344,175.92738342285156,-380.1350708007813,854.5250244140625,-140.93606567382812,-422.3302917480469,149.2930450439453,-182.5943756103516,-244.8739776611328,983.1449584960938,-156.5607147216797,-359.3655700683594,509.3527526855469,-246.9019317626953,-219.2852783203125,814.349365234375
107.3934097290039,115.12071990966795,205.20504760742188,118.979248046875,-271.9786682128906,958.3265380859376,102.67687225341795,-153.219482421875,467.4462890625,174.89321899414062,-374.1697387695313,852.4901733398438,-141.49838256835938,-413.7512817382813,148.6820831298828,-184.0238494873047,-245.73765563964844,984.8657836914062,-158.56007385253906,-358.09844970703125,509.77923583984375,-248.88528442382807,-222.1862945556641,815.6232299804688
106.52970886230467,113.02701568603516,211.70887756347656,117.39540100097656,-272.3043518066406,958.9713745117188,102.64383697509766,-161.75999450683594,466.25537109375,174.1179656982422,-368.0081176757813,850.6367797851562,-142.04942321777344,-404.8553771972656,148.14891052246094,-185.4189453125,-246.4131774902344,986.6265258789062,-160.5467987060547,-356.05255126953125,510.0418701171875,-250.81536865234372,-225.35421752929688,817.1233520507812
105.62103271484376,109.7773208618164,218.2831878662109,115.86412811279295,-272.3631896972656,959.7311401367188,102.82347106933594,-170.698486328125,465.1848449707031,173.6050567626953,-361.6720886230469,848.9755859375,-142.55850219726562,-395.6517333984375,147.69094848632812,-186.7793426513672,-246.89273071289065,988.4015502929688,-162.45301818847656,-353.1739807128906,510.1512145996094,-252.68087768554688,-228.7740936279297,818.8384399414062
104.6564712524414,105.41008758544922,224.8330535888672,114.38703155517578,-272.1549377441406,960.6013793945312,103.16761016845705,-179.93995666503906,464.2955322265625,173.35545349121094,-355.1832275390625,847.5145263671875,-143.00498962402344,-386.15728759765625,147.30389404296875,-188.10525512695312,-247.17019653320312,990.1672973632812,-164.22280883789062,-349.44268798828125,510.1304626464844,-254.4708709716797,-232.4292907714844,820.7552490234375
103.6237335205078,99.99093627929688,231.2578582763672,112.9644012451172,-271.6864929199219,961.5789794921876,103.62523651123048,-189.3956756591797,463.650146484375,173.3675079345703,-348.5625305175781,846.2592163085938,-143.37876892089844,-376.39654541015625,146.9817352294922,-189.3973388671875,-247.24078369140625,991.9031372070312,-165.81785583496094,-344.87408447265625,510.00970458984375,-256.1747741699219,-236.30178833007807,822.8588256835938
102.5114517211914,93.60918426513672,237.45556640625,111.59532928466795,-270.97119140625,962.662353515625,104.14604949951172,-198.98605346679688,463.3092651367188,173.63694763183594,-341.8302307128906,845.2124633789062,-143.67933654785156,-366.40081787109375,146.71714782714844,-190.6565704345703,-247.1009063720703,993.5914306640624,-167.22047424316406,-339.5175170898437,509.8201293945313,-257.7825927734375,-240.3723907470703,825.1331787109375
101.3114776611328,86.37113952636719,243.32562255859372,110.27800750732422,-270.02752685546875,963.8507080078124,104.68350219726562,-208.64205932617188,463.3269958496094,174.1568603515625,-335.0055847167969,844.37451171875,-143.9139404296875,-356.2059020996094,146.5019073486328,-191.8842010498047,-246.74822998046875,995.21728515625,-168.43304443359375,-333.4518737792969,509.5893249511719,-259.2847900390625,-244.62103271484372,827.5615234375
100.02043914794922,78.39082336425781,248.7697296142578,109.00997924804688,-268.8777160644531,965.1438598632812,105.19702911376952,-218.3053131103516,463.7471923828125,174.917724609375,-328.1068115234375,843.7431030273438,-144.0950164794922,-345.8499450683594,146.32740783691406,-193.0816192626953,-246.18179321289065,996.7686157226562,-169.4745635986328,-326.7784423828125,509.3385314941406,-260.6725769042969,-249.02708435058597,830.12646484375
98.64049530029295,69.7797622680664,253.691162109375,107.78856658935548,-267.5465087890625,966.5409545898438,105.65337371826172,-227.9269561767578,464.6001892089844,175.9074249267578,-321.1510314941406,843.3135375976562,-144.23751831054688,-335.3710021972656,146.18516540527344,-194.2501220703125,-245.40234375,998.23583984375,-170.37515258789062,-319.61236572265625,509.0818481445313,-261.9378662109375,-253.569580078125,832.810546875
97.1796417236328,60.63801193237305,257.99462890625,106.61116790771484,-266.0595397949219,968.0401611328124,106.0270767211914,-237.46563720703125,465.9006042480469,177.1113739013672,-314.1542358398437,843.0784912109375,-144.35659790039062,-324.8050537109375,146.06744384765625,-195.39073181152344,-244.4125518798828,999.6115112304688,-171.1697998046875,-312.0735168457031,508.8270263671875,-263.0734558105469,-258.2275085449219,835.5965576171875
95.6519012451172,51.04732894897461,261.5879211425781,105.4756851196289,-264.442138671875,969.6372680664062,106.30005645751952,-246.88494873046875,467.6463317871094,178.5126495361328,-307.13134765625,843.0283203125,-144.4656524658203,-314.18414306640625,145.96775817871094,-196.50384521484372,-243.2174072265625,1000.8900146484376,-171.8922882080078,-304.27801513671875,508.5773010253906,-264.0728759765625,-262.98004150390625,838.4672241210938
94.07760620117188,41.06730270385742,264.3853454589844,104.38075256347656,-262.7181701660156,971.3252563476562,106.4604721069336,-256.1506652832031,469.8186645507813,180.09217834472656,-300.09625244140625,843.15087890625,-144.5751495361328,-303.5354919433594,145.8811798095703,-197.5890045166016,-241.8244171142578,1002.0669555664062,-172.5703582763672,-296.33074951171875,508.3336791992188,-264.9305419921875,-267.806640625,841.406005859375
92.48338317871094,30.734468460083008,266.3125,103.32595825195312,-260.9091796875,973.0938720703124,106.50110626220705,-265.2282409667969,472.3838195800781,181.8289337158203,-293.0619812011719,843.4317016601562,-144.69195556640625,-292.88067626953125,145.80430603027344,-198.6446228027344,-240.2438201904297,1003.1392822265624,-173.2228240966797,-288.31951904296875,508.0968627929688,-265.6417541503906,-272.687255859375,844.3965454101562
90.90135955810548,20.064037322998047,267.310791015625,102.31188201904295,-259.03375244140625,974.9291381835938,106.41746520996094,-274.0810852050781,475.2953186035156,183.70030212402344,-286.04071044921875,843.8543090820312,-144.81924438476562,-282.2353210449219,145.7350616455078,-199.6679229736328,-238.48851013183597,1004.1046752929688,-173.85873413085938,-280.31060791015625,507.8688354492188,-266.2025756835937,-277.6025085449219,847.4231567382812
89.36753845214844,9.053704261779783,267.3411865234375,101.3401336669922,-257.1073608398437,976.8137817382812,106.2060546875,-282.6702575683594,478.4971618652344,185.68234252929688,-279.0438232421875,844.4000244140625,-144.95700073242188,-271.6094665527344,145.67237854003906,-200.6549835205078,-236.5739288330078,1004.9614868164062,-174.47850036621094,-272.3464050292969,507.6534423828125,-266.6098022460937,-282.5336303710937,850.4703979492188
87.91927337646484,-2.3114733695983887,266.3863525390625,100.41319274902344,-255.14230346679688,978.7271728515624,105.8630142211914,-290.9546813964844,481.92779541015625,187.75015258789065,-272.08209228515625,845.048583984375,-145.1029052734375,-261.0079040527344,145.61599731445312,-201.6007232666016,-234.517578125,1005.7086181640624,-175.0764617919922,-264.4460754394531,507.4562683105469,-266.8611145019531,-287.46258544921875,853.5231323242188
86.5926513671875,-14.054359436035156,264.4513854980469,99.53421783447266,-253.1480865478516,980.6461181640624,105.3834991455078,-298.8923645019531,485.523681640625,189.87826538085935,-265.1655578613281,845.778076171875,-145.25323486328125,-250.4311065673828,145.56613159179688,-202.49925231933597,-232.33860778808597,1006.3456420898438,-175.6439971923828,-256.6083374023437,507.2837829589844,-266.95489501953125,-292.3722229003906,856.5665283203125
85.42015838623047,-26.20186233520508,261.56317138671875,98.70675659179688,-251.1317443847656,982.5450439453124,104.76173400878906,-306.4414978027344,489.2225036621094,192.041015625,-258.3037109375,846.565673828125,-145.40370178222656,-239.8765563964844,145.52330017089844,-203.34402465820312,-230.0570831298828,1006.8724365234376,-176.172607421875,-248.8168792724609,507.1418762207031,-266.8902282714844,-297.24615478515625,859.5856323242188
84.42862701416016,-38.78207778930664,257.7694091796875,97.93448638916016,-249.09864807128903,984.3970336914062,103.99169921875,-313.5614929199219,492.96527099609375,194.2129821777344,-251.5054168701172,847.3875122070312,-145.55010986328125,-229.34014892578125,145.4881591796875,-204.12835693359372,-227.69342041015625,1007.2897338867188,-176.65602111816406,-241.04698181152344,507.03466796875,-266.66705322265625,-302.0688781738281,862.5656127929688
83.63763427734375,-51.82231140136719,253.1367950439453,97.22106170654295,-247.052978515625,986.1747436523438,103.06820678710938,-320.2137451171875,496.6974487304688,196.3692779541016,-244.7789459228516,848.2196044921875,-145.6888427734375,-218.8173675537109,145.46142578125,-204.8456573486328,-225.2675628662109,1007.5985107421876,-177.09109497070312,-233.27220153808597,506.9634399414063,-266.2859802246094,-306.8257141113281,865.49169921875
83.05828094482422,-65.34758758544922,247.7494201660156,96.56989288330078,-244.99826049804688,987.8511352539062,101.9883041381836,-326.362060546875,500.3688049316406,198.4859771728516,-238.1319580078125,849.0379028320312,-145.8171844482422,-208.30409240722656,145.44386291503906,-205.4900360107422,-222.7983856201172,1007.8003540039062,-177.47735595703125,-225.4699859619141,506.92669677734375,-265.74835205078125,-311.5028381347656,868.3487548828125
82.69269561767578,-79.37921905517578,241.70657348632807,95.98394012451172,-242.93783569335935,989.4007568359376,100.75283813476562,-331.9730834960937,503.9326171875,200.54046630859372,-231.571533203125,849.8187255859375,-145.93333435058594,-197.7970733642578,145.43637084960938,-206.0565490722656,-220.30323791503903,1007.8972778320312,-177.81625366210938,-217.6254425048828,506.9207153320313,-265.0563049316406,-316.0872802734375,871.1220092773438
82.53428649902344,-93.9333038330078,235.12049865722656,95.46544647216795,-240.875244140625,990.800048828125,99.36798095703124,-337.0165405273437,507.3443603515625,202.51173400878903,-225.1041717529297,850.5394897460938,-146.0362548828125,-187.29412841796875,145.4398193359375,-206.5416412353516,-217.79774475097656,1007.8914794921876,-178.1101837158203,-209.733154296875,506.9400939941406,-264.2127990722656,-320.5667724609375,873.7965087890625
82.5687255859375,-109.01900482177734,228.1136779785156,95.0157699584961,-238.8146514892578,992.0280151367188,97.846435546875,-341.46551513671875,510.5607604980469,204.38067626953125,-218.73577880859372,851.1786499023438,-146.12539672851562,-176.7940673828125,145.45513916015625,-206.9434051513672,-215.2957305908203,1007.78515625,-178.36180114746094,-201.7975616455078,506.978271484375,-263.2215576171875,-324.92987060546875,876.357666015625
82.77570343017578,-124.63715362548828,220.81570434570312,94.6352081298828,-236.76104736328125,993.0667114257812,96.20816802978516,-345.2969665527344,513.5391845703125,206.1303558349609,-212.4717559814453,851.7162475585938,-146.2005615234375,-166.29647827148438,145.48297119140625,-207.2617034912109,-212.8092498779297,1007.5803833007812,-178.57357788085938,-193.83204650878903,507.0279846191406,-262.0872497558594,-329.165771484375,878.7911987304688
83.13136291503906,-140.77920532226562,213.35960388183597,94.32288360595705,-234.720458984375,993.9010009765624,94.48039245605467,-348.4925842285156,516.2379760742188,207.7461700439453,-206.3170318603516,852.1342163085938,-146.26181030273438,-155.80160522460938,145.52369689941406,-207.4982452392578,-210.34849548339844,1007.279052734375,-178.7476348876953,-185.8571319580078,507.0816650390625,-260.8154602050781,-333.2642517089844,881.0831298828125
83.61089324951172,-157.42686462402344,205.878173828125,94.07676696777344,-232.7001037597656,994.5192260742188,92.69683074951172,-351.0400390625,518.6173706054688,209.2161102294922,-200.2761993408203,852.4163208007812,-146.30938720703125,-145.31005859375,145.57713317871094,-207.65646362304688,-207.92181396484372,1006.882568359375,-178.88601684570312,-177.89840698242188,507.1318359375,-259.41278076171875,-337.21563720703125,883.2203979492188
84.19014739990234,-174.55136108398438,198.50070190429688,93.89374542236328,-230.70828247070312,994.9127807617188,90.89632415771484,-352.9347839355469,520.6408081054688,210.53077697753903,-194.3535614013672,852.5485229492188,-146.34385681152344,-134.82284545898438,145.64256286621094,-207.74131774902344,-205.53582763671875,1006.3920288085938,-178.99093627929688,-169.98423767089844,507.1711730957031,-257.8867492675781,-341.01080322265625,885.1906127929688
84.84620666503906,-192.1118621826172,191.3501892089844,93.76981353759766,-228.75428771972656,995.0762329101562,89.120849609375,-354.1817932128906,522.2766723632812,211.6835479736328,-188.5533142089844,852.5189819335938,-146.3661346435547,-124.34117889404295,145.71861267089844,-207.7590789794922,-203.1957244873047,1005.8081665039062,-179.06532287597656,-162.14390563964844,507.1928405761719,-256.2458801269531,-344.6410827636719,886.9823608398438
85.55718231201172,-210.05300903320312,184.5406951904297,93.70034790039062,-226.84825134277344,995.0076293945312,87.41325378417969,-354.7975769042969,523.50048828125,212.6704864501953,-182.879638671875,852.3180541992188,-146.37747192382812,-113.86662292480467,145.80335998535156,-207.7169189453125,-200.9056854248047,1005.1317138671876,-179.11337280273438,-154.40589904785156,507.1903076171875,-254.49954223632807,-348.098388671875,888.58544921875
86.30157470703125,-228.30235290527344,178.17489624023438,93.68038177490234,-225.00086975097656,994.7083129882812,85.81473541259766,-354.8119812011719,524.296875,213.49038696289065,-177.33682250976562,851.9384765625,-146.3795166015625,-103.40113830566406,145.8943634033203,-207.62261962890625,-198.66937255859372,1004.36328125,-179.14071655273438,-146.79632568359375,507.1575012207031,-252.6580352783203,-351.375,889.990966796875
87.05752563476562,-246.7679443359375,172.34127807617188,93.70498657226562,-223.2232360839844,994.1827392578124,84.36238098144531,-354.2694396972656,524.6614990234375,214.1446533203125,-171.92945861816406,851.375244140625,-146.37442016601562,-92.94727325439452,145.98898315429688,-207.4840850830078,-196.49026489257807,1003.50390625,-179.15444946289062,-139.33758544921875,507.0888671875,-250.73248291015625,-354.4635925292969,891.19140625
87.80200958251953,-265.3365783691406,167.1113739013672,93.76959228515624,-221.52658081054688,993.43896484375,83.08676147460938,-353.2294311523437,524.602294921875,214.63717651367188,-166.66249084472656,850.6258544921875,-146.3647918701172,-82.50849151611328,146.08457946777344,-207.30902099609372,-194.3721466064453,1002.5546875,-179.16244506835938,-132.04794311523438,506.9797668457031,-248.73475646972656,-357.3571472167969,892.1809692382812
88.51042175292969,-283.8725891113281,162.536865234375,93.87030792236328,-219.92218017578125,992.4879760742188,82.00979614257812,-351.76580810546875,524.1405029296875,214.9742584228516,-161.54139709472656,849.6901245117188,-146.35365295410156,-72.08937072753906,146.1790008544922,-207.1043701171875,-192.3193206787109,1001.5175170898438,-179.1725616455078,-124.9417953491211,506.8265686035156,-246.6774139404297,-360.048828125,892.9556884765625
89.15663146972656,-302.2178039550781,158.6468505859375,94.00416564941406,-218.42127990722656,991.3441162109376,81.14317321777344,-349.9650573730469,523.3102416992188,215.16439819335935,-156.57225036621094,848.5704956054688,-146.34420776367188,-61.69586181640625,146.27098083496094,-206.8761749267578,-190.3370056152344,1000.3949584960938,-179.19134521484375,-118.03052520751952,506.6267700195313,-244.57357788085935,-362.5318298339844,893.5132446289062
89.71385192871094,-320.1930847167969,155.44577026367188,94.16924285888672,-217.03501892089844,990.0244750976562,80.48739624023438,-347.92352294921875,522.1570434570312,215.21815490722656,-151.76185607910156,847.2717895507812,-146.33963012695312,-51.335445404052734,146.3609161376953,-206.629150390625,-188.4316253662109,999.1901245117188,-179.2229766845703,-111.32366180419922,506.3790283203125,-242.4368438720703,-364.7993774414063,893.853515625
90.15602111816406,-337.6014099121094,152.91246032714844,94.36470794677734,-215.7743988037109,988.5491333007812,80.03169250488281,-345.7436218261719,520.7359008789062,215.14797973632807,-147.11776733398438,845.8014526367188,-146.3426971435547,-41.01710510253906,146.45162963867188,-206.3665771484375,-186.6109161376953,997.9074096679688,-179.2681121826172,-104.83001708984376,506.0828552246094,-240.2810821533203,-366.8445129394531,893.978271484375
90.45963287353516,-354.2332763671875,151.00064086914062,94.59073638916016,-214.6503448486328,986.9406127929688,79.75479888916016,-343.5292053222656,519.107666015625,214.96795654296875,-142.64834594726562,844.16943359375,-146.355224609375,-30.750965118408203,146.5492401123047,-206.09019470214844,-184.88429260253903,996.5519409179688,-179.32308959960938,-98.55878448486328,505.73870849609375,-238.1203765869141,-368.6601257324219,893.8912353515625
90.605712890625,-369.8739013671875,149.6413116455078,94.8483657836914,-213.6737060546875,985.2239379882812,79.6266098022461,-341.3802490234375,517.3356323242188,214.69369506835935,-138.36280822753906,842.3883666992188,-146.3775634765625,-20.547887802124023,146.6636199951172,-205.7999725341797,-183.2628631591797,995.1300659179688,-179.3791961669922,-92.52033996582033,505.3478393554688,-235.96876525878903,-370.2388000488281,893.598388671875
90.58152770996094,-384.3124694824219,148.74688720703125,95.1392593383789,-212.85533142089844,983.4261474609376,79.61055755615234,-339.38726806640625,515.481689453125,214.3419342041016,-134.27120971679688,840.4732666015625,-146.40850830078125,-10.419160842895508,146.80828857421875,-205.4940643310547,-181.75973510742188,993.6494750976562,-179.42242431640625,-86.72674560546875,504.9127197265625,-233.8401641845703,-371.57269287109375,893.107421875
90.38167572021484,-397.3526611328125,148.21730041503906,95.4654541015625,-212.2059783935547,981.5758666992188,79.66653442382812,-337.6264343261719,513.6030883789062,213.93038940429688,-130.38458251953125,838.4415893554688,-146.44557189941406,-0.3763404488563537,147.00003051757812,-205.16891479492188,-180.38987731933597,992.118896484375,-179.43357849121094,-81.19188690185547,504.43743896484375,-231.7481231689453,-372.65380859375,892.42822265625
90.0084228515625,-408.8228454589844,147.94686889648438,95.82909393310548,-211.736083984375,979.7031860351562,79.75407409667969,-336.15533447265625,511.7495727539063,213.47747802734372,-126.71489715576172,836.3128662109375,-146.4855499267578,9.56884765625,147.2581024169922,-204.81956481933597,-179.169921875,990.5485229492188,-179.3889923095703,-75.93138885498047,503.9284362792969,-229.7057037353516,-373.47369384765625,891.5722045898438
89.47122192382812,-418.5849609375,147.8316650390625,96.23220825195312,-211.4555511474609,977.8390502929688,79.83561706542969,-335.0103759765625,509.9620361328125,213.001953125,-123.2751007080078,834.1087646484375,-146.5253143310547,19.404563903808597,147.60313415527344,-204.44029235839844,-178.1173858642578,988.9500122070312,-179.2616729736328,-70.96238708496094,503.3949890136719,-227.72531127929688,-374.0237731933594,890.5526123046875
88.78553771972656,-426.5412902832031,147.776123046875,96.67649841308594,-211.3730926513672,976.0150146484376,79.87954711914062,-334.205810546875,508.27191162109375,212.5225982666016,-120.07916259765624,831.8525390625,-146.56251525878906,29.11891365051269,148.0560302734375,-204.02525329589844,-177.24986267089844,987.3363037109376,-179.02308654785156,-66.30339813232422,502.8494567871094,-225.81858825683597,-374.29541015625,889.384033203125
87.97205352783203,-432.6394958496094,147.69903564453125,97.1632080078125,-211.4957275390625,974.2625122070312,79.86278533935547,-333.7344665527344,506.7018127441406,212.05795288085935,-117.14201354980467,829.56884765625,-146.5961456298828,38.69994735717773,148.6370391845703,-203.56912231445312,-176.58407592773438,985.7215576171876,-178.64544677734375,-61.97469329833984,502.3069763183594,-223.99624633789065,-374.2799377441406,888.0823974609375
87.05640411376953,-436.87603759765625,147.53848266601562,97.6930694580078,-211.82798767089844,972.61279296875,79.77253723144531,-333.5705261230469,505.2664794921875,211.6258850097656,-114.47947692871094,827.283203125,-146.62698364257812,48.13541030883789,149.36508178710938,-203.06732177734372,-176.1349639892578,984.1207885742188,-178.10415649414062,-57.99933624267578,501.7839965820313,-222.2680511474609,-373.9690551757813,886.6648559570312
86.06909942626953,-439.29681396484375,147.25485229492188,98.26628875732422,-212.3711853027344,971.0960083007812,79.6073226928711,-333.67352294921875,503.9747924804688,211.2432403564453,-112.10809326171876,825.021728515625,-146.6576690673828,57.41193389892578,150.25755310058594,-202.51638793945312,-175.9146728515625,982.5496826171876,-177.38067626953125,-54.404727935791016,501.2963562011719,-220.6427001953125,-373.3548278808594,885.149169921875
85.045166015625,-439.99517822265625,146.83108520507812,98.88257598876952,-213.1227264404297,969.7410278320312,79.37699127197266,-333.9935607910156,502.8316955566406,210.925537109375,-110.04490661621094,822.8106689453125,-146.69271850585938,66.5135498046875,151.3304901123047,-201.91407775878903,-175.93148803710938,981.02392578125,-176.46490478515625,-51.22431564331055,500.8569030761719,-219.12782287597656,-372.4300842285156,883.553955078125
84.0230712890625,-439.1062927246094,146.27017211914062,99.54118347167967,-214.0753936767578,968.5746459960938,79.10189056396484,-334.4768981933594,501.8403930664063,210.6865997314453,-108.3072280883789,820.6759643554688,-146.738525390625,75.41975402832031,152.59898376464844,-201.25946044921875,-176.1888427734375,979.5590209960938,-175.35745239257812,-48.49911880493164,500.47308349609375,-217.7299346923828,-371.1885681152344,881.8981323242188
83.04293823242188,-436.7980041503906,145.59002685546875,100.24098205566406,-215.21707153320312,967.6209716796876,78.81122589111328,-335.0707702636719,501.0040893554688,210.538330078125,-106.9124755859375,818.6426391601562,-146.80319213867188,84.10321807861328,154.07766723632812,-200.5530242919922,-176.6842041015625,978.1697998046876,-174.0711212158203,-46.27868270874024,500.1452941894531,-216.4544982910156,-369.6252746582031,880.2009887695312
82.14387512207031,-433.2591552734375,144.8168487548828,100.98046112060548,-216.5304718017578,966.9006958007812,78.5407485961914,-335.7274169921875,500.3272705078125,210.4905548095703,-105.87793731689452,816.7345581054688,-146.896240234375,92.52741241455078,155.7814178466797,-199.79656982421875,-177.40826416015625,976.8701171875,-172.6317901611328,-44.620975494384766,499.865966796875,-215.30587768554688,-367.736572265625,878.4814453125
81.36072540283203,-428.6850280761719,143.9788818359375,101.75773620605467,-217.99339294433597,966.4305419921876,78.33001708984375,-336.4061584472656,499.8157348632813,210.5508575439453,-105.22061157226562,814.9740600585938,-147.0281219482422,100.64449310302734,157.72598266601562,-198.9933013916016,-178.3441162109375,975.67236328125,-171.07801818847656,-43.59071731567383,499.6195983886719,-214.2875213623047,-365.5205993652344,876.7584838867188
80.72075653076172,-423.2627258300781,143.10264587402344,102.57052612304688,-219.5791778564453,966.2222900390624,78.21934509277344,-337.0732727050781,499.4755859375,210.72457885742188,-104.95697784423828,813.3814086914062,-147.2092742919922,108.39374542236328,159.92868041992188,-198.1476593017578,-179.46690368652344,974.5875244140624,-169.45932006835938,-43.25592422485352,499.3836059570313,-213.4019470214844,-362.9774475097656,875.05029296875
80.24067687988281,-417.157958984375,142.21217346191406,103.41605377197266,-221.25762939453125,966.2822875976562,78.24674224853516,-337.6999206542969,499.3111572265625,211.0148162841797,-105.10277557373048,811.9744262695312,-147.4490509033203,115.70103454589844,162.4087371826172,-197.26531982421875,-180.7437896728516,973.6248779296876,-167.83360290527344,-43.683223724365234,499.1297912597656,-212.65084838867188,-360.1092834472656,873.3743896484375
79.92479705810547,-410.5056457519531,141.3295135498047,104.29100799560548,-222.99612426757807,966.6110229492188,78.44478607177734,-338.25799560546875,499.3219604492188,211.42242431640625,-105.67267608642578,810.7686767578125,-147.75430297851562,122.47950744628906,165.18727111816406,-196.3529357910156,-182.1343536376953,972.7916870117188,-166.26405334472656,-44.9326286315918,498.8260803222656,-212.0352935791016,-356.920654296875,871.7473754882812
79.7649154663086,-403.4064636230469,140.4748077392578,105.19142150878906,-224.7608795166016,967.202392578125,78.83753204345703,-338.7149658203125,499.4996337890625,211.94618225097656,-106.67998504638672,809.776611328125,-148.1280517578125,128.6318817138672,168.2866973876953,-195.4178924560547,-183.5917053222656,972.093505859375,-164.8152313232422,-47.05230331420898,498.4387512207031,-211.55577087402344,-353.41845703125,870.1845703125
79.7419662475586,-395.92822265625,139.66546630859375,106.11262512207033,-226.5183258056641,968.0440063476562,79.4378662109375,-339.0284423828125,499.8253173828125,212.5828857421875,-108.13626098632812,809.0081176757812,-148.56820678710938,134.0541229248047,171.72972106933594,-194.4680328369141,-185.0640106201172,971.5335693359376,-163.54856872558594,-50.07373046875,497.9352416992188,-211.21237182617188,-349.6121826171875,868.699951171875
79.82879638671875,-388.1107177734375,138.9154815673828,107.0492935180664,-228.23614501953125,969.1172485351562,80.24543762207031,-339.1419677734375,500.2689208984375,213.32752990722656,-110.05091857910156,808.469970703125,-149.067138671875,138.63975524902344,175.53770446777344,-193.51119995117188,-186.49655151367188,971.1134033203124,-162.51734924316406,-54.00787353515625,497.2874450683594,-211.0049591064453,-345.5138244628906,867.3057250976562
79.99360656738281,-379.9727478027344,138.23484802246094,107.99559020996094,-229.8840484619141,970.39794921875,81.24575805664062,-338.9833068847656,500.7900390625,214.1735076904297,-112.43081665039062,808.1661376953125,-149.61183166503906,142.28482055664062,179.728759765625,-192.55471801757807,-187.83441162109372,970.8325805664062,-161.76181030273438,-58.84278106689453,496.4754333496094,-210.93321228027344,-341.13787841796875,866.0126953125
80.2033920288086,-371.5201110839844,137.62940979003906,108.94538116455078,-231.43429565429688,971.857666015625,82.4106216430664,-338.4660339355469,501.3408203125,215.1127471923828,-115.27986907958984,808.0978393554688,-150.1846160888672,144.8931427001953,184.31521606445312,-191.6048126220703,-189.025390625,970.6889038085938,-161.30528259277344,-64.5429458618164,495.4914855957031,-210.99688720703125,-336.501220703125,864.8296508789062
80.42703247070312,-362.7535095214844,137.1008758544922,109.89251708984376,-232.862060546875,973.4644165039062,83.69991302490234,-337.4944152832031,501.8702392578125,216.135986328125,-118.59870910644533,808.2637939453125,-150.76394653320312,146.3821258544922,189.30044555664065,-190.6662139892578,-190.02264404296875,970.6787109375,-161.152099609375,-71.05083465576172,494.3432312011719,-211.19583129882807,-331.62274169921875,863.7635498046875
80.63760375976562,-353.6750793457031,136.64730834960938,110.8310775756836,-234.1455841064453,975.1845703125,85.06478881835938,-335.9713439941406,502.3292846679688,217.23294067382807,-122.3843994140625,808.6605834960938,-151.32569885253906,146.6886444091797,194.67515563964844,-189.74215698242188,-190.7867126464844,970.79736328125,-161.2876739501953,-78.29044342041016,493.05609130859375,-211.5300750732422,-326.5233154296875,862.8195190429688
80.81388092041016,-344.2933044433594,136.26373291015625,111.7557601928711,-235.2660675048828,976.9838256835938,86.45206451416016,-333.8079833984375,502.67572021484375,218.3925018310547,-126.63031005859376,809.282958984375,-151.84474182128906,145.77474975585938,200.41424560546875,-188.8345947265625,-191.2870330810547,971.0397338867188,-161.68052673339844,-86.1720962524414,491.6745910644531,-211.99986267089844,-321.2252502441406,862.0010375976562
80.94117736816406,-334.6258239746094,135.94288635253906,112.66210174560548,-236.2075958251953,978.8287353515624,87.8095703125,-330.9333801269531,502.8782958984375,219.60284423828125,-131.32606506347656,810.1243286132812,-152.2969970703125,143.63218688964844,206.47463989257807,-187.94439697265625,-191.5028076171875,971.4010009765624,-162.28594970703125,-94.59777069091795,490.26214599609375,-212.60569763183597,-315.7518920898437,861.309814453125
81.01165008544922,-324.69970703125,135.67591857910156,113.54676818847656,-236.95689392089844,980.6879272460938,89.09193420410156,-327.3031005859375,502.9189758300781,220.8517303466797,-136.4576873779297,811.17724609375,-152.66134643554688,140.28506469726562,212.79481506347656,-187.07177734375,-191.42361450195312,971.8768920898438,-163.05104064941406,-103.46694946289062,488.898681640625,-213.34815979003903,-310.1273193359375,860.7460327148438
81.02404022216797,-314.5496826171875,135.4530792236328,114.4076919555664,-237.5031280517578,982.5327758789062,90.26595306396484,-322.9050598144531,502.7939758300781,222.12646484375,-142.00775146484375,812.4336547851562,-152.92123413085938,135.78961181640625,219.2964782714844,-186.2166748046875,-191.0495758056641,972.4642333984376,-163.9203643798828,-112.68241119384766,487.6754760742188,-214.2278289794922,-304.3757019042969,860.3084716796875
80.9830551147461,-304.2151184082031,135.2643280029297,115.24412536621094,-237.8376922607422,984.337890625,91.31448364257812,-317.7618713378906,502.5130310058594,223.4141540527344,-147.95567321777344,813.8853759765625,-153.06605529785156,130.23045349121094,225.88754272460935,-185.379150390625,-190.3908233642578,973.1607055664062,-164.84103393554688,-122.15446472167967,486.68841552734375,-215.2450256347656,-298.5210266113281,859.9945678710938
80.89830017089844,-293.7370910644531,135.09991455078125,116.05657196044922,-237.9541473388672,986.081787109375,92.238037109375,-311.9289855957031,502.0971374511719,224.7017364501953,-154.27801513671875,815.5244140625,-153.09207153320312,123.71341705322266,232.46551513671875,-184.5595550537109,-189.46664428710935,973.965087890625,-165.76661682128906,-131.80303955078125,486.0299682617188,-216.3995819091797,-292.58660888671875,859.8006591796875
80.78306579589844,-283.1556091308594,134.95095825195312,116.84654235839844,-237.8481903076172,987.7464599609376,93.05345153808594,-305.48895263671875,501.5752868652344,225.9760589599609,-160.9488525390625,817.3429565429688,-153.002685546875,116.35543060302734,238.9200897216797,-183.75863647460935,-188.3038787841797,974.8765869140624,-166.65933227539062,-141.5574188232422,485.7815551757813,-217.69049072265625,-286.5948791503906,859.7218627929688
80.65274047851562,-272.5072021484375,134.8100128173828,117.6163330078125,-237.51773071289065,989.3171997070312,93.78966522216795,-298.5425109863281,500.9805603027344,227.22393798828125,-167.9401092529297,819.333740234375,-152.807861328125,108.27307891845705,245.1343994140625,-182.97760009765625,-186.93527221679688,975.8945922851562,-167.490478515625,-151.35398864746094,486.0063781738281,-219.1155242919922,-280.5669250488281,859.7520751953125
80.5230712890625,-261.822998046875,134.6715545654297,118.36865997314452,-236.96278381347656,990.7824096679688,94.4812240600586,-291.1983642578125,500.34619140625,228.4322509765625,-175.22198486328125,821.4898071289062,-152.5229034423828,99.5716323852539,250.9854736328125,-182.21804809570312,-185.3972930908203,977.0177612304688,-168.24021911621094,-161.1342315673828,486.7445373535156,-220.6708526611328,-274.5224609375,859.8840942382812
80.40811157226562,-251.1275787353516,134.5322265625,119.10636901855467,-236.18551635742188,992.1328125,95.16060638427734,-283.56256103515625,499.7024230957031,229.5878753662109,-182.7632598876953,823.804443359375,-152.1665802001953,90.33692169189452,256.3457946777344,-181.48190307617188,-183.72813415527344,978.2434692382812,-168.8971405029297,-170.84344482421875,488.0104064941406,-222.35073852539065,-268.4796142578125,860.1092529296875
80.31844329833984,-240.4384307861328,134.39088439941406,119.83213806152344,-235.19009399414065,993.3612670898438,95.85090637207033,-275.7297668457031,499.07415771484375,230.6779022216797,-190.5316925048828,826.2713623046875,-151.75942993164062,80.63104248046875,261.0867004394531,-180.77137756347656,-181.9654998779297,979.5670166015624,-169.4574737548828,-180.4303131103516,489.7922973632813,-224.14720153808597,-262.4547119140625,860.4177856445312
80.26006317138672,-229.76626586914065,134.24842834472656,120.54824829101562,-233.9824676513672,994.4622192382812,96.5604019165039,-267.77667236328125,498.4793395996094,231.6895294189453,-198.49432373046875,828.8839721679688,-151.32249450683594,70.4918441772461,265.084228515625,-180.08883666992188,-180.1449432373047,980.9808959960938,-169.92356872558594,-189.846923828125,492.05462646484375,-226.04983520507807,-256.4622802734375,860.7981567382812
80.23405456542969,-219.11587524414065,134.10745239257812,121.25638580322266,-232.57020568847656,995.4310913085938,97.28054809570312,-259.7584533691406,497.9287109375,232.61024475097656,-206.6177673339844,831.6356201171875,-150.8768768310547,59.93516540527344,268.225830078125,-179.4367218017578,-178.29832458496094,982.474609375,-170.3020477294922,-199.0489654541016,494.7413635253906,-228.04563903808597,-250.51499938964844,861.2376098632812
80.23693084716797,-208.48731994628903,133.97171020507812,121.9574966430664,-230.9623565673828,996.2640991210938,97.98809814453124,-251.70823669433597,497.4261779785156,233.4279022216797,-214.8685607910156,834.51904296875,-150.44384765625,48.95893859863281,270.4169311523437,-178.8174285888672,-176.452880859375,984.034423828125,-170.60147094726562,-207.9961395263672,497.7809143066406,-230.11911010742188,-244.623779296875,861.7216796875
80.26177978515625,-197.8772735595703,133.84548950195312,122.65158081054688,-229.16937255859372,996.9580078125,98.65106201171876,-243.63873291015625,496.969970703125,234.1307678222656,-223.21334838867188,837.5261840820312,-150.04434204101562,37.548789978027344,271.5865478515625,-178.23324584960938,-174.63058471679688,985.6434326171876,-170.83004760742188,-216.65272521972656,501.0913391113281,-232.2522735595703,-238.79782104492188,862.2347412109375
80.29962158203125,-187.28060913085935,133.73297119140625,123.3376235961914,-227.2031707763672,997.510009765625,99.23680877685548,-235.54620361328125,496.5545349121094,234.7076873779297,-231.61915588378903,840.6481323242188,-149.69764709472656,25.68417739868164,271.6911315917969,-177.68634033203125,-172.84796142578125,987.2819213867188,-170.9930877685547,-224.9880523681641,504.5862426757813,-234.4250030517578,-233.0447540283203,862.759765625
80.34102630615234,-176.69175720214844,133.63758850097656,124.01348114013672,-225.0773162841797,997.9177856445312,99.71968841552734,-227.41612243652344,496.1722106933594,235.148193359375,-240.0535125732422,843.8746948242188,-149.42025756835938,13.34341526031494,270.7160949707031,-177.17874145507812,-171.116455078125,988.9276733398438,-171.0910186767578,-232.97601318359372,508.1802368164063,-236.61534118652344,-227.3708038330078,863.278564453125
80.37745666503906,-166.1057891845703,133.5615997314453,124.67581939697266,-222.80697631835935,998.1796264648438,100.08585357666016,-219.23001098632807,495.8146667480469,235.442626953125,-248.48460388183597,847.1943969726562,-149.2252655029297,0.5068423748016357,268.6756591796875,-176.7124786376953,-169.44288635253906,990.5568237304688,-171.1181182861328,-240.5933074951172,511.7938537597656,-238.800048828125,-221.78103637695312,863.7723388671875
80.4022216796875,-155.51913452148438,133.50595092773438,125.32007598876952,-220.4087677001953,998.294921875,100.3344268798828,-210.9721221923828,495.4739379882813,235.58233642578125,-256.8814697265625,850.5946044921875,-149.1219482421875,-12.841699600219728,265.6106872558594,-176.2895965576172,-167.83038330078125,992.1441650390624,-171.0623779296875,-247.8168182373047,515.35693359375,-240.95509338378903,-216.27947998046875,864.2217407226562
80.4108657836914,-144.92990112304688,133.47018432617188,125.94060516357422,-217.9005584716797,998.263916015625,100.47542572021484,-202.63449096679688,495.1425476074219,235.55984497070312,-265.2139892578125,854.0610961914062,-149.1155242919922,-26.714757919311523,261.5858459472656,-175.91220092773438,-166.27926635742188,993.6640014648438,-170.90667724609375,-254.62098693847656,518.81005859375,-243.0562744140625,-210.86949157714844,864.607421875
80.40100860595703,-134.33773803710938,133.4526824951172,126.5308837890625,-215.30123901367188,998.0881958007812,100.52584838867188,-194.2196350097656,494.81390380859375,235.36895751953125,-273.4529724121094,857.5785522460938,-149.20693969726562,-41.12202453613281,256.6861267089844,-175.5823974609375,-164.78787231445312,995.0906982421876,-170.6309051513672,-260.9759216308594,522.1043090820312,-245.0798797607422,-205.55381774902344,864.9102783203125
80.37181091308594,-123.74353790283205,133.4508514404297,127.08392333984376,-212.63059997558597,997.7703857421876,100.50535583496094,-185.74124145507807,494.4819946289063,235.0049285888672,-281.5702209472656,861.1301879882812,-149.392822265625,-56.07135009765625,251.01364135742188,-175.30224609375,-163.35348510742188,996.3995971679688,-170.21519470214844,-266.8466491699219,525.1984252929688,-247.00328063964844,-200.3349151611328,865.1121215820312
80.3232650756836,-113.14893341064452,133.4613494873047,127.5926284790039,-209.9091033935547,997.3141479492188,100.43257904052734,-177.2230224609375,494.1413269042969,234.46466064453125,-289.53863525390625,864.6985473632812,-149.66558837890625,-71.56938171386719,244.68460083007807,-175.0736541748047,-161.9729461669922,997.5670776367188,-169.6438446044922,-272.1941223144531,528.0556030273438,-248.80551147460935,-195.21514892578125,865.1957397460938
80.25543975830078,-102.55592346191406,133.48036193847656,128.05023193359375,-207.15773010253903,996.7240600585938,100.32259368896484,-168.69627380371094,493.7867431640625,233.7467193603516,-297.3321533203125,868.2649536132812,-150.01365661621094,-87.6213150024414,237.8267974853516,-174.8982696533203,-160.64344787597656,998.5715942382812,-168.9090118408203,-276.977783203125,530.64013671875,-250.4679107666016,-190.1969146728516,865.1456298828125
80.16793823242188,-91.96651458740234,133.5037078857422,128.45068359375,-204.39767456054688,996.00537109375,100.18573760986328,-160.196533203125,493.41351318359375,232.85142517089844,-304.92584228515625,871.8102416992188,-150.42193603515625,-104.2294692993164,230.57716369628903,-174.77737426757812,-159.36300659179688,999.3937377929688,-168.01327514648438,-281.1586608886719,532.914794921875,-251.9745330810547,-185.2828521728516,864.947998046875
80.05974578857422,-81.38275909423828,133.5274200439453,128.78897094726562,-201.65013122558597,995.163818359375,100.02769470214844,-151.7600555419922,493.017578125,231.78099060058597,-312.2960205078125,875.3145751953125,-150.87240600585938,-121.39073181152344,223.0793914794922,-174.71180725097656,-158.1309051513672,1000.0169677734376,-166.97036743164062,-284.70281982421875,534.840576171875,-253.31260681152344,-180.47604370117188,864.5912475585938
79.92938995361328,-70.80699157714844,133.54827880859375,129.06129455566406,-198.9359893798828,994.2054443359376,99.8505401611328,-143.42051696777344,492.5960388183594,230.53936767578125,-319.42022705078125,878.7579345703125,-151.34512329101562,-139.093017578125,215.4812774658203,-174.7018280029297,-156.9480438232422,1000.427490234375,-165.80430603027344,-287.5846862792969,536.3776245117188,-254.47283935546875,-175.78009033203125,864.0660400390625
79.77532958984375,-60.242164611816406,133.56436157226562,129.26531982421875,-196.2754364013672,993.1363525390624,99.65430450439452,-135.206787109375,492.1473083496094,229.13232421875,-326.2772827148437,882.1200561523438,-151.8191680908203,-157.31101989746094,207.9318084716797,-174.74717712402344,-155.81712341308594,1000.6151733398438,-164.5474090576172,-289.7901611328125,537.4882202148438,-255.4496307373047,-171.19920349121094,863.3656616210938
79.59649658203125,-49.69228744506836,133.57534790039062,129.40005493164062,-193.6878204345703,991.9628295898438,99.43880462646484,-127.14186096191406,491.6715698242188,227.5673065185547,-332.84747314453125,885.380859375,-152.27374267578125,-176.00192260742188,200.5777587890625,-174.84698486328125,-154.74273681640625,1000.5733032226562,-163.23770141601562,-291.3193054199219,538.1400146484375,-256.2412109375,-166.73834228515625,862.48583984375
79.39289093017578,-39.16276550292969,133.58287048339844,129.46592712402344,-191.1913604736328,990.6912231445312,99.2052993774414,-119.24291229248048,491.1705627441406,225.85337829589844,-339.11236572265625,888.5203857421875,-152.6888885498047,-195.10118103027344,193.5598907470703,-174.99978637695312,-153.7313232421875,1000.2991333007812,-161.91598510742188,-292.18853759765625,538.3097534179688,-256.8494567871094,-162.4032745361328,861.4249267578125
79.1661605834961,-28.66063499450684,133.59068298339844,129.4644775390625,-188.80316162109372,989.328125,98.9576644897461,-111.52233123779295,490.6474609375,224.0010528564453,-345.0549621582031,891.519287109375,-153.04615783691406,-214.51898193359372,187.0086669921875,-175.2036590576172,-152.79087829589844,999.7940673828124,-160.62318420410156,-292.431884765625,537.9865112304688,-257.27996826171875,-158.2005615234375,860.183837890625
78.92002868652344,-18.19464111328125,133.6049041748047,129.39816284179688,-186.5391387939453,987.8804321289062,98.7028350830078,-103.98981475830078,490.1065673828125,222.02218627929688,-350.65966796875,894.358642578125,-153.32913208007812,-234.1377716064453,181.03952026367188,-175.45619201660156,-151.93063354492188,999.0638427734376,-159.39779663085938,-292.1009826660156,537.1744995117188,-257.54168701171875,-154.13763427734375,858.7660522460938
78.66046905517578,-7.775151252746582,133.63406372070312,129.27000427246094,-184.41392517089844,986.3558349609376,98.45018005371094,-96.65509796142578,489.5529174804688,219.92984008789065,-355.9122009277344,897.0204467773438,-153.5237579345703,-253.8114471435547,175.7479248046875,-175.75465393066406,-151.16075134277344,998.1184692382812,-158.27369689941406,-291.2642517089844,535.8948974609375,-257.6465759277344,-150.22271728515625,857.1776733398438
78.39564514160156,2.5859875679016118,133.68894958496094,129.08334350585938,-182.4410858154297,984.762939453125,98.21028900146484,-89.53044128417969,488.99163818359375,217.73812866210935,-360.7996215820313,899.4876098632812,-153.61854553222656,-273.3665771484375,171.2045135498047,-176.0960693359375,-150.4920654296875,996.9725341796876,-157.2781524658203,-290.0048522949219,534.1862182617188,-257.6092529296875,-146.46490478515625,855.427001953125
78.13545227050781,12.87575340270996,133.78244018554688,128.8415985107422,-180.63314819335935,983.1118774414062,97.99335479736328,-82.6325912475586,488.4275512695313,215.46209716796875,-365.3102722167969,901.7442016601562,-153.60447692871094,-292.605224609375,167.45054626464844,-176.47740173339844,-149.93577575683594,995.6448974609376,-156.43032836914062,-288.417724609375,532.1034545898438,-257.4466857910156,-142.87400817871094,853.5248413085938
77.89071655273438,23.08039665222168,133.92880249023438,128.54806518554688,-179.00192260742188,981.4141845703124,97.80754852294922,-75.98390197753906,487.8644409179688,213.1175842285156,-369.43365478515625,903.7755126953124,-153.47463989257812,-311.3099365234375,164.494384765625,-176.8955841064453,-149.50323486328125,994.158447265625,-155.7401123046875,-286.606201171875,529.7152099609375,-257.17755126953125,-139.46060180664062,851.4841918945312
77.67202758789062,33.18593978881836,134.14312744140625,128.2057342529297,-177.55857849121094,979.682861328125,97.65762329101562,-69.61262512207031,487.30474853515625,210.7211456298828,-373.1603698730469,905.5682373046876,-153.2236328125,-329.25018310546875,162.3097381591797,-177.34768676757812,-149.20579528808594,992.5399780273438,-155.20773315429688,-284.677978515625,527.1000366210938,-256.82183837890625,-136.2358856201172,849.3201293945312
77.48843383789062,43.17861175537109,134.4408416748047,127.81724548339844,-176.31375122070312,977.9326171875,97.54389190673828,-63.552276611328125,486.7491455078125,208.28990173339844,-376.4821166992188,907.1107788085938,-152.84674072265625,-346.1905212402344,160.8362579345703,-177.83099365234375,-149.05458068847656,990.8197021484376,-154.82403564453125,-282.74139404296875,524.3419799804688,-256.4005126953125,-133.21165466308594,847.0497436523438
77.34616088867188,53.045188903808594,134.8377227783203,127.3848648071289,-175.2774658203125,976.1793823242188,97.46155548095705,-57.84034729003906,486.1966857910156,205.8414764404297,-379.3914489746094,908.3931884765624,-152.339111328125,-361.8998718261719,159.98277282714844,-178.343017578125,-149.0605010986328,989.0305786132812,-154.5714874267578,-280.9013977050781,521.5260620117188,-255.9348602294922,-130.40020751953125,844.6919555664062
77.24768829345703,62.773284912109375,135.35015869140625,126.9104995727539,-174.45899963378906,974.440185546875,97.4004364013672,-52.51665496826172,485.6451721191406,203.3938446044922,-381.8819274902344,909.4072875976562,-151.6953125,-376.1614074707031,159.63319396972656,-178.8815460205078,-149.2340850830078,987.2075805664062,-154.42547607421875,-279.255126953125,518.7348022460938,-255.44613647460935,-127.81434631347656,842.2672729492188
77.19113159179688,72.35148620605469,135.99537658691406,126.395751953125,-173.86663818359375,972.7327270507812,97.34497833251952,-47.621612548828125,485.0916137695313,200.9652557373047,-383.9479064941406,910.1468505859376,-150.9095001220703,-388.7831726074219,159.65481567382812,-179.44459533691406,-149.5855255126953,985.3870239257812,-154.35586547851562,-277.8872985839844,516.0446166992188,-254.95513916015625,-125.46717834472656,839.7977905273438
77.17031860351562,81.76923370361328,136.79171752929688,125.84209442138672,-173.50726318359375,971.074951171875,97.27477264404295,-43.1945915222168,484.5328369140625,198.57408142089844,-385.5845642089844,910.607666015625,-149.9763641357422,-399.6084899902344,159.90843200683594,-180.03038024902344,-150.12445068359375,983.6055297851562,-154.3286590576172,-276.8653564453125,513.5224609375,-254.48182678222656,-123.37208557128906,837.3067626953125
77.17532348632812,91.01642608642578,137.75843811035156,125.25094604492188,-173.38595581054688,969.484619140625,97.16561126708984,-39.27275085449219,483.9661560058594,196.2387542724609,-386.7878112792969,910.78759765625,-148.89271545410156,-408.525390625,160.25936889648438,-180.6373291015625,-150.8598175048828,981.8990478515624,-154.30821228027344,-276.2354736328125,511.2225646972656,-254.0448760986328,-121.54254913330078,834.8182983398438
77.19356536865234,100.08269500732422,138.91546630859375,124.62384796142578,-173.5054473876953,967.9785766601562,96.99124145507812,-35.8903923034668,483.3896179199219,193.97756958007807,-387.5542907714844,910.6864624023438,-147.6593475341797,-415.4745178222656,160.58819580078125,-181.2640380859375,-151.79934692382812,980.3021850585938,-154.26002502441406,-276.0201721191406,509.1844482421875,-253.661376953125,-119.99199676513672,832.3570556640625
77.21116638183594,108.95636749267578,140.28292846679688,123.96265411376952,-173.8655242919922,966.5724487304688,96.72590637207033,-33.078975677490234,482.8019714355469,191.80848693847656,-387.88128662109375,910.306396484375,-146.28298950195312,-420.4539489746094,160.79981994628906,-181.9092559814453,-152.94874572753906,978.8472290039062,-154.1540985107422,-276.21795654296875,507.431884765625,-253.3464813232422,-118.73357391357422,829.9479370117188
77.21450805664062,117.6229019165039,141.880615234375,123.26969909667967,-174.4622344970703,965.2796630859376,96.34761810302734,-30.86767578125,482.202392578125,189.74905395507807,-387.7668151855469,909.6514892578124,-144.77801513671875,-423.5210266113281,160.82960510253906,-182.5718231201172,-154.31082153320312,977.5632934570312,-153.96786499023438,-276.8050231933594,505.973876953125,-253.11312866210935,-117.77997589111328,827.6156616210938
77.19184875488281,126.06277465820312,143.7273712158203,122.54783630371094,-175.28736877441406,964.1115112304688,95.84186553955078,-29.284273147583008,481.58984375,187.81610107421875,-387.2093505859375,908.72802734375,-143.16766357421875,-424.7891540527344,160.64524841308594,-183.2506103515625,-155.8843536376953,976.4759521484376,-153.68887329101562,-277.7384338378906,504.8069763183594,-252.97178649902344,-117.14318084716795,825.3843383789062
77.13494873046875,134.24920654296875,145.8407440185547,121.80034637451172,-176.3280029296875,963.076171875,95.205322265625,-28.355928421020508,480.9622192382813,186.0255279541016,-386.2080993652344,907.544189453125,-141.4847412109375,-424.4204406738281,160.2440948486328,-183.9444580078125,-157.66311645507812,975.606689453125,-153.31680297851562,-278.9610595703125,503.9186401367188,-252.9302673339844,-116.83428192138672,823.27734375
77.0405502319336,142.14613342285156,148.23666381835938,121.03081512451172,-177.56619262695312,962.1788330078124,94.448974609375,-28.10961532592773,480.3157653808594,184.3921356201172,-384.7628784179688,906.1103515625,-139.7715606689453,-422.61328125,159.6464385986328,-184.652099609375,-159.63511657714844,974.9722900390624,-152.86460876464844,-280.4073181152344,503.2910461425781,-252.9936370849609,-116.86322784423828,821.316650390625
76.91157531738281,149.7066192626953,150.92953491210938,120.242919921875,-178.97889709472656,961.4212036132812,93.59980010986328,-28.572004318237305,479.6445617675781,182.9293212890625,-382.8740539550781,904.4389038085938,-138.07887268066406,-419.5865478515625,158.8865966796875,-185.3721160888672,-161.78201293945312,974.5846557617188,-152.35879516601562,-282.0093688964844,502.9046630859375,-253.16407775878903,-117.23865509033205,819.5228881835938
76.75769805908203,156.87155151367188,153.9325408935547,119.44029235839844,-180.53819274902344,960.8015747070312,92.70086669921876,-29.768796920776367,478.9402160644531,181.64886474609372,-380.5428161621094,902.5440673828124,-136.4632568359375,-415.5608825683594,158.00466918945312,-186.1029052734375,-164.07904052734375,974.4507446289062,-151.83831787109375,-283.70245361328125,502.7403564453125,-253.44097900390625,-117.96773529052734,817.9148559570312
76.59529113769531,163.56907653808594,157.2579345703125,118.62635803222656,-182.2117462158203,960.3148803710938,91.8093032836914,-31.72359085083008,478.1919860839844,180.5607452392578,-377.7710571289063,900.4420776367188,-134.98297119140625,-410.740966796875,157.04074096679688,-186.8426513671875,-166.49533081054688,974.5720825195312,-151.3524169921875,-285.428466796875,502.7798461914063,-253.8210601806641,-119.0560073852539,816.5096435546875
76.44670867919922,169.71450805664062,160.91720581054688,117.80433654785156,-183.96353149414065,959.9534301757812,90.992431640625,-34.4564323425293,477.3870239257813,179.67295837402344,-374.5616455078125,898.1508178710938,-133.69252014160156,-405.3014526367188,156.03102111816406,-187.5893402099609,-168.9947052001953,974.9447631835938,-150.95700073242188,-287.1370544433594,503.0042724609375,-254.29852294921875,-120.50732421875,815.3219604492188
76.33853912353516,175.211181640625,164.92105102539062,116.97720336914062,-185.75469970703125,959.70751953125,90.32203674316406,-37.982177734375,476.5111999511719,178.9913787841797,-370.9183654785156,895.6901245117188,-132.63629150390625,-399.37841796875,155.00599670410156,-188.3408203125,-171.53689575195312,975.5597534179688,-150.7100067138672,-288.7840881347656,503.3912963867188,-254.8653564453125,-122.32372283935548,814.3644409179688
76.29900360107422,179.95318603515625,169.2787628173828,116.14773559570312,-187.5446319580078,959.5665283203124,89.86725616455078,-42.30876541137695,475.550048828125,178.51968383789062,-366.84613037109375,893.0811157226562,-131.84300231933594,-393.0670166015625,153.9903564453125,-189.09483337402344,-174.0789794921875,976.4026489257812,-150.6658477783203,-290.3274230957031,503.9120788574219,-255.5116424560547,-124.50537109375,813.6473999023438
76.35458374023438,183.8295135498047,173.99624633789062,115.3184814453125,-189.292236328125,959.5195922851562,89.68714904785156,-47.435691833496094,474.4908447265625,178.25926208496094,-362.3511962890625,890.3466186523438,-131.32229614257812,-386.4244079589844,153.00367736816406,-189.8491973876953,-176.5768585205078,977.4547119140624,-150.8695068359375,-291.7212829589844,504.5294189453125,-256.22589111328125,-127.0504913330078,813.1787109375
76.52648162841797,186.7294158935547,179.072998046875,114.49176788330078,-190.95709228515625,959.5565185546876,89.82398986816406,-53.35284805297852,473.3253784179688,178.20932006835938,-357.441162109375,887.5104370117188,-131.06446838378906,-379.4757080078125,152.06141662597656,-190.6018524169922,-178.9868621826172,978.6929321289062,-151.35067749023438,-292.9106140136719,505.198486328125,-256.9953918457031,-129.9552459716797,812.964111328125
76.8272933959961,188.5484619140625,184.49832153320312,113.66960906982422,-192.5009613037109,959.6690063476562,90.2985610961914,-60.0396728515625,472.0534057617188,178.3668670654297,-352.1250915527344,884.5975952148438,-131.0428466796875,-372.2222290039063,151.1755828857422,-191.35107421875,-181.2669677734375,980.0914916992188,-152.11912536621094,-293.8266296386719,505.8705749511719,-257.8065795898437,-133.2136993408203,813.0068359375
77.25868225097656,189.19509887695312,190.247802734375,112.8536376953125,-193.88919067382807,959.851318359375,91.10819244384766,-67.4645004272461,470.686279296875,178.72683715820312,-346.4136962890625,881.6338500976562,-131.21832275390625,-364.65032958984375,150.35536193847656,-192.09564208984372,-183.3780212402344,981.6221923828124,-153.16195678710938,-294.3851623535156,506.498046875,-258.6453857421875,-136.8177032470703,813.3082885742188
77.81050109863281,188.5972595214844,196.28060913085935,112.0449676513672,-195.09207153320312,960.1009521484376,92.22779846191406,-75.5842056274414,469.2498779296875,179.28221130371094,-340.3193359375,878.6453857421875,-131.5444793701172,-356.7398986816406,149.60740661621094,-192.83497619628903,-185.28456115722656,983.2559204101562,-154.4438934326172,-294.4884338378906,507.0400085449219,-259.4975280761719,-140.75682067871094,813.86767578125
78.46119689941406,186.70877075195312,202.53819274902344,111.24407196044922,-196.08609008789065,960.4190063476562,93.6135711669922,-84.3445053100586,467.78607177734375,180.024169921875,-333.8560791015625,875.6588134765625,-131.9725341796875,-348.47222900390625,148.9360809326172,-193.5693206787109,-186.95550537109372,984.9631958007812,-155.91055297851562,-294.0306701660156,507.4663391113281,-260.3488464355469,-145.01829528808594,814.6826171875
79.17942810058594,183.51466369628903,208.9452362060547,110.4506378173828,-196.85498046875,960.81005859375,95.20826721191406,-93.6806411743164,466.3525085449219,180.9422607421875,-327.03961181640625,872.7005004882812,-132.45559692382812,-339.835693359375,148.3435516357422,-194.2998046875,-188.36448669433597,986.71533203125,-157.4940643310547,-292.9056701660156,507.7602233886719,-261.1855163574219,-149.58709716796875,815.7492065429688
79.9266586303711,179.03460693359375,215.4130706787109,109.66356658935548,-197.39028930664065,961.281494140625,96.9470443725586,-103.51854705810548,465.0205383300781,182.0245056152344,-319.8874206542969,869.7964477539062,-132.95211791992188,-330.8300170898437,147.82984924316406,-195.0284423828125,-189.4902191162109,988.4852905273438,-159.12057495117188,-291.0163269042969,507.9187316894531,-261.9943542480469,-154.4458770751953,817.0621948242188
80.66059875488281,173.3238525390625,221.84457397460935,108.8809814453125,-197.69158935546875,961.8432006835938,98.76296997070312,-113.77645874023438,463.8712158203125,183.25755310058597,-312.4185791015625,866.9718627929688,-133.4283905029297,-321.4683837890625,147.39295959472656,-195.7580718994141,-190.3165435791016,990.2479248046876,-160.7183837890625,-288.28375244140625,507.951171875,-262.7630310058594,-159.57510375976562,818.615478515625
81.33934783935547,166.47093200683594,228.13946533203125,108.10041809082033,-197.76614379882807,962.5070190429688,100.59170532226562,-124.36693572998048,462.9899597167969,184.6269073486328,-304.6538391113281,864.250732421875,-133.86012268066406,-311.7775573730469,147.02871704101562,-196.4921417236328,-190.83248901367188,991.9805297851562,-162.22608947753906,-284.6562194824219,507.8761291503906,-263.48016357421875,-164.95323181152344,820.40185546875
81.92555236816406,158.59149169921875,234.1984100341797,107.31903839111328,-197.62820434570312,963.2857666015624,102.37511444091795,-135.19920349121094,462.4605102539063,186.1169891357422,-296.6155700683594,861.6553955078125,-134.23284912109375,-301.7953491210937,146.73121643066406,-197.2344512939453,-191.0321044921875,993.6632080078124,-163.598876953125,-280.1160888671875,507.7173767089844,-264.1356201171875,-170.55685424804688,822.4136352539062
82.38978576660156,149.8188934326172,239.9252014160156,106.53392791748048,-197.29782104492188,964.1923217773438,104.06379699707033,-146.181640625,462.3588562011719,187.7113037109375,-288.3276672363281,859.2060546875,-134.54144287109375,-291.56689453125,146.49313354492188,-197.9886932373047,-190.9143829345703,995.2787475585938,-164.81240844726562,-274.683837890625,507.5001525878906,-264.7204284667969,-176.36114501953125,824.642333984375
82.71270751953125,140.2925262451172,245.22694396972656,105.74237823486328,-196.7994537353516,965.2382202148438,105.61856842041016,-157.22438049316406,462.7473449707031,189.39259338378903,-279.8155517578125,856.9205932617188,-134.7886199951172,-281.140625,146.3063507080078,-198.7580108642578,-190.48275756835935,996.8128051757812,-165.86294555664062,-268.41827392578125,507.2480163574219,-265.2269897460937,-182.34019470214844,827.0791625976562
82.88558197021484,130.145751953125,250.0135498046875,104.94217681884766,-196.1603240966797,966.4320068359376,107.01091003417967,-168.24134826660156,463.6701354980469,191.14300537109372,-271.10595703125,854.8137817382812,-134.98284912109375,-270.5646057128906,146.16241455078125,-199.5444793701172,-189.74481201171875,998.2535400390624,-166.7643585205078,-261.41314697265625,506.9811706542969,-265.64892578125,-188.4674530029297,829.7145385742188
82.90933227539062,119.49532318115234,254.1977081298828,104.13195037841795,-195.40863037109372,967.7778930664062,108.22228240966795,-179.15194702148438,465.1499938964844,192.94415283203125,-262.2269287109375,852.8973388671875,-135.13616943359375,-259.8833312988281,146.05313110351562,-200.3485565185547,-188.7118682861328,999.5916748046876,-167.5426025390625,-253.7898101806641,506.7158508300781,-265.98114013671875,-194.7161102294922,832.5382080078125
82.79315948486328,108.43408966064452,257.6961364746094,103.31140899658205,-194.57180786132807,969.2745971679688,109.24246978759766,-189.88201904296875,467.1868286132813,194.77734375,-253.20753479003903,851.1793823242188,-135.2618408203125,-249.1355743408203,145.97108459472656,-201.1687774658203,-187.3986358642578,1000.8202514648438,-168.22901916503906,-245.6874847412109,506.4644470214844,-266.21954345703125,-201.0594024658203,835.5390625
82.55315399169922,97.0272216796875,260.4320373535156,102.48162078857422,-193.6750946044922,970.914794921875,110.067138671875,-200.36453247070312,469.7577209472656,196.62368774414065,-244.07766723632807,849.664306640625,-135.37249755859375,-238.3534240722656,145.91012573242188,-202.0014495849609,-185.82293701171875,1001.9343872070312,-168.85389709472656,-237.25148010253903,506.2358703613281,-266.3612060546875,-207.47093200683597,838.705078125
82.2114486694336,85.312255859375,262.33819580078125,101.6450653076172,-192.74012756347656,972.684814453125,110.69510650634766,-210.53985595703125,472.818603515625,198.46414184570312,-234.86795043945312,848.3526611328125,-135.4787139892578,-227.56195068359372,145.865478515625,-202.8406524658203,-184.0052795410156,1002.9309692382812,-169.4414520263672,-228.621337890625,506.0359802246094,-266.4039306640625,-213.92486572265625,842.0228881835938
81.79566192626953,73.30198669433594,263.3600158691406,100.8056411743164,-191.78402709960935,974.56494140625,111.1258316040039,-220.35633850097656,476.3068542480469,200.27975463867188,-225.60940551757807,847.2411499023438,-135.5880889892578,-216.77963256835935,145.83383178710938,-203.67843627929688,-181.9686279296875,1003.8087768554688,-170.0069122314453,-219.9199981689453,505.8680419921875,-266.3461608886719,-220.39617919921875,845.4777221679688
81.33837127685547,60.989376068115234,263.4579467773437,99.96853637695312,-190.8190155029297,976.5300903320312,111.35746002197266,-229.77056884765625,480.1454162597656,202.0517425537109,-216.33323669433597,846.3224487304688,-135.705078125,-206.01914978027344,145.81300354003906,-204.50511169433597,-179.7379913330078,1004.5677490234376,-170.55616760253906,-211.24560546875,505.7330627441406,-266.18682861328125,-226.8607177734375,849.0531616210938
80.8764877319336,48.35292816162109,262.6094665527344,99.14004516601562,-189.85226440429688,978.5509033203124,111.38577270507812,-238.74745178222656,484.2473754882813,203.76165771484372,-207.07046508789065,845.585693359375,-135.83114624023438,-195.28846740722656,145.80177307128906,-205.3096618652344,-177.33990478515625,1005.2089233398438,-171.08724975585938,-202.66696166992188,505.6301879882813,-265.9252319335937,-233.2953643798828,852.7311401367188
80.45037841796875,35.36179733276367,260.8106384277344,98.3273696899414,-188.8863067626953,980.5949096679688,111.20403289794922,-247.2593231201172,488.5213012695313,205.39157104492188,-197.8516998291016,845.0165405273438,-135.9652862548828,-184.5919342041016,145.79945373535156,-206.08030700683597,-174.802001953125,1005.7343139648438,-171.59312438964844,-194.2232208251953,505.5569458007813,-265.5607604980469,-239.67803955078125,856.4915771484375
80.10272979736328,21.979909896850582,258.07745361328125,97.53836059570312,-187.91976928710935,982.6278076171876,110.8036651611328,-255.2844696044922,492.8758544921875,206.92431640625,-188.70672607421875,844.5975952148438,-136.10488891601562,-173.93121337890625,145.80567932128906,-206.80496215820312,-172.15228271484375,1006.1466674804688,-172.06468200683594,-185.9274139404297,505.5095825195313,-265.093017578125,-245.98782348632807,860.3126220703125
79.87667083740234,8.16923713684082,254.4464263916016,96.78125,-186.94839477539065,984.6144409179688,110.17560577392578,-262.8051147460937,497.22406005859375,208.3436279296875,-179.66427612304688,844.308837890625,-136.2464141845703,-163.3059844970703,145.82012939453125,-207.47178649902344,-169.4186553955078,1006.4490356445312,-172.49327087402344,-177.7726593017578,505.4836120605469,-264.5216979980469,-252.2049865722656,864.1704711914062
79.81326293945312,-6.107686519622803,249.9740753173828,96.06429290771484,-185.96633911132807,986.520263671875,109.31224060058594,-269.8056335449219,501.4859008789063,209.63446044921875,-170.7516326904297,844.1282348632812,-136.3862762451172,-152.7144775390625,145.84242248535156,-208.06976318359372,-166.6282501220703,1006.6451416015624,-172.87213134765625,-169.7393035888672,505.4742736816406,-263.8466186523437,-258.3110656738281,868.0396118164062
79.948486328125,-20.88566780090332,244.73590087890625,95.3954620361328,-184.96728515625,988.3121948242188,108.20975494384766,-276.2708435058594,505.5899658203125,210.78317260742188,-161.9944305419922,844.0321655273438,-136.521240234375,-142.15374755859375,145.87203979492188,-208.5891265869141,-163.80702209472656,1006.7387084960938,-173.1969757080078,-161.8019256591797,505.477294921875,-263.06787109375,-264.2887878417969,871.8929443359375
80.31011199951172,-36.19485092163086,238.82481384277344,94.78203582763672,-183.94549560546875,989.9591674804688,106.87054443359376,-282.1849060058594,509.4735107421875,211.7777557373047,-153.41641235351562,843.99609375,-136.6489715576172,-131.61976623535156,145.9083709716797,-209.02186584472656,-160.97926330566406,1006.7335205078124,-173.46609497070312,-153.93507385253906,505.4891662597656,-262.185791015625,-270.1221923828125,875.7022705078125
80.9148178100586,-52.0585823059082,232.34934997558597,94.2303237915039,-182.8967742919922,991.433349609375,105.30552673339844,-287.5308837890625,513.08203125,212.6080780029297,-145.03924560546875,843.9951171875,-136.76803588867188,-121.10761260986328,145.9508514404297,-209.36212158203125,-158.16751098632812,1006.63330078125,-173.67994689941406,-146.11749267578125,505.507080078125,-261.2013244628906,-275.7966003417969,879.438232421875
81.76592254638672,-68.49104309082031,225.43121337890625,93.7453842163086,-181.81906127929688,992.710205078125,103.53569793701172,-292.2908935546875,516.368408203125,213.2659912109375,-136.8824920654297,844.0043334960938,-136.8780059814453,-110.61154174804688,145.9990692138672,-209.6064453125,-155.3923797607422,1006.441162109375,-173.84068298339844,-138.3345947265625,505.5289916992188,-260.1159362792969,-281.298583984375,883.0712280273438
82.85205841064453,-85.49481201171875,218.20249938964844,93.33084106445312,-180.71282958984372,993.7691650390624,101.59285736083984,-296.4472045898437,519.292236328125,213.74557495117188,-128.9635467529297,843.9995727539062,-136.97918701171875,-100.12555694580078,146.0527801513672,-209.7540740966797,-152.6724853515625,1006.15966796875,-173.95176696777344,-130.57945251464844,505.5534057617188,-258.93194580078125,-286.6159362792969,886.5713500976562
84.14720916748047,-103.0585708618164,210.80242919921875,92.98882293701172,-179.58139038085938,994.5935668945312,99.51918029785156,-299.9833679199219,521.8194580078125,214.04327392578125,-121.29769897460938,843.9577026367188,-137.07261657714844,-89.64402770996094,146.11196899414062,-209.80686950683597,-150.02423095703125,1005.7904052734376,-174.01773071289062,-122.85233306884766,505.5792236328125,-257.6524658203125,-291.73785400390625,889.9090576171875
85.61227416992188,-121.1551284790039,203.3737945556641,92.7199478149414,-178.43084716796875,995.1710205078124,97.3656768798828,-302.88641357421875,523.9224243164062,214.15789794921875,-113.8982391357422,843.8569946289062,-137.15982055664062,-79.16243743896484,146.1767120361328,-209.76925659179688,-147.4619140625,1005.3340454101562,-174.04429626464844,-115.1596221923828,505.6055603027344,-256.28155517578125,-296.6548767089844,893.0556640625
87.19808197021484,-139.74008178710938,196.05892944335935,92.5234375,-177.27000427246094,995.4931640625,95.1895523071289,-305.149169921875,525.5802612304688,214.0908050537109,-106.77666473388672,843.677490234375,-137.2425994873047,-68.6780014038086,146.24708557128906,-209.64788818359372,-144.99781799316406,1004.790283203125,-174.03871154785156,-107.51226806640624,505.6310424804688,-254.8244171142578,-301.3588256835937,895.983642578125
88.84931945800781,-158.7509002685547,188.9952392578125,92.39732360839844,-176.1099395751953,995.5557861328124,93.05074310302734,-306.77294921875,526.7794189453125,213.8458404541016,-99.94281005859376,843.4013671875,-137.32264709472656,-58.18997573852539,146.3231201171875,-209.45118713378903,-142.64254760742188,1004.157958984375,-174.00999450683594,-99.92444610595705,505.6534118652344,-253.28717041015625,-305.8427734375,898.6672973632812
90.5081558227539,-178.1054229736328,182.3105010986328,92.33872985839844,-174.96363830566406,995.3585205078124,91.00804901123048,-307.7701721191406,527.514404296875,213.4293975830078,-93.40508270263672,843.0130615234375,-137.40118408203125,-47.69989013671875,146.4046630859375,-209.18875122070312,-140.40524291992188,1003.435302734375,-173.96893310546875,-92.41250610351562,505.6689758300781,-251.67703247070312,-310.1008605957031,901.0828857421876
92.11688232421876,-197.6997985839844,176.11843872070312,92.3442611694336,-173.84536743164062,994.9049072265624,89.11529541015625,-308.1667175292969,527.7887573242188,212.85032653808597,-87.1707534790039,842.4996337890625,-137.4788818359375,-37.21150207519531,146.49154663085938,-208.87075805664065,-138.29388427734375,1002.6204223632812,-173.92752075195312,-84.99454498291016,505.6723937988281,-250.002197265625,-314.12823486328125,903.209228515625
93.61995697021484,-217.4065399169922,170.51426696777344,92.41032409667967,-172.77012634277344,994.2024536132812,87.41776275634766,-308.0035400390625,527.6155395507812,212.1199188232422,-81.24614715576172,841.850830078125,-137.55584716796875,-26.730472564697266,146.5839080810547,-208.5072326660156,-136.3155975341797,1001.7115478515624,-173.89785766601562,-77.69023132324219,505.6568908691406,-248.27171325683597,-317.9208374023437,905.0279541015624
94.9654312133789,-237.07373046875,165.57049560546875,92.53346252441406,-171.7531280517578,993.26220703125,85.94927215576172,-307.3367004394531,527.017578125,211.25167846679688,-75.63694763183594,841.0594482421875,-137.6317901611328,-16.26399040222168,146.68246459960938,-208.10760498046875,-134.47694396972656,1000.7073364257812,-173.89071655273438,-70.52072143554688,505.6145629882813,-246.4954833984375,-321.47509765625,906.5239868164062
96.10623168945312,-256.5260009765625,161.33323669433594,92.71063995361328,-170.80921936035156,992.09912109375,84.73006439208984,-306.2363586425781,526.0276489257812,210.2613067626953,-70.34838104248047,840.1211547851562,-137.7063751220703,-5.8205084800720215,146.7888946533203,-207.6801605224609,-132.78428649902344,999.607421875,-173.913818359375,-63.50844955444336,505.5371398925781,-244.6840362548828,-324.7877502441406,907.685546875
97.00133514404295,-275.567626953125,157.8193359375,92.93939971923828,-169.95260620117188,990.7318725585938,83.76567077636719,-304.7842102050781,524.6876220703125,209.1663818359375,-65.38545989990234,839.0349731445312,-137.77960205078125,4.590267181396484,146.90634155273438,-207.23171997070312,-131.24403381347656,998.4127197265624,-173.97032165527344,-56.67689895629883,505.4169921875,-242.84841918945312,-327.8555908203125,908.5045776367188
97.6171875,-293.9876708984375,155.01504516601562,93.21796417236328,-169.1966094970703,989.1826782226562,83.04681396484375,-303.0702514648437,523.0469970703125,207.98622131347656,-60.753173828125,837.8031005859375,-137.85208129882812,14.957276344299316,147.03973388671875,-206.7672119140625,-129.8629913330078,997.1255493164062,-174.05764770507812,-50.05031204223633,505.2478942871094,-241.00003051757807,-330.6751708984375,908.9769287109376
97.92913818359376,-311.5663146972656,152.8765411376953,93.54522705078124,-168.55361938476562,987.477294921875,82.55046844482422,-301.1886291503906,521.1611328125,206.7416076660156,-56.45669937133789,836.4310302734375,-137.9247283935547,25.268325805664062,147.1963348388672,-206.2895965576172,-128.6484832763672,995.7501220703124,-174.1669158935547,-43.65345001220703,505.0259399414063,-239.150390625,-333.2426452636719,909.102294921875
97.9228973388672,-328.0822448730469,151.3328094482422,93.9206314086914,-168.03509521484375,985.6447143554688,82.24192810058594,-299.2331848144531,519.0888061523438,205.4544677734375,-52.501556396484375,834.9276123046875,-137.9984588623047,35.5105094909668,147.3857879638672,-205.79986572265625,-127.60838317871094,994.2929077148438,-174.28285217285156,-37.51131820678711,504.7501831054688,-237.3109436035156,-335.5535583496094,908.8843383789062
97.59536743164062,-343.3215026855469,150.29063415527344,94.34406280517578,-167.65164184570312,983.7166748046876,82.07787322998047,-297.2933044433594,516.8898315429688,204.14756774902344,-48.89376068115234,833.3047485351562,-138.07408142089844,45.6706428527832,147.6199188232422,-205.29742431640625,-126.75080871582033,992.7623291015624,-174.38442993164062,-31.64890480041504,504.4229431152344,-235.49295043945312,-337.6027526855469,908.3307495117188
96.9549560546875,-357.0867919921875,149.64178466796875,94.8155288696289,-167.41305541992188,981.7271728515624,82.0101318359375,-295.4499206542969,514.6229858398438,202.84423828125,-45.63993453979492,831.5775756835938,-138.15243530273438,55.73567581176758,147.9123077392578,-204.78054809570312,-126.08382415771484,991.1692504882812,-174.44590759277344,-26.091087341308597,504.0500793457031,-233.7071533203125,-339.3843078613281,907.4530639648438
96.02142333984376,-369.20703125,149.27130126953125,95.3349838256836,-167.32839965820312,979.7117309570312,81.9898910522461,-293.772705078125,512.343994140625,201.5679473876953,-42.74738693237305,829.7639770507812,-138.23455810546875,65.69287109375,148.277587890625,-204.24676513671875,-125.61514282226562,989.5263671875,-174.43836975097656,-20.862754821777344,503.64068603515625,-231.9637756347656,-340.8915405273437,906.2665405273438
94.82523345947266,-379.5458679199219,149.0662078857422,95.90203857421876,-167.406005859375,977.7069702148438,81.971923828125,-292.31768798828125,510.1042785644531,200.3420562744141,-40.22412872314453,827.8844604492188,-138.32200622558594,75.52974700927734,148.73081970214844,-203.69309997558597,-125.3519287109375,987.8482055664062,-174.3316650390625,-15.989180564880373,503.2065734863281,-230.27218627929688,-342.1170654296875,904.7899169921876
93.40616607666016,-388.0089416503906,148.92359924316406,96.51571655273438,-167.6533660888672,975.7496337890624,81.91838836669922,-291.1258239746094,507.9500122070313,199.189453125,-38.07879638671875,825.9617309570312,-138.41709899902344,85.23384857177734,149.28709411621094,-203.11643981933597,-125.30044555664062,986.1504516601562,-174.0966033935547,-11.496587753295898,502.76116943359375,-228.6409454345703,-343.0528869628906,903.0451049804688
91.8113250732422,-394.5490112304688,148.75680541992188,97.17432403564452,-168.07704162597656,973.8756713867188,81.80179595947266,-290.222412109375,505.9215393066406,198.13226318359372,-36.32050704956055,824.0200805664062,-138.52333068847656,94.79232788085938,149.96142578125,-202.5136566162109,-125.4657211303711,984.4497680664062,-173.70730590820312,-7.412934303283691,502.3179626464844,-227.0775451660156,-343.6906433105469,901.0568237304688
90.09346771240234,-399.1694946289063,148.50047302246094,97.87541961669922,-168.68215942382812,972.1199340820312,81.60685729980469,-289.61737060546875,504.052734375,197.1914978027344,-34.958683013916016,822.0853881835938,-138.64540100097656,104.19122314453124,150.76905822753906,-201.88185119628903,-125.85094451904295,982.7630004882812,-173.1435546875,-3.7689015865325928,501.8887023925781,-225.58839416503903,-344.021728515625,898.8524169921875
88.30979919433594,-401.9253234863281,148.1134796142578,98.6158218383789,-169.47193908691406,970.5150756835938,81.33113861083984,-289.30670166015625,502.37103271484375,196.3868408203125,-34.002864837646484,820.1839599609375,-138.78941345214844,113.41413879394533,151.72589111328125,-201.21856689453125,-126.4568328857422,981.106689453125,-172.39292907714844,-0.5990352630615234,501.4815368652344,-224.17874145507807,-344.0376892089844,896.4609375
86.52050018310547,-402.9209289550781,147.57957458496094,99.39176177978516,-170.44696044921875,969.0913696289062,80.98463439941406,-289.2752685546875,500.8976135253906,195.7362518310547,-33.462440490722656,818.3425903320312,-138.96270751953125,122.44029998779295,152.84906005859375,-200.5218505859375,-127.28086853027344,979.4967651367188,-171.452880859375,2.057047128677368,501.0994873046875,-222.85264587402344,-343.7303466796875,893.913330078125
84.78652954101562,-402.3039245605469,146.90455627441406,100.19902801513672,-171.6045379638672,967.8756713867188,80.58828735351562,-289.5000305175781,499.6480712890625,195.2558135986328,-33.34634780883789,816.587646484375,-139.17352294921875,131.24215698242188,154.1574249267578,-199.7904815673828,-128.31649780273438,977.9479370117188,-170.33245849609375,4.15371036529541,500.7394104003906,-221.61300659179688,-343.0922241210937,891.2415771484375
83.16654968261719,-400.2551879882813,146.110595703125,101.03311157226562,-172.9381103515625,966.8912353515624,80.17161560058594,-289.9541015625,498.633544921875,194.9594573974609,-33.662715911865234,814.9447631835938,-139.43051147460938,139.7829132080078,155.67189025878906,-199.0239715576172,-129.5523223876953,976.4737548828124,-169.05349731445312,5.639132499694824,500.391357421875,-220.4616241455078,-342.11669921875,888.4784545898438
81.71318817138672,-396.9751586914063,145.2286376953125,101.88938903808594,-174.4368438720703,966.1568603515624,79.76963806152344,-290.6098022460937,497.8615417480469,194.8586883544922,-34.41852951049805,813.4382934570312,-139.74176025390625,148.01431274414062,157.4156036376953,-198.22280883789065,-130.97149658203125,975.0860595703124,-167.6508331298828,6.456480026245117,500.0390930175781,-219.39927673339844,-340.7984313964844,885.6568603515625
80.46913146972656,-392.6681823730469,144.29116821289062,102.7632064819336,-176.08544921875,965.6867065429688,79.4195556640625,-291.4407958984375,497.3362731933594,194.9625701904297,-35.61928176879883,812.0906982421875,-140.11387634277344,155.87490844726562,159.41371154785156,-197.38851928710935,-132.55120849609375,973.7951049804688,-166.171142578125,6.546658039093018,499.66064453125,-218.42588806152344,-339.1336669921875,882.8097534179688
79.46363830566406,-387.52630615234375,143.3280029296875,103.64996337890624,-177.8642120361328,965.489501953125,79.15760040283203,-292.42218017578125,497.0583190917969,195.27752685546875,-37.26870346069336,810.9225463867188,-140.55108642578125,163.2893829345703,161.69287109375,-196.5238037109375,-134.2626495361328,972.6094360351562,-164.6708221435547,5.852079391479492,499.2296142578125,-217.5406646728516,-337.12042236328125,879.9693603515625
78.71026611328125,-381.7160034179688,142.36546325683594,104.5451889038086,-179.74942016601562,965.568359375,79.0161361694336,-293.5284423828125,497.0230712890625,195.80728149414065,-39.36852645874024,809.95166015625,-141.05479431152344,170.16897583007812,164.28060913085938,-195.6325836181641,-136.07113647460938,971.5359497070312,-163.2129669189453,4.320966720581055,498.7166442871094,-216.74234008789065,-334.7587585449219,877.1670532226562
78.20577239990234,-375.36962890625,141.4266815185547,105.4445343017578,-181.7140045166016,965.9204711914062,79.02130889892578,-294.7292785644531,497.2186279296875,196.552978515625,-41.91824722290039,809.1934814453125,-141.62342834472656,176.41351318359375,167.20440673828125,-194.72003173828125,-137.93675231933594,970.5802001953124,-161.86355590820312,1.9118224382400515,498.09130859375,-216.02932739257807,-332.05108642578125,874.4327392578125
77.93065643310547,-368.5826110839844,140.53152465820312,106.34371948242188,-183.728271484375,966.537109375,79.19114685058594,-295.983642578125,497.6234436035156,197.5130615234375,-44.914981842041016,808.66015625,-142.25245666503906,181.91473388671875,170.49034118652344,-193.79249572753903,-139.81544494628906,969.74609375,-160.6866912841797,-1.402382493019104,497.3245544433594,-215.39996337890625,-329.0023803710937,871.7944946289062
77.8517074584961,-361.4159240722656,139.69639587402344,107.2384796142578,-185.7608184814453,967.4036865234376,79.53428649902344,-297.2341613769531,498.2045593261719,198.68344116210935,-48.353328704833984,808.3609619140625,-142.9343719482422,186.56085205078125,174.16116333007812,-192.8572235107422,-141.6604766845703,969.0366821289062,-159.73936462402344,-5.630795478820801,496.3916015625,-214.8527374267578,-325.6201171875,869.2781372070312
77.92610931396484,-353.9023132324219,138.9337615966797,108.12450408935548,-187.7794342041016,968.5004272460938,80.04940032958984,-298.4024658203125,498.9176025390625,200.05747985839844,-52.2253303527832,808.3020629882812,-143.65870666503906,190.2418365478516,178.23406982421875,-191.92214965820312,-143.42430114746094,968.4539794921876,-159.06626892089844,-10.762478828430176,495.2758483886719,-214.38645935058597,-321.9145812988281,866.9071655273438
78.1065444946289,-346.054443359375,138.25160217285156,108.99739837646484,-189.75184631347656,969.8029174804688,80.72532653808594,-299.3878479003906,499.7087097167969,201.6261138916016,-56.5205192565918,808.486572265625,-144.41204833984375,192.8552398681641,182.718017578125,-190.99542236328125,-145.0607147216797,967.9993286132812,-158.69552612304688,-16.76567268371582,493.9725646972656,-214.0004730224609,-317.898681640625,864.7022094726562
78.34626770019531,-337.8734130859375,137.65318298339844,109.85275268554688,-191.64645385742188,971.283203125,81.54195404052734,-300.06988525390625,500.5184020996094,203.3779144287109,-61.22603988647461,808.9146728515625,-145.17822265625,194.3124542236328,187.6107482910156,-190.08482360839844,-146.5270538330078,967.6738891601562,-158.63601684570312,-23.58868408203125,492.4925842285156,-213.69476318359372,-313.5879211425781,862.6808471679688
78.60352325439453,-329.35662841796875,137.13720703125,110.68627166748048,-193.43280029296875,972.9108276367188,82.47199249267578,-300.31512451171875,501.2866516113281,205.29931640625,-66.3268051147461,809.5838623046875,-145.93862915039062,194.54464721679688,192.89585876464844,-189.19720458984372,-147.78662109375,967.4786376953124,-158.87710571289062,-31.162521362304688,490.8648071289063,-213.47015380859372,-309.0001525878906,860.8577270507812
78.84458923339844,-320.5044250488281,136.69847106933594,111.49395751953124,-195.0819549560547,974.6541137695312,83.4833984375,-299.9874267578125,501.958251953125,207.37472534179688,-71.80567169189453,810.4894409179688,-146.67311096191406,193.5083465576172,198.54052734375,-188.33810424804688,-148.81045532226562,967.4150390625,-159.3904266357422,-39.4050178527832,489.1373596191406,-213.3282928466797,-304.15533447265625,859.2440185546875
79.04536437988281,-311.3243713378906,136.3286895751953,112.2724838256836,-196.56674194335935,976.481201171875,84.54243469238281,-298.9599609375,502.4879150390625,209.5868225097656,-77.64375305175781,811.6246337890625,-147.36094665527344,191.1898956298828,204.4944610595703,-187.51153564453125,-149.5787353515625,967.48486328125,-160.13340759277344,-48.22563171386719,487.3775939941406,-213.2717437744141,-299.0751342773437,857.8478393554688
79.19166564941406,-301.83355712890625,136.0176544189453,113.01944732666016,-197.8619384765625,978.361328125,85.61703491210938,-297.1275939941406,502.8439636230469,211.91683959960935,-83.82061767578125,812.9814453125,-147.98226928710938,187.60855102539065,210.69032287597656,-186.7201690673828,-150.08157348632812,967.690673828125,-161.05377197265625,-57.53018951416016,485.6697998046875,-213.30389404296875,-293.7825927734375,856.674072265625
79.2784423828125,-292.0588073730469,135.75425720214844,113.73373413085938,-198.9443817138672,980.2654418945312,86.68006134033203,-294.4173889160156,503.0104675292969,214.3447265625,-90.31465911865234,814.550537109375,-148.51942443847656,182.8169708251953,217.04595947265625,-185.96543884277344,-150.31932067871094,968.0357666015624,-162.0948944091797,-67.22508239746094,484.1108703613281,-213.4288482666016,-288.3016357421875,855.72412109375
79.30829620361328,-282.0350952148437,135.5276336669922,114.41568756103516,-199.7932281494141,982.1670532226562,87.71208953857422,-290.7962341308594,502.9874267578125,216.8495330810547,-97.10334777832033,816.322021484375,-148.95831298828125,176.8986358642578,223.46759033203125,-185.2477264404297,-150.30230712890625,968.523681640625,-163.20094299316406,-77.22017669677734,482.8034973144531,-213.6513214111328,-282.6566162109375,854.9965209960938
79.2895278930664,-271.8031616210937,135.32801818847656,115.06720733642578,-200.3904266357422,984.0425415039062,88.7031021118164,-286.2739562988281,502.7895202636719,219.4096527099609,-104.1634521484375,818.285400390625,-149.28977966308594,169.96157836914062,229.8531646728516,-184.5666656494141,-150.0497283935547,969.158447265625,-164.32125854492188,-87.4303207397461,481.8482666015625,-213.9762420654297,-276.8719787597656,854.4862060546875
79.23403930664062,-261.4063415527344,135.14743041992188,115.6916275024414,-200.72097778320312,985.870849609375,89.65266418457031,-280.901611328125,502.4429931640625,222.0031280517578,-111.47132110595705,820.4302368164062,-149.51051330566406,162.12913513183594,236.09469604492188,-183.92124938964844,-149.58799743652344,969.9432983398438,-165.4130096435547,-97.77506256103516,481.33489990234375,-214.40858459472656,-270.97186279296875,854.185302734375
79.15519714355469,-250.8872528076172,134.9801025390625,116.2935028076172,-200.7735748291016,987.6338500976562,90.56828308105467,-274.7645568847656,501.9818115234375,224.6078948974609,-119.00300598144533,822.7459106445312,-149.62355041503906,153.528564453125,242.07928466796875,-183.31011962890625,-148.9484405517578,970.8805541992188,-166.4425811767578,-108.17752838134766,481.3344421386719,-214.95291137695312,-264.9796447753906,854.0825805664062
79.06600189208984,-240.28494262695312,134.8226776123047,116.87814331054688,-200.54098510742188,989.315673828125,91.46196746826172,-267.9725036621094,501.443115234375,227.20216369628903,-126.7345199584961,825.221923828125,-149.6378936767578,144.2799530029297,247.6891326904297,-182.7317657470703,-148.16494750976562,971.9702758789062,-167.38632202148438,-118.56414031982422,481.8928527832031,-215.61306762695312,-258.9178466796875,854.1638793945312
78.9775161743164,-229.6326141357422,134.6741180419922,117.45111846923828,-200.02047729492188,990.9026489257812,92.34555053710938,-260.6473083496094,500.8632507324219,229.7646026611328,-134.64193725585938,827.8479614257812,-149.5675811767578,134.4871368408203,252.8024444580078,-182.1847381591797,-147.27133178710938,973.2095336914062,-168.23062133789062,-128.8647003173828,483.0271301269531,-216.39166259765625,-252.8076171875,854.4119262695312
78.89764404296875,-218.9564666748047,134.53541564941406,118.01766204833984,-199.2141265869141,992.3828735351562,93.22562408447266,-252.9110107421875,500.2739868164063,232.27462768554688,-142.7014923095703,830.6138916015625,-149.43040466308594,124.232666015625,257.29656982421875,-181.66786193847656,-146.29930114746094,974.591552734375,-168.97129821777344,-139.0127716064453,484.7247009277344,-217.2898101806641,-246.6688537597656,854.8068237304688
78.83052062988281,-208.27523803710935,134.40908813476562,118.5820770263672,-198.12896728515625,993.745849609375,94.09920501708984,-244.8752593994141,499.7003784179688,234.7124938964844,-150.88958740234375,833.5095825195312,-149.24664306640625,113.5761489868164,261.0538024902344,-181.18045043945312,-145.27684020996094,976.1052856445312,-169.6121826171875,-148.94627380371094,486.9453125,-218.30674743652344,-240.51986694335935,855.3260498046875
78.7764892578125,-197.60079956054688,134.2985076904297,119.14720916748048,-196.77687072753903,994.9822998046876,94.951416015625,-236.63394165039065,499.1593017578125,237.05950927734372,-159.18287658691406,836.5249633789062,-149.03810119628906,102.55540466308594,263.9681091308594,-180.72244262695312,-144.2270965576172,977.7349243164062,-170.16246032714844,-158.6084442138672,489.6251220703125,-219.4395904541016,-234.37747192382807,855.9447021484375
78.7326889038086,-186.9393310546875,134.2072296142578,119.71398162841795,-195.1743621826172,996.0841674804688,95.75616455078124,-228.25912475585935,498.659423828125,239.2980499267578,-167.55819702148438,839.6499633789062,-148.82778930664062,91.18887329101562,265.95196533203125,-180.29458618164065,-143.16770935058594,979.4598999023438,-170.63365173339844,-167.9491729736328,492.6821594238281,-220.68316650390625,-228.2568817138672,856.6359252929688
78.69397735595703,-176.29269409179688,134.13829040527344,120.28113555908205,-193.34197998046875,997.0442504882812,96.4803695678711,-219.8004150390625,498.2021179199219,241.4115753173828,-175.99256896972656,842.8741455078125,-148.6397247314453,79.47856903076172,266.9411315917969,-179.89845275878906,-142.11044311523438,981.255126953125,-171.0362548828125,-176.92623901367188,496.0230102539063,-222.0299835205078,-222.1717529296875,857.3713989257812
78.65418243408203,-165.6599884033203,134.0936737060547,120.84504699707033,-191.30364990234372,997.8564453125,97.0909194946289,-211.2869873046875,497.78314208984375,243.3847198486328,-184.46319580078125,846.1868896484375,-148.4981231689453,67.41381072998047,266.8978881835937,-179.53636169433594,-141.06141662597656,983.0922241210938,-171.37693786621094,-185.50637817382807,499.5498352050781,-223.4703521728516,-216.13429260253903,858.1217651367188
78.60736083984375,-155.0388946533203,134.0738067626953,121.39989471435548,-189.0859222412109,998.515625,97.56240844726562,-202.7318878173828,497.3947143554688,245.2032470703125,-192.94737243652344,849.5772094726562,-148.42564392089844,54.97561264038086,265.8121032714844,-179.211181640625,-140.02154541015625,984.93994140625,-171.656005859375,-193.6652374267578,503.1671752929688,-224.9924774169922,-210.1553649902344,858.8573608398438
78.54883575439453,-144.4267578125,134.07749938964844,121.93791198730467,-186.71725463867188,999.0178833007812,97.88282012939452,-194.1376190185547,497.0276184082031,246.8539886474609,-201.4224548339844,853.0335083007812,-148.4420166015625,42.14049911499024,263.70050048828125,-178.92625427246094,-138.9873504638672,986.7657470703124,-171.86619567871094,-201.38571166992188,506.7879333496094,-226.58285522460935,-204.24462890625,859.548828125
78.47570037841797,-133.82125854492188,134.10202026367188,122.44992065429688,-184.22727966308597,999.3604736328124,98.055419921875,-185.50230407714844,496.6727294921875,248.3249664306641,-209.8657684326172,856.5436401367188,-148.5629425048828,28.883275985717773,260.604736328125,-178.68502807617188,-137.95196533203125,988.5367431640624,-171.99273681640625,-208.65509033203125,510.3374328613281,-228.2265472412109,-198.4107208251953,860.1675415039062
78.38690948486328,-123.220703125,134.14349365234375,122.9258804321289,-181.64614868164065,999.5423583984376,98.09664154052734,-176.8251953125,496.3218994140625,249.6052703857422,-218.25457763671875,860.094970703125,-148.79965209960938,15.178933143615724,256.5884704589844,-178.490966796875,-136.90646362304688,990.220947265625,-172.0150909423828,-215.46157836914065,513.7554321289062,-229.9076385498047,-192.6613922119141,860.6868286132812
78.28286743164062,-112.6241683959961,134.1973114013672,123.35553741455078,-179.0035858154297,999.5637817382812,98.03136444091795,-168.1104278564453,495.9681701660156,250.68508911132807,-226.5660552978516,863.6741943359375,-149.15843200683594,1.003807783126831,251.7342071533203,-178.3472137451172,-135.84120178222656,991.788330078125,-171.9102020263672,-221.7912139892578,516.9953002929688,-231.60975646972656,-187.0037841796875,861.0819702148438
78.16482543945312,-102.03143310546876,134.2586212158203,123.72908782958984,-176.32806396484375,999.4267578125,97.88742065429688,-159.3692626953125,495.60589599609375,251.5557556152344,-234.77731323242188,867.2672729492188,-149.6405029296875,-13.663687705993652,246.1402740478516,-178.2564239501953,-134.74696350097656,993.2113037109376,-171.65664672851562,-227.62619018554688,520.0213623046875,-233.31643676757807,-181.4444580078125,861.3313598632812
78.03414916992188,-91.44285583496094,134.32276916503906,124.03772735595705,-173.6461944580078,999.1347045898438,97.69056701660156,-150.6207275390625,495.2303161621094,252.20970153808597,-242.86538696289065,870.859619140625,-150.2418975830078,-28.8422794342041,239.9181671142578,-178.22055053710938,-133.6160430908203,994.4656982421876,-171.23904418945312,-232.94468688964844,522.80419921875,-235.0116424560547,-175.98971557617188,861.4164428710938
77.89166259765625,-80.85920715332031,134.38546752929688,124.27426147460938,-170.98216247558594,998.6925659179688,97.46092987060548,-141.8912353515625,494.8375549316406,252.6405487060547,-250.8072509765625,874.4361572265625,-150.95359802246094,-44.54647445678711,233.1900787353516,-178.24058532714844,-132.44305419921875,995.531005859375,-170.65184020996094,-237.72238159179688,525.3170776367188,-236.6801605224609,-170.64561462402344,861.322509765625
77.73717498779297,-70.28160858154297,134.44314575195312,124.43344116210938,-168.35748291015625,998.106201171875,97.2112274169922,-133.21302795410156,494.4244079589844,252.8430633544922,-258.579833984375,877.9810791015625,-151.76193237304688,-60.78438568115234,226.0868225097656,-178.3166046142578,-131.2254638671875,996.3906860351562,-169.9014129638672,-241.93467712402344,527.5325317382812,-238.30784606933597,-165.41819763183594,861.0388793945312
77.56937408447266,-59.71148300170898,134.49295043945312,124.51229095458984,-165.79083251953125,997.3826293945312,96.94668579101562,-124.62186431884766,493.9884643554688,252.8131866455078,-266.16021728515625,881.4782104492188,-152.6490936279297,-77.55487823486328,218.7455902099609,-178.4475860595703,-129.96400451660156,997.0321655273438,-169.00621032714844,-245.55905151367188,529.4223022460938,-239.8820343017578,-160.31356811523438,860.5586547851562
77.38587951660156,-49.15066146850586,134.53280639648438,124.51012420654295,-163.2980499267578,996.5293579101562,96.66661834716795,-116.15435791015624,493.5282287597656,252.54808044433597,-273.5255432128906,884.9107055664062,-153.5939483642578,-94.84440612792967,211.3075714111328,-178.6315460205078,-128.66282653808594,997.4467163085938,-167.99542236328125,-248.5776214599609,530.9573974609375,-241.3916473388672,-155.33798217773438,859.8792114257812
77.18367767333984,-38.60148239135742,134.5615997314453,124.42855072021484,-160.89224243164062,995.5546264648438,96.36698150634766,-107.84538269042967,493.0429992675781,252.0460662841797,-280.6533508300781,888.2614135742188,-154.57289123535156,-112.6240005493164,203.9150390625,-178.8655242919922,-127.32957458496094,997.6295776367188,-166.90660095214844,-250.9794769287109,532.1105346679688,-242.82737731933597,-150.49794006347656,859.0017700195312
76.95960235595703,-28.066978454589844,134.5792236328125,124.2712631225586,-158.58404541015625,994.4668579101562,96.04344177246094,-99.72608947753906,492.5329895019531,251.30670166015625,-287.5216979980469,891.5126953125,-155.5608673095703,-130.84666442871094,196.7081298828125,-179.14578247070312,-125.97517395019533,997.5797119140624,-165.78277587890625,-252.76300048828125,532.8580322265625,-244.18179321289065,-145.80023193359375,857.9310302734375
76.7109375,-17.551055908203125,134.5867919921875,124.04377746582033,-156.3818817138672,993.2750854492188,95.69416046142578,-91.82247161865234,491.9991149902344,250.3306884765625,-294.10919189453125,894.646728515625,-156.5323486328125,-149.4454803466797,189.82118225097656,-179.4679412841797,-124.61365509033205,997.2998657226562,-164.66952514648438,-253.93751525878903,533.1826782226562,-245.4492950439453,-141.2519989013672,856.6752319335938
76.43608093261719,-7.0586934089660645,134.58692932128906,123.75312042236328,-154.2923583984375,991.9884033203124,95.3216781616211,-84.15473175048828,491.4430236816406,249.11997985839844,-300.3954162597656,897.6453247070312,-157.46250915527344,-168.3324432373047,183.37869262695312,-179.8272705078125,-123.26179504394533,996.7960815429688,-163.61195373535156,-254.5245361328125,533.0760498046875,-246.62615966796875,-136.8607177734375,855.2454223632812
76.13501739501953,3.4039230346679688,134.58404541015625,123.40741729736328,-152.32046508789062,990.6163940429688,94.93341064453124,-76.73775482177734,490.8666687011719,247.67767333984372,-306.3608093261719,900.490234375,-158.328369140625,-187.39796447753903,177.49099731445312,-180.2188262939453,-121.93865966796876,996.0780639648438,-162.65196228027344,-254.5580902099609,532.5411376953125,-247.7104034423828,-132.6342315673828,853.655029296875
75.80976104736328,13.829360008239746,134.584716796875,123.01546478271484,-150.47006225585938,989.1691284179688,94.54090118408205,-69.58209228515625,490.2722473144531,246.00808715820312,-311.98699951171875,903.1632080078124,-159.10977172851562,-206.51104736328125,172.24990844726562,-180.6377716064453,-120.66511535644533,995.158935546875,-161.82577514648438,-254.0844268798828,531.59375,-248.70176696777344,-128.5807647705078,851.9196166992188
75.46451568603516,24.208961486816406,134.59788513183594,122.58633422851562,-148.7441864013672,987.6568603515624,94.15817260742188,-62.69488906860352,489.6621398925781,244.11671447753903,-317.25689697265625,905.6461181640624,-159.79026794433594,-225.52066040039065,167.7245635986328,-181.0795135498047,-119.46320343017578,994.0551147460938,-161.16184997558594,-253.1611785888672,530.2632446289062,-249.6014862060547,-124.70891571044922,850.0562133789062
75.10574340820312,34.53293228149414,134.635009765625,122.12894439697266,-147.14549255371094,986.0902099609376,93.79969787597656,-56.080833435058594,489.038818359375,242.0101776123047,-322.1547241210937,907.921142578125,-160.35760498046875,-244.2579040527344,163.9578857421875,-181.54000854492188,-118.35547637939452,992.786376953125,-160.67933654785156,-251.85618591308597,528.5914916992188,-250.4123077392578,-121.027587890625,848.0829467773438
74.74200439453125,44.79042434692383,134.70994567871094,121.65159606933594,-145.6765594482422,984.4801635742188,93.47821044921876,-49.7435417175293,488.40478515625,239.69630432128903,-326.6661376953125,909.9710083007812,-160.8037872314453,-262.5394897460937,160.96371459960938,-182.0158843994141,-117.36444854736328,991.3753051757812,-160.38693237304688,-250.2461853027344,526.6307373046875,-251.1382598876953,-117.5460433959961,846.0188598632812
74.38346862792969,54.96967315673828,134.83856201171875,121.16156768798828,-144.3402862548828,982.837890625,93.20282745361328,-43.6868782043457,487.7622375488281,237.18414306640625,-330.7782592773437,911.7791137695312,-161.12451171875,-280.1718444824219,158.7253875732422,-182.5045318603516,-116.51200103759766,989.8475341796876,-160.2825927734375,-248.4153594970703,524.4406127929688,-251.78453063964844,-114.27381134033205,843.8831787109375
74.0409927368164,65.05818939208984,135.0381622314453,120.66472625732422,-143.14022827148438,981.1749877929688,92.9774932861328,-37.91609954833984,487.1128845214844,234.48391723632807,-334.4796447753906,913.3299560546876,-161.3183135986328,-296.9561767578125,157.196044921875,-183.00424194335935,-115.8188705444336,988.2311401367188,-160.35360717773438,-246.4537506103516,522.0849609375,-252.35739135742188,-111.2207260131836,841.6956176757812
73.72456359863281,75.04318237304688,135.3264617919922,120.1651840209961,-142.08087158203125,979.5029296875,92.79991149902344,-32.43874740600586,486.457763671875,231.60716247558597,-337.7604064941406,914.609130859375,-161.38551330566406,-312.6940612792969,156.30117797851562,-183.5141448974609,-115.30416870117188,986.5560302734376,-160.5775604248047,-244.4551696777344,519.6290893554688,-252.864013671875,-108.3968276977539,839.4757690429688
73.44163513183594,84.9120101928711,135.72085571289062,119.66503143310548,-141.1678466796875,977.8333740234376,92.6608428955078,-27.265287399291992,485.7970275878906,228.5666961669922,-340.6120300292969,915.6038208007812,-161.32716369628906,-327.1940612792969,155.9430694580078,-184.03414916992188,-114.98491668701172,984.8538818359376,-160.92376708984375,-242.5147705078125,517.13818359375,-253.31236267089844,-105.81239318847656,837.2430419921875
73.19579315185547,94.6526107788086,136.2379913330078,119.1641845703125,-140.40802001953125,976.177734375,92.54389190673828,-22.409454345703125,485.1302490234375,225.3767242431641,-343.0274353027344,916.3027954101562,-161.1442413330078,-340.27899169921875,156.00717163085938,-184.56478881835935,-114.87556457519533,983.1571044921876,-161.355224609375,-240.7255859375,514.67626953125,-253.7110290527344,-103.47785949707033,835.0169067382812
72.98614501953125,104.25366973876952,136.8936004638672,118.66036987304688,-139.8094482421875,974.5470581054688,92.4257354736328,-17.8883056640625,484.4564208984375,222.05284118652344,-345.0008544921875,916.6968994140624,-160.8373565673828,-351.7936706542969,156.36981201171875,-185.10714721679688,-114.987548828125,981.4984130859376,-161.8311309814453,-239.174560546875,512.3047485351562,-254.069091796875,-101.40377807617188,832.81640625
72.80736541748047,113.70467376708984,137.7028045654297,118.14928436279295,-139.38101196289062,972.9520874023438,92.2769546508789,-13.722041130065918,483.77447509765625,218.61212158203125,-346.5278015136719,916.7792358398438,-160.40721130371094,-361.6124877929688,156.9066619873047,-185.66265869140625,-115.32882690429688,979.9100952148438,-162.30967712402344,-237.9378204345703,510.0810241699219,-254.3959503173828,-99.6007843017578,830.6605224609375
72.65036010742188,122.99564361572266,138.68038940429688,117.625,-139.13189697265625,971.4031982421876,92.06363677978516,-9.93367862701416,483.0835266113281,215.07310485839844,-347.60504150390625,916.5452270507812,-159.85556030273438,-369.6468200683594,157.5011749267578,-186.23301696777344,-115.90345001220705,978.4234619140624,-162.75108337402344,-237.0762634277344,508.0562744140625,-254.70111083984372,-98.07949829101562,828.5679931640625
72.50348663330078,132.1165008544922,139.84117126464844,117.08048248291016,-139.0708465576172,969.9105834960938,91.74981689453124,-6.548620223999023,482.3831787109375,211.45578002929688,-348.2304992675781,915.9931030273438,-159.18667602539062,-375.8511047363281,158.05191040039062,-186.82005310058597,-116.71110534667967,977.0681762695312,-163.1205291748047,-236.63194274902344,506.2740783691406,-254.99395751953125,-96.85042572021484,826.5574951171875
72.35398864746094,141.0560302734375,141.20013427734375,116.50806427001952,-139.20550537109375,968.4841918945312,91.30078125,-3.5943171977996826,481.67376708984375,207.78155517578125,-348.40313720703125,915.1237182617188,-158.4090118408203,-380.22698974609375,158.47813415527344,-187.42572021484372,-117.74677276611328,975.87158203125,-163.3909454345703,-236.6259765625,504.7691345214844,-255.28355407714844,-95.92382049560548,824.6473999023438
72.18966674804688,149.80050659179688,142.77261352539062,115.8999481201172,-139.54141235351562,967.1337890625,90.6870574951172,-1.1001828908920288,480.9563293457031,204.0731964111328,-348.1229553222656,913.9409790039062,-157.53648376464844,-382.8245544433594,158.7230682373047,-188.05197143554688,-119.00043487548828,974.8583374023438,-163.5457763671875,-237.0579376220703,503.5665588378906,-255.5783843994141,-95.30948638916016,822.85595703125
72.00035095214844,158.3321533203125,144.57411193847656,115.24871826171876,-140.08120727539062,965.8689575195312,89.88849639892578,0.9021643996238708,480.232421875,200.3546600341797,-347.3909912109375,912.451904296875,-156.58946228027344,-383.74029541015625,158.75457763671875,-188.70071411132807,-120.45696258544922,974.0498046875,-163.58106994628906,-237.9067840576172,502.6816711425781,-255.8861541748047,-95.01659393310548,821.2012329101562
71.7791976928711,166.62747192382812,146.62030029296875,114.54777526855467,-140.82366943359375,964.6990356445312,88.89804077148438,2.3785011768341064,479.5038146972656,196.65098571777344,-346.20916748046875,910.6663818359376,-155.59500122070312,-383.1111450195313,158.56338500976562,-189.3737945556641,-122.09617614746094,973.4635620117188,-163.50677490234375,-239.13296508789065,502.1198425292969,-256.21356201171875,-95.05339813232422,819.7008666992188
71.52348327636719,174.65567016601562,148.92686462402344,113.79183959960938,-141.76287841796875,963.633056640625,87.72457122802734,3.291756629943848,478.7717895507813,192.98802185058597,-344.580322265625,908.5977783203124,-154.58631896972656,-381.1051940917969,158.1597442626953,-190.0728454589844,-123.89318084716795,973.1129760742188,-163.346923828125,-240.68174743652344,501.8768615722656,-256.566162109375,-95.42696380615234,818.3721313476562
71.23492431640625,182.3771209716797,151.50965881347656,112.9773406982422,-142.88758850097656,962.6795654296876,86.3944320678711,3.6022286415100098,478.0367126464844,189.3921661376953,-342.5082702636719,906.2623901367188,-153.6011962890625,-377.9085693359375,157.5692138671875,-190.79925537109372,-125.81893157958984,973.0067138671876,-163.13832092285156,-242.48683166503903,501.9389953613281,-256.9482727050781,-96.1428451538086,817.2314453125
70.91963958740234,189.74241638183597,154.3846893310547,112.1027603149414,-144.18084716796875,961.8463134765624,84.95136260986328,3.2684993743896484,477.2970581054688,185.8901214599609,-339.99761962890625,903.6797485351562,-152.67922973632812,-373.7107849121094,156.8278350830078,-191.5541076660156,-127.84113311767578,973.1484375,-162.92784118652344,-244.47418212890625,502.2825317382813,-257.3628234863281,-97.20475769042967,816.294677734375
70.58773040771484,196.6917724609375,157.56814575195312,111.16877746582033,-145.61985778808594,961.1398315429688,83.45467376708984,2.2491934299468994,476.5492248535156,182.50851440429688,-337.0540771484375,900.8721923828124,-151.8582305908203,-368.6900329589844,155.9766387939453,-192.3380279541016,-129.9254150390625,973.5364990234376,-162.76853942871094,-246.56527709960935,502.8733520507813,-257.8113098144531,-98.6142578125,815.5762939453125
70.25264739990234,203.155029296875,161.0762176513672,110.17832946777344,-147.17628479003906,960.565185546875,81.97549438476562,0.5055650472640991,475.7870178222656,179.27359008789062,-333.684326171875,897.864990234375,-151.17001342773438,-363.001220703125,155.0570831298828,-193.1511993408203,-132.03671264648438,974.1636352539062,-162.714599609375,-248.6791839599609,503.6661987304688,-258.2938232421875,-100.37042999267578,815.0895385742188
69.93045806884766,209.05165100097656,164.9240264892578,109.13664245605467,-148.8167266845703,960.1256713867188,80.59138488769531,-1.9952733516693115,475.0016479492188,176.21080017089844,-329.8962097167969,894.6859741210938,-150.63668823242188,-356.768310546875,154.1079864501953,-193.99327087402344,-134.14073181152344,975.0174560546876,-162.81564331054688,-250.7332763671875,504.60498046875,-258.8089904785156,-102.4696807861328,814.8461303710938
69.63870239257812,214.29139709472656,169.1241912841797,108.05121612548828,-150.50352478027344,959.8226318359376,79.37956237792969,-5.276820659637451,474.1825256347656,173.3445587158203,-325.6986999511719,891.3650512695312,-150.26809692382812,-350.08209228515625,153.16358947753906,-194.8632049560547,-136.20513916015625,976.0803833007812,-163.11111450195312,-252.642578125,505.6245727539063,-259.3541259765625,-104.90557098388672,814.8556518554688
69.39514923095703,218.77642822265625,173.68487548828125,106.9317626953125,-152.19598388671875,959.6554565429688,78.40972137451172,-9.349935531616213,473.3186340332031,170.69776916503906,-321.1021423339844,887.934326171875,-150.06124877929688,-343.0017395019531,152.25270080566406,-195.7592010498047,-138.20037841796875,977.3306274414062,-163.62547302246094,-254.31838989257807,506.6550598144531,-259.9253234863281,-107.6687240600586,815.1256103515625
69.2162857055664,222.40554809570312,178.607666015625,105.78993225097656,-153.85191345214844,959.6214599609376,77.73738861083984,-14.210545539855955,472.4006652832031,168.2916259765625,-316.1182861328125,884.4271240234375,-150.0018310546875,-335.55987548828125,151.39801025390625,-196.67852783203125,-140.10009765625,978.7430419921876,-164.36509704589844,-255.66732788085935,507.6281127929688,-260.5174255371094,-110.74688720703124,815.660888671875
69.1158447265625,225.0797271728516,183.88491821289065,104.6387939453125,-155.4293212890625,959.7164306640624,77.39900207519531,-19.83874893188477,471.4241333007813,166.1452178955078,-310.7602844238281,880.8780517578125,-150.06732177734375,-327.7698059082031,150.61610412597656,-197.6173858642578,-141.88099670410156,980.2901000976562,-165.31761169433594,-256.591796875,508.4842834472656,-261.1242980957031,-114.1250228881836,816.4638671875
69.1034927368164,226.70846557617188,189.4969940185547,103.4921646118164,-156.88827514648438,959.9343872070312,77.40926361083984,-26.19932746887207,470.392333984375,164.27529907226562,-305.0428161621094,877.3220825195312,-150.23077392578125,-319.6334228515625,149.9175262451172,-198.5709686279297,-143.52230834960938,981.943359375,-166.4538116455078,-256.9925231933594,509.1794128417969,-261.7389831542969,-117.7855453491211,817.5337524414062
69.18354034423828,227.2162322998047,195.4095001220703,102.36380767822266,-158.19273376464844,960.2686767578124,77.7611312866211,-33.24339294433594,469.3188171386719,162.69606018066406,-298.9819030761719,873.7943725585938,-150.4645233154297,-311.1491394042969,149.3072509765625,-199.53366088867188,-145.00526428222656,983.6741333007812,-167.7316131591797,-256.7731628417969,509.6887817382813,-262.35369873046875,-121.70864868164062,818.8670043945312
69.35383605957031,226.5487518310547,201.57179260253903,101.26663970947266,-159.3119659423828,960.7122192382812,78.42826843261719,-40.91083908081055,468.2291564941406,161.4188232421875,-292.5950622558594,870.32958984375,-150.74305725097656,-302.3187866210937,148.7852783203125,-200.49937438964844,-146.31240844726562,985.4551391601562,-169.1013641357422,-255.84640502929688,510.0081481933594,-262.9602355957031,-125.87267303466795,820.4568481445312
69.60488891601562,224.67794799804688,207.9169158935547,100.21192932128906,-160.2218475341797,961.2584228515624,79.36936950683594,-49.13321685791016,467.1613159179688,160.45191955566406,-285.9009704589844,866.96142578125,-151.04519653320312,-293.152587890625,148.3472900390625,-201.46197509765625,-147.42715454101562,987.2604370117188,-170.5116729736328,-254.1405334472656,510.152099609375,-263.54998779296875,-130.2545166015625,822.2935180664062
69.91974639892578,221.60548400878903,214.36338806152344,99.20862579345705,-160.9055938720703,961.9020385742188,80.53334045410156,-57.8366813659668,466.1647033691406,159.80052185058594,-278.9195556640625,863.7221069335938,-151.35523986816406,-283.6717224121094,147.98556518554688,-202.41575622558597,-148.33358764648438,989.0667114257812,-171.9150848388672,-251.60525512695312,510.1494445800781,-264.1142578125,-134.83004760742188,824.364501953125
70.27501678466797,217.3643798828125,220.81871032714844,98.26285552978516,-161.3543243408203,962.6400756835938,81.86438751220703,-66.94477844238281,465.2980041503906,159.466552734375,-271.6717529296875,860.6416625976562,-151.66329956054688,-273.9078063964844,147.69009399414062,-203.3557586669922,-149.01644897460938,990.8529052734376,-173.2729034423828,-248.21697998046875,510.037353515625,-264.64459228515625,-139.57449340820312,826.654296875
70.64303588867188,212.01829528808597,227.18394470214844,97.37757873535156,-161.56695556640625,963.4718017578124,83.30648040771484,-76.38084411621094,464.6256103515625,159.4485321044922,-264.1794738769531,857.7476196289062,-151.96484375,-263.8999328613281,147.44967651367188,-204.2781219482422,-149.4613800048828,992.6007080078124,-174.55857849121094,-243.98252868652344,509.8542785644531,-265.1328430175781,-144.462890625,829.1451416015625
70.99508666992188,205.65711975097656,233.3588104248047,96.55255126953124,-161.5497589111328,964.3993530273438,84.80680847167969,-86.07006072998047,464.2133483886719,159.74168395996094,-256.46539306640625,855.0643920898438,-152.25950622558594,-253.69094848632807,147.25311279296875,-205.18011474609372,-149.65528869628906,994.294189453125,-175.75897216796875,-238.94049072265625,509.63427734375,-265.5715026855469,-149.47044372558594,831.817138671875
71.304931640625,198.3892364501953,239.24554443359372,95.7845458984375,-161.31539916992188,965.4266967773438,86.31837463378906,-95.94091796875,464.1238403320313,160.3378448486328,-248.55288696289065,852.6128540039062,-152.5496368408203,-243.3242950439453,147.09010314941406,-206.0601348876953,-149.5869903564453,995.9198608398438,-176.87364196777344,-233.1591644287109,509.4025268554688,-265.95391845703125,-154.57289123535156,834.6486206054688
71.55159759521484,190.33108520507807,244.7505798339844,95.06783294677734,-160.88165283203125,966.5592651367188,87.80168151855469,-105.9261245727539,464.41162109375,161.22557067871094,-240.4658203125,850.4098510742188,-152.8386688232422,-232.841064453125,146.95196533203125,-206.91744995117188,-149.2477569580078,997.4664916992188,-177.9120330810547,-226.7315826416016,509.1739501953125,-266.2744140625,-159.7467803955078,837.6165771484375
71.72107696533203,181.59637451171875,249.7839508056641,94.39505767822266,-160.2698516845703,967.8021850585938,89.2254409790039,-115.96294403076172,465.118896484375,162.3903045654297,-232.228515625,848.4678955078125,-153.12966918945312,-222.27786254882807,146.8321990966797,-207.7518768310547,-148.63204956054688,998.9251098632812,-178.8892822265625,-219.76795959472656,508.9537353515625,-266.5284423828125,-164.96975708007812,840.6972045898438
71.8069839477539,172.2869110107422,254.2586975097656,93.75818634033205,-159.50331115722656,969.1593627929688,90.56649017333984,-125.99280548095705,466.2721862792969,163.81455993652344,-223.8655548095703,846.7949829101562,-153.4243927001953,-211.66575622558597,146.72669982910156,-208.56314086914065,-147.7381591796875,1000.2883911132812,-179.82130432128906,-212.38645935058597,508.7400207519531,-266.71258544921875,-170.22079467773438,843.8663330078125
71.81056213378906,162.48605346679688,258.0913391113281,93.14947509765624,-158.6058349609375,970.6318969726562,91.80886840820312,-135.96055603027344,467.880126953125,165.47813415527344,-215.40167236328125,845.394287109375,-153.7226104736328,-201.02981567382807,146.63368225097656,-209.3505401611328,-146.5687255859375,1001.5509643554688,-180.7201232910156,-204.7032012939453,508.5274963378906,-266.8246154785156,-175.48025512695312,847.0997924804688
71.74065399169922,152.25559997558594,261.2038269042969,92.5623016357422,-157.60028076171875,972.2171630859376,92.94230651855467,-145.81350708007812,469.9332275390625,167.35848999023438,-206.86160278320312,844.2642211914062,-154.02182006835938,-190.38902282714844,146.55325317382812,-210.1123504638672,-145.13119506835938,1002.7089233398438,-181.5903778076172,-196.8231964111328,508.3113403320313,-266.8634338378906,-180.7301483154297,850.3737182617188
71.61370086669922,141.6356201171875,263.5264892578125,91.99171447753906,-156.50741577148438,973.9077758789062,93.96028137207033,-155.50057983398438,472.4043884277344,169.43104553222656,-198.26995849609372,843.3984985351562,-154.3175506591797,-179.7566680908203,146.48687744140625,-210.84567260742188,-143.43809509277344,1003.7596435546876,-182.4276428222656,-188.8333282470703,508.0904541015625,-266.8290405273437,-185.9540863037109,853.6649169921875
71.45317840576172,130.6471710205078,265.0010070800781,91.43486785888672,-155.34481811523438,975.6912841796876,94.85800170898438,-164.9718780517578,475.2513732910156,171.66954040527344,-189.6510467529297,842.7860107421875,-154.60398864746094,-169.14109802246094,146.43667602539062,-211.5461883544922,-141.50692749023438,1004.70166015625,-183.2189483642578,-180.7980194091797,507.8693542480469,-266.7223205566406,-191.1374053955078,856.9509887695312
71.28813934326172,119.29635620117188,265.5829467773437,90.89126586914062,-154.12615966796875,977.5498657226562,95.63070678710938,-174.17884826660156,478.4197082519531,174.04644775390625,-181.0287933349609,842.4114990234375,-154.87474060058594,-158.5467529296875,146.4048614501953,-212.20816040039065,-139.35992431640625,1005.534423828125,-183.9453582763672,-172.75787353515625,507.65826416015625,-266.5450744628906,-196.2670440673828,860.2105712890625
71.15079498291016,107.57917022705078,265.2437438964844,90.3627700805664,-152.86093139648438,979.4606323242188,96.27239990234376,-183.07476806640625,481.84661865234375,176.53338623046875,-172.4265594482422,842.2554931640625,-155.1239013671875,-147.97512817382812,146.39300537109375,-212.8246612548828,-137.0234375,1006.258056640625,-184.58609008789065,-164.73133850097656,507.4715881347656,-266.2996520996094,-201.3315277099609,863.4234008789062
71.0737075805664,95.48577117919922,263.97198486328125,89.853515625,-151.55465698242188,981.3964233398438,96.77537536621094,-191.61529541015625,485.4649353027344,179.10157775878906,-163.8670196533203,842.294921875,-155.34671020507812,-137.4256134033203,146.40179443359375,-213.38775634765625,-134.52711486816406,1006.8731079101562,-185.12306213378903,-156.7189483642578,507.3248291015625,-265.9888916015625,-206.3208465576172,866.5703125
71.08741760253906,83.00359344482422,261.7744445800781,89.36966705322266,-150.20944213867188,983.3268432617188,97.13036346435548,-199.75857543945312,489.2068786621094,181.7222442626953,-155.37197875976562,842.5036010742188,-155.5401153564453,-126.89635467529295,146.43077087402344,-213.88900756835935,-131.90284729003906,1007.3804931640624,-185.54481506347656,-148.70933532714844,507.2313537597656,-265.61578369140625,-211.2262420654297,869.6331787109375
71.21863555908203,70.11919403076172,258.6764831542969,88.91908264160156,-148.82489013671875,985.2197875976562,97.3272933959961,-207.4653167724609,493.0068359375,184.36705017089844,-146.96226501464844,842.85302734375,-155.70274353027344,-116.3846664428711,146.47854614257812,-214.31983947753903,-129.18362426757812,1007.7813110351562,-185.8484039306641,-140.6862030029297,507.1991271972656,-265.183349609375,-216.0400390625,872.5950317382812
71.48870849609375,56.81937789916992,254.7216033935547,88.51083374023438,-147.3988800048828,987.0424194335938,97.35646057128906,-214.6985626220703,496.80322265625,187.0084686279297,-138.6575469970703,843.3128051757812,-155.83453369140625,-105.88758087158205,146.54290771484375,-214.672119140625,-126.40237426757812,1008.0764770507812,-186.03924560546875,-132.6348114013672,507.2290954589844,-264.69439697265625,-220.7554168701172,875.43994140625
71.91254425048828,43.09186553955078,249.9705047607422,88.15460205078125,-145.928466796875,988.7626342773438,97.21002197265624,-221.4235992431641,500.5391845703125,189.62022399902344,-130.47628784179688,843.8511962890625,-155.93621826171875,-95.4022216796875,146.62123107910156,-214.9385986328125,-123.59088897705078,1008.2670288085938,-186.12892150878903,-124.54713439941406,507.3153076171875,-264.1513061523437,-225.3661651611328,878.15283203125
72.4979476928711,28.92555427551269,244.49984741210935,87.85999298095703,-144.4105987548828,990.349853515625,96.88370513916016,-227.6079864501953,504.1621398925781,192.1775360107422,-122.43560791015624,844.4361572265625,-156.00892639160156,-84.92608642578125,146.71067810058594,-215.1134185791016,-120.77906799316406,1008.3536376953124,-186.1322326660156,-116.4248046875,507.44635009765625,-263.55596923828125,-229.8664093017578,880.719482421875
73.24556732177734,14.310845375061035,238.40066528320312,87.63594055175781,-142.8428192138672,991.77587890625,96.37854766845705,-233.2219390869141,507.6230163574219,194.65744018554688,-114.55135345458984,845.0357055664062,-156.05377197265625,-74.4574203491211,146.8084716796875,-215.1923675537109,-117.99436950683594,1008.3365478515624,-186.0643768310547,-108.28013610839844,507.607177734375,-262.90948486328125,-234.25045776367188,883.1263427734375
74.14938354492188,-0.759765625,231.7766571044922,87.49009704589844,-141.22396850585938,993.015625,95.70242309570312,-238.2386474609375,510.87542724609375,197.03900146484372,-106.83798217773438,845.6185913085938,-156.07167053222656,-63.995452880859375,146.91213989257812,-215.1732482910156,-115.26131439208984,1008.2157592773438,-185.93890380859372,-100.1353530883789,507.7809448242188,-262.2121887207031,-238.51263427734372,885.3607788085938
75.1978530883789,-16.290775299072266,224.7418212890625,87.42841339111328,-139.55474853515625,994.0473022460938,94.87110900878906,-242.63479614257807,513.8749389648438,199.30360412597656,-99.30866241455078,846.1548461914062,-156.06329345703125,-53.54061508178711,147.01966857910156,-215.05581665039065,-112.60105895996094,1007.9906005859376,-185.7667236328125,-92.02063751220705,507.9505004882813,-261.46356201171875,-242.6471710205078,887.4107055664062
76.37570190429688,-32.28255844116211,217.4177398681641,87.45476531982422,-137.83828735351562,994.8529052734376,93.9085922241211,-246.3912506103516,516.5792236328125,201.4350128173828,-91.9753189086914,846.6160888671875,-156.02899169921875,-43.09457778930664,147.12974548339844,-214.84182739257807,-110.03113555908205,1007.6602783203124,-185.5560760498047,-83.97117614746094,508.0995178222656,-260.6623840332031,-246.64801025390625,889.264892578125
77.66622161865234,-48.73020553588867,209.9302978515625,87.57083129882812,-136.08055114746094,995.4182739257812,92.84671783447266,-249.4942321777344,518.9487915039062,203.4195709228516,-84.84878540039062,846.9763793945312,-155.9689483642578,-32.660179138183594,147.24176025390625,-214.53485107421875,-107.5655746459961,1007.2237548828124,-185.31304931640625,-76.02363586425781,508.2136840820313,-259.8065795898437,-250.50880432128903,890.9127807617188
79.05315399169922,-65.62179565429688,202.40670776367188,87.77611541748047,-134.29054260253906,995.7332153320312,91.72391510009766,-251.93667602539065,520.947998046875,205.24632263183597,-77.93899536132812,847.2120361328125,-155.88343811035156,-22.24114799499512,147.3560791015625,-214.1400909423828,-105.2151870727539,1006.679931640625,-185.0423889160156,-68.21238708496094,508.2815551757813,-258.8935241699219,-254.22271728515625,892.344970703125
80.521484375,-82.93588256835938,194.9727935791016,88.068115234375,-132.4803466796875,995.7914428710938,90.5832977294922,-253.7198944091797,522.546630859375,206.90696716308597,-71.25515747070312,847.3023071289062,-155.77310180664062,-11.841719627380373,147.47398376464844,-213.6639862060547,-102.988037109375,1006.0283203125,-184.7484893798828,-60.56609725952149,508.2951354980469,-257.9200744628906,-257.78240966796875,893.5528564453125
82.057373046875,-100.63850402832033,187.75018310546875,88.44264221191406,-130.66477966308594,995.5906372070312,89.47025299072266,-254.85504150390625,523.721435546875,208.3959197998047,-64.80597686767578,847.2296142578125,-155.6393585205078,-1.4663165807724,147.59774780273438,-213.1139068603516,-100.88987731933594,1005.2689208984376,-184.43618774414065,-53.10563659667969,508.250244140625,-256.88262939453125,-261.1800231933594,894.529296875
83.64749145507812,-118.67980194091795,180.8536071777344,88.89424896240234,-128.86085510253906,995.1324462890624,88.42972564697266,-255.36460876464844,524.4578247070312,209.71023559570312,-58.599796295166016,846.9794311523438,-155.4847869873047,8.88061237335205,147.73046875,-212.4976348876953,-98.9246063232422,1004.4026489257812,-184.11135864257807,-45.84346008300781,508.1461791992188,-255.7774353027344,-264.4070129394531,895.2682495117188
85.27804565429688,-136.9906768798828,174.38816833496094,89.41667938232422,-127.08708190917967,994.422607421875,87.5034408569336,-255.2836456298828,524.7513427734375,210.84954833984372,-52.64482116699219,846.541015625,-155.31333923339844,19.19452476501465,147.87591552734375,-211.82305908203125,-97.0947723388672,1003.4314575195312,-183.78114318847656,-38.784210205078125,507.98541259765625,-254.60060119628903,-267.4543151855469,895.7654418945312
86.93391418457031,-155.4799041748047,168.44656372070312,90.00334930419922,-125.36282348632812,993.4708251953124,86.72736358642578,-254.6601104736328,524.6087646484375,211.81593322753903,-46.949214935302734,845.9071044921875,-155.13035583496094,29.470563888549805,148.038330078125,-211.09776306152344,-95.40211486816406,1002.3583984375,-183.45379638671875,-31.92624855041504,507.7726745605469,-253.34829711914065,-270.3122253417969,896.0181274414062
88.59800720214844,-174.0323028564453,163.10609436035156,90.64779663085938,-123.70768737792967,992.2905883789062,86.12931060791016,-253.5543975830078,524.0482788085938,212.61380004882807,-41.52123260498047,845.07421875,-154.94253540039062,39.7032356262207,148.22219848632812,-210.3288116455078,-93.84801483154295,1001.18798828125,-183.1380157470703,-25.263952255249023,507.51416015625,-252.01690673828125,-272.9704284667969,896.0254516601562
90.25129699707033,-192.5080108642578,158.42556762695312,91.34403228759766,-122.14105224609376,990.8994750976562,85.72709655761719,-252.0378570556641,523.099365234375,213.2497100830078,-36.36923599243164,844.0425415039062,-154.75755310058594,49.8861083984375,148.43212890625,-209.52268981933597,-92.43382263183594,999.9255981445312,-182.84210205078125,-18.790388107299805,507.2165222167969,-250.6031188964844,-275.418212890625,895.78857421875
91.8734893798828,-210.74327087402344,154.44239807128906,92.0867919921875,-120.6816864013672,989.3187255859376,85.52733612060547,-250.19065856933597,521.80126953125,213.73216247558597,-31.50172996520996,842.8162231445312,-154.5835723876953,60.01151657104492,148.67271423339844,-208.6851959228516,-91.16094970703124,998.5779418945312,-182.5727386474609,-12.4999361038208,506.8859558105469,-249.10411071777344,-277.644287109375,895.310791015625
93.44393157958984,-228.5538330078125,151.170166015625,92.87175750732422,-119.3475112915039,987.5733032226562,85.52503967285156,-248.09901428222656,520.2015991210938,214.0714874267578,-26.92734718322754,841.4029541015625,-154.42864990234375,70.07046508789062,148.94873046875,-207.82151794433597,-90.0309829711914,997.1529541015624,-182.3337860107422,-6.390520095825195,506.5274353027344,-247.51760864257807,-279.6371459960937,894.59765625
94.94245147705078,-245.7407989501953,148.5973358154297,93.69558715820312,-118.15536499023438,985.69140625,85.7041244506836,-245.85183715820312,518.3538208007812,214.27957153320312,-22.654844284057617,839.8141479492188,-154.29994201660156,80.05287170410156,149.2655487060547,-206.9363250732422,-89.04566192626953,995.6595458984376,-182.1249847412109,-0.4652943611145019,506.14459228515625,-245.84202575683597,-281.3850402832031,893.6571044921875
96.34996032714844,-262.09716796875,146.6872100830078,94.5559310913086,-117.12085723876952,983.704345703125,86.03899383544922,-243.5374298095703,516.3145751953125,214.36965942382807,-18.69308853149414,838.0643310546875,-154.20301818847656,89.9480972290039,149.6298065185547,-206.0336456298828,-88.20701599121094,994.1076049804688,-181.94091796875,5.2663397789001465,505.7396545410156,-244.07655334472656,-282.8761291503906,892.499267578125
97.6489028930664,-277.41461181640625,145.37940979003906,95.45130920410156,-116.25821685791016,981.6459350585938,86.4969253540039,-241.24020385742188,514.1419067382812,214.35618591308597,-15.051054000854492,836.1715698242188,-154.14117431640625,99.74559783935548,150.04981994628906,-205.11688232421875,-87.51751708984375,992.5079345703124,-181.77003479003903,10.788394927978516,505.3140563964844,-242.22122192382807,-284.0987243652344,891.13671875
98.82402801513672,-291.4914245605469,144.5929412841797,96.38104248046876,-115.580078125,979.5518798828124,87.04117584228516,-239.03787231445312,511.8930969238281,214.2544860839844,-11.737807273864746,834.156494140625,-154.11524963378906,109.43558502197266,150.53594970703125,-204.18865966796875,-86.98029327392578,990.8719482421876,-181.5940399169922,16.07862091064453,504.8689575195313,-240.27700805664065,-285.0415344238281,889.584228515625
99.86278533935548,-304.1411437988281,144.23057556152344,97.34503936767578,-115.09728240966795,977.4591064453124,87.63449096679688,-236.99945068359372,509.6237182617188,214.08062744140625,-8.76246166229248,832.0423583984375,-154.12364196777344,119.00946044921876,151.10047912597656,-203.25054931640625,-86.59938049316406,989.2113647460938,-181.38800048828125,21.109413146972656,504.4061584472656,-238.2458953857422,-285.6937255859375,887.8587036132812
100.75584411621094,-315.2013854980469,144.1847686767578,98.34368896484376,-114.81854248046876,975.4052124023438,88.24264526367188,-235.18377685546875,507.3870544433594,213.8511199951172,-6.134127140045166,829.8545532226562,-154.16258239746094,128.45986938476562,151.75730895996094,-202.3028717041016,-86.3799819946289,987.5380859375,-181.12103271484372,25.84908866882324,503.9285888671875,-236.1309051513672,-286.0452880859375,885.9790649414062
101.4980926513672,-324.5420227050781,144.34490966796875,99.37774658203124,-114.75008392333984,973.427490234375,88.8377456665039,-233.63853454589844,505.2337951660156,213.5826416015625,-3.8618319034576416,827.6199951171875,-154.2266387939453,137.7802276611328,152.5215606689453,-201.34445190429688,-86.32860565185547,985.86376953125,-180.7580108642578,30.263229370117188,503.4404602050781,-233.9361572265625,-286.0872802734375,883.9657592773438
102.08997344970705,-332.0726318359375,144.60511779785156,100.44823455810548,-114.89522552490234,971.5620727539062,89.40091705322266,-232.39942932128903,503.2116394042969,213.29188537597656,-1.9544175863265991,825.36669921875,-154.30926513671875,146.9639434814453,153.408935546875,-200.37245178222656,-86.45301818847656,984.1997680664062,-180.2618865966797,34.315792083740234,502.947265625,-231.6669158935547,-285.81201171875,881.8408813476562
102.53857421875,-337.7487487792969,144.87158203125,101.55640411376952,-115.25394439697266,969.8434448242188,89.92391204833984,-231.48963928222656,501.3648681640625,212.9952545166016,-0.4204214811325073,823.123291015625,-154.40342712402344,156.003173828125,154.43511962890625,-199.38235473632807,-86.76190185546875,982.556640625,-179.59674072265625,37.96984100341797,502.4552917480469,-229.32962036132807,-285.2133483886719,879.6273803710938
102.85833740234376,-341.5757751464844,145.068359375,102.70367431640624,-115.82243347167967,968.3034057617188,90.40984344482422,-230.91973876953125,499.7333068847656,212.70860290527344,0.7320549488067627,820.918212890625,-154.5025177001953,164.8872833251953,155.615478515625,-198.36813354492188,-87.26416015625,980.9444580078124,-178.73097229003906,41.18781661987305,501.9710693359375,-226.931884765625,-284.28692626953125,877.3492431640625
103.07073974609376,-343.6094970703125,145.1408233642578,103.89154815673828,-116.59283447265624,966.9705810546876,90.87285614013672,-230.6882476806641,498.3516540527344,212.447021484375,1.4954798221588137,818.779296875,-154.60107421875,173.60096740722656,156.96478271484375,-197.32278442382807,-87.9677963256836,979.37255859375,-177.64053344726562,43.93132019042969,501.5007019042969,-224.4825134277344,-283.0303955078125,875.0307006835938
103.20299530029295,-343.95330810546875,145.0561065673828,105.12152862548828,-117.5531005859375,965.8696899414062,91.3370590209961,-230.7827606201172,497.2482604980469,212.22467041015625,1.863041996955872,816.7332153320312,-154.69573974609375,182.12240600585935,158.497314453125,-196.2390899658203,-88.87836456298828,977.849853515625,-176.3118133544922,46.160587310791016,501.0487365722656,-221.9914703369141,-281.4435729980469,872.696044921875
103.28572845458984,-342.7509765625,144.80093383789062,106.39488983154295,-118.6871337890625,965.0208129882812,91.83458709716795,-231.1813201904297,496.4442443847656,212.05458068847656,1.8288159370422363,814.804931640625,-154.78585815429688,190.4213714599609,160.2270965576172,-195.1103973388672,-89.9973373413086,976.3850708007812,-174.74398803710938,47.83386993408203,500.61724853515625,-219.4698181152344,-279.5285339355469,870.369384765625
103.35005950927734,-340.1761779785156,144.37786865234375,107.71247100830078,-119.97515106201172,964.4390869140624,92.40283966064452,-231.85397338867188,495.9524536132813,211.94851684570312,1.3879300355911257,813.0173950195312,-154.8738555908203,198.45758056640625,162.16835021972656,-193.9313507080078,-91.32062530517578,974.9868774414062,-172.9505615234375,48.90709686279297,500.2044067382813,-216.92974853515625,-277.2899475097656,868.0740356445312
103.42459106445312,-336.4185791015625,143.80154418945312,109.07445526123048,-121.39417266845705,964.1339721679688,93.08110809326172,-232.7638397216797,495.7759704589844,211.9169158935547,0.5367268919944763,811.3910522460938,-154.9651336669922,206.1793212890625,164.33599853515625,-192.69839477539065,-92.83734893798828,973.6636352539062,-170.96009826660156,49.33414840698242,499.8033142089844,-214.3843536376953,-274.7348937988281,865.8323364257812
103.5328140258789,-331.6690979003906,143.09603881835938,110.48015594482422,-122.91862487792967,964.10888671875,93.9065399169922,-233.86782836914065,495.9067993164063,211.9687042236328,-0.727089524269104,809.9435424804688,-155.06732177734375,213.52220153808597,166.74578857421875,-191.41015625,-94.52899932861328,972.4237670898438,-168.81565856933594,49.067989349365234,499.4009704589844,-211.8476104736328,-271.8730773925781,863.6650390625
103.6912078857422,-326.1061096191406,142.29238891601562,111.92781829833984,-124.52106475830078,964.3611450195312,94.90983581542967,-235.116455078125,496.3241882324219,212.111328125,-2.404317617416382,808.689697265625,-155.18887329101562,220.4085235595703,169.4141387939453,-190.06773376464844,-96.3689956665039,971.2753295898438,-166.5731658935547,48.06291961669922,498.977783203125,-209.3342437744141,-268.71685791015625,861.591552734375
103.90802764892578,-319.88531494140625,141.42584228515625,113.41448974609376,-126.17298126220705,964.8817749023438,96.11102294921876,-236.45298767089844,496.9935607910156,212.35060119628903,-4.494137763977051,807.641357421875,-155.3371124267578,226.74766540527344,172.35791015625,-188.67481994628903,-98.32274627685548,970.2257690429688,-164.2985076904297,46.27767181396485,498.5076904296875,-206.85955810546875,-265.2810363769531,859.6289672851562
104.18256378173828,-313.1335144042969,140.53260803222656,114.93585968017578,-127.84562683105467,965.65576171875,97.51575469970705,-237.81175231933597,497.8663940429688,212.6907196044922,-6.994014739990234,806.8072509765625,-155.5162811279297,232.43817138671875,175.59402465820312,-187.2377166748047,-100.34835052490234,969.2819213867188,-162.06341552734375,43.679080963134766,497.9595642089844,-204.43931579589844,-261.5828552246094,857.7924194335938
104.50543975830078,-305.94659423828125,139.64698791503906,116.48626708984376,-129.5108184814453,966.6624145507812,99.11292266845705,-239.11648559570312,498.8816223144531,213.13417053222656,-9.89963436126709,806.1931762695312,-155.7255859375,237.3708648681641,179.13864135742188,-185.76507568359372,-102.39784240722656,968.4498291015624,-159.9402313232422,40.24568939208984,497.2996520996094,-202.08956909179688,-257.6417236328125,856.0946044921875
104.85993957519533,-298.3909606933594,138.79916381835938,118.05872344970705,-131.14158630371094,967.87646484375,100.8740692138672,-240.27935791015625,499.9692687988281,213.68179321289065,-13.204870223999023,805.802001953125,-155.95785522460938,241.4327850341797,183.0055389404297,-184.2674865722656,-104.4190673828125,967.734619140625,-157.99600219726562,35.97074890136719,496.4951171875,-199.82640075683597,-253.4790802001953,854.545654296875
105.2243194580078,-290.5074462890625,138.01368713378906,119.64511108398438,-132.7126007080078,969.268798828125,102.75496673583984,-241.2016448974609,501.0557861328125,214.3327178955078,-16.901782989501953,805.6342163085938,-156.19869995117188,244.5123291015625,187.2036590576172,-182.7568359375,-106.35818481445312,967.1401977539062,-156.28639221191406,30.86413955688477,495.5188293457031,-197.6658172607422,-249.11801147460935,853.1533203125
105.5749282836914,-282.31744384765625,137.30848693847656,121.23645782470705,-134.20034790039062,970.80810546875,104.69939422607422,-241.7764892578125,502.0705261230469,215.0843811035156,-20.98067855834961,805.6878051757812,-156.4265899658203,246.50531005859372,191.73422241210935,-181.245361328125,-108.16253662109376,966.6695556640624,-154.85061645507812,24.953020095825195,494.35400390625,-195.6235198974609,-244.58285522460935,851.9230346679688
105.88938903808594,-273.83013916015625,136.69456481933594,122.82328033447266,-135.5829315185547,972.4622192382812,106.64460754394533,-241.8936920166016,502.9523315429688,215.9326171875,-25.4301872253418,805.9590454101562,-156.6139373779297,247.3218231201172,196.58763122558597,-179.7450408935547,-109.78347778320312,966.3246459960938,-153.7078399658203,18.28110885620117,492.9989013671875,-193.7146453857422,-239.8988342285156,850.8577880859375
106.14940643310548,-265.04998779296875,136.176025390625,124.39599609375,-136.8400115966797,974.1996459960938,108.5279541015625,-241.44590759277344,503.6546630859375,216.8716583251953,-30.23734474182129,806.4426879882812,-156.72923278808594,246.8932037353516,201.7408905029297,-178.26693725585938,-111.17870330810548,966.1066284179688,-152.85569763183594,10.906628608703612,491.47015380859375,-191.95364379882807,-235.091552734375,849.9586791992188
106.34259796142578,-255.9830017089844,135.75074768066406,125.94536590576172,-137.9525146484375,975.9905395507812,110.29364013671876,-240.33604431152344,504.1486206054688,217.89431762695312,-35.38768768310547,807.1324462890625,-156.73977661132812,245.17877197265625,207.1561584472656,-176.82090759277344,-112.31400299072266,966.0161743164062,-152.2711639404297,2.8991003036499023,489.8049926757813,-190.3539276123047,-230.18655395507807,849.2249145507812
106.4632339477539,-246.641357421875,135.4115447998047,127.46298217773438,-138.9026336669922,977.8077392578124,111.89862060546876,-238.4849395751953,504.42388916015625,218.99203491210935,-40.86534118652344,808.021484375,-156.61474609375,242.17149353027344,212.7808380126953,-175.41542053222656,-113.1646499633789,966.053955078125,-151.9137420654297,-5.664525985717773,488.0614013671875,-188.92779541015625,-225.2088928222656,848.6542358398438
106.51202392578124,-237.04534912109372,135.1475372314453,128.9416961669922,-139.67388916015625,979.62744140625,113.3167724609375,-235.83811950683597,504.4872131347656,220.1551513671875,-46.65314483642578,809.102783203125,-156.328125,237.901123046875,218.5497894287109,-174.05722045898438,-113.71613311767578,966.220703125,-151.73049926757812,-14.703775405883787,486.31591796875,-187.68609619140625,-220.18264770507807,848.2429809570312
106.49520874023438,-227.22299194335935,134.9456024169922,130.37599182128906,-140.25128173828125,981.4292602539062,114.5407485961914,-232.3708953857422,504.3591613769531,221.3730010986328,-52.73276519775391,810.3695678710938,-155.86129760742188,232.4342803955078,224.3887481689453,-172.75132751464844,-113.96431732177734,966.5178833007812,-151.66204833984375,-24.1379451751709,484.6589050292969,-186.63803100585935,-215.13055419921875,847.9864501953125
106.4231414794922,-217.2081298828125,134.7918701171875,131.76220703125,-140.62167358398438,983.196044921875,115.58140563964844,-228.09066772460935,504.0701293945313,222.6342620849609,-59.08479690551758,811.8153076171875,-155.20510864257812,225.87030029296875,230.21788024902344,-171.5009002685547,-113.91490173339844,966.947509765625,-151.6486358642578,-33.88861846923828,483.1879577636719,-185.79090881347656,-210.07376098632807,847.87890625
106.30882263183594,-207.03759765625,134.67300415039062,133.0985870361328,-140.77423095703125,984.91357421875,116.46511840820312,-223.0361785888672,503.6557922363281,223.92706298828125,-65.6888656616211,813.4341430664062,-154.3607635498047,218.33297729492188,235.9541931152344,-170.3072509765625,-113.58238983154295,967.5120849609376,-151.63519287109375,-43.8813362121582,482.0001831054688,-185.1499481201172,-205.03146362304688,847.9137573242188
106.16636657714844,-196.7482147216797,134.57720947265625,134.3851318359375,-140.70089721679688,986.5701904296876,117.22916412353516,-217.27371215820312,503.1529846191406,225.2393493652344,-72.52367401123047,815.2206420898438,-153.33961486816406,209.95880126953125,241.5121612548828,-169.17001342773438,-112.98856353759766,968.2144165039062,-151.57550048828125,-54.04634475708008,481.1842041015625,-184.71800231933597,-200.02081298828125,848.0834350585938
106.00959777832033,-186.37380981445312,134.49501037597656,135.6233367919922,-140.39682006835938,988.1558837890624,117.91569519042967,-210.8905792236328,502.596435546875,226.55905151367188,-79.5670394897461,817.1700439453125,-152.16143798828125,200.8832244873047,246.8020172119141,-168.0873565673828,-112.16073608398438,969.0567016601562,-151.43478393554688,-64.31853485107422,480.81341552734375,-184.49542236328125,-195.0567321777344,848.3795166015625
105.85086059570312,-175.94300842285156,134.41981506347656,136.81570434570312,-139.86062622070312,989.6619262695312,118.56500244140624,-203.9871063232422,502.0160827636719,227.8743133544922,-86.7959976196289,819.2779541015625,-150.8521728515625,191.22755432128903,251.7271881103516,-167.0562744140625,-111.1298828125,970.0401611328124,-151.19113159179688,-74.63668060302734,480.9408264160156,-184.47987365722656,-190.15196228027344,848.7924194335938
105.69981384277344,-165.4786834716797,134.3480682373047,137.96534729003906,-139.0946807861328,991.080322265625,119.2090301513672,-196.66775512695312,501.4356384277344,229.1736602783203,-94.1867904663086,821.5401611328125,-149.4410400390625,181.0888214111328,256.1830139160156,-166.0730438232422,-109.92874145507812,971.1640014648438,-150.83538818359375,-84.94221496582031,481.5960083007813,-184.6662750244141,-185.3169708251953,849.3114013671875
105.56255340576172,-154.99774169921875,134.27899169921875,139.07554626464844,-138.10498046875,992.4035034179688,119.86639404296876,-189.03282165527344,500.8717956542969,230.4461975097656,-101.71495056152344,823.9525146484375,-147.95748901367188,170.53451538085938,260.0587463378906,-165.13357543945312,-108.59015655517578,972.424560546875,-150.3697052001953,-95.17769622802734,482.7843627929688,-185.04676818847656,-180.5601043701172,849.9244384765625
105.44148254394533,-144.5115509033203,134.2140350341797,140.1492462158203,-136.9010009765625,993.6240234375,120.53981018066406,-181.17153930664065,500.3341979980469,231.6816864013672,-109.35543060302734,826.5106811523438,-146.42877197265625,159.6026611328125,263.2430419921875,-164.23385620117188,-107.1455307006836,973.8148803710938,-149.80447387695312,-105.28495025634766,484.4885559082031,-185.61080932617188,-175.8877716064453,850.6183471679688
105.33558654785156,-134.0270233154297,134.1562042236328,141.1887664794922,-135.49537658691406,994.7345581054688,121.2166976928711,-173.15769958496094,499.826171875,232.8706512451172,-117.08277893066406,829.2098999023438,-144.87852478027344,148.3057861328125,265.63134765625,-163.37034606933594,-105.62371063232422,975.3240966796876,-149.15443420410156,-115.2035140991211,486.6712341308594,-186.34532165527344,-171.3045654296875,851.3783569335938
105.24119567871094,-123.54816436767578,134.10923767089844,142.1955108642578,-133.90341186523438,995.72802734375,121.8728485107422,-165.04745483398438,499.34576416015625,234.0043182373047,-124.8713150024414,832.0446166992188,-143.32647705078125,136.6374053955078,267.134033203125,-162.54026794433594,-104.05015563964844,976.9368286132812,-148.43470764160156,-124.87045288085938,489.27874755859375,-187.2350311279297,-166.81350708007812,852.1885986328125
105.1529312133789,-113.0772933959961,134.07675170898438,143.16973876953125,-132.14247131347656,996.5975952148438,122.47879028320312,-156.87925720214844,498.8873901367188,235.07467651367188,-132.69529724121094,835.00830078125,-141.78907775878906,124.5790023803711,267.68316650390625,-161.74180603027344,-102.4464874267578,978.6337280273438,-147.65782165527344,-134.22218322753906,492.2453002929688,-188.26272583007807,-162.41635131835938,853.0318603515625
105.06475830078124,-102.61617279052734,134.06161499023438,144.1105499267578,-130.2313995361328,997.3369750976562,123.00701904296876,-148.67591857910156,498.4435119628906,236.0745086669922,-140.52908325195312,838.0930786132812,-140.28030395507812,112.1062240600586,267.2371520996094,-160.97425842285156,-100.8303680419922,980.3914794921876,-146.8319854736328,-143.19781494140625,495.49713134765625,-189.4097442626953,-158.11375427246094,853.8899536132812
104.97098541259766,-92.16651916503906,134.06549072265625,145.01589965820312,-128.18994140625,997.9407348632812,123.43824768066406,-140.44818115234375,498.00634765625,236.9972381591797,-148.34722900390625,841.2898559570312,-138.81234741210938,99.19355010986328,265.7827453613281,-160.23797607421875,-99.21565246582033,982.183349609375,-145.96060180664062,-151.74314880371094,498.9560241699219,-190.6563873291016,-153.90554809570312,854.7438354492188
104.86705017089844,-81.73027801513672,134.08868408203125,145.88278198242188,-126.0383529663086,998.4041748046876,123.76480865478516,-132.1998291015625,497.5694274902344,237.8370056152344,-156.12466430664062,844.587646484375,-137.39608764648438,85.81730651855469,263.3351135253906,-159.53427124023438,-97.61273193359376,983.9803466796876,-145.04296875,-159.8133544921875,502.54339599609375,-191.98239135742188,-149.79100036621094,855.5740356445312
104.74989318847656,-71.3095474243164,134.13009643554688,146.70755004882812,-123.7972412109375,998.7239379882812,123.9905242919922,-123.93279266357422,497.1281433105469,238.58856201171875,-163.83670043945312,847.973876953125,-136.04115295410156,71.95711517333984,259.9359436035156,-158.86517333984375,-96.02906799316406,985.7518310546876,-144.07553100585938,-167.3740692138672,506.1837158203125,-193.3673858642578,-145.76890563964844,856.3609008789062
104.6179428100586,-60.906494140625,134.18746948242188,147.48617553710938,-121.4873504638672,998.897705078125,124.12760162353516,-115.65135192871094,496.6800842285156,239.2472686767578,-171.4593048095703,851.4341430664062,-134.7559814453125,57.5959358215332,255.65061950683597,-158.23321533203125,-94.46971893310548,987.4668579101562,-143.05374145507812,-174.40081787109375,509.8068237304688,-194.7913360595703,-141.83782958984375,857.0849609375
104.47071075439452,-50.52312850952149,134.2576446533203,148.21458435058594,-119.12940216064452,998.9247436523438,124.1923370361328,-107.3645248413086,496.2244262695313,239.8090362548828,-178.9690704345703,854.9522094726562,-133.5475616455078,42.719505310058594,250.56509399414065,-157.64112854003906,-92.93798828125,989.0947875976562,-141.97418212890625,-180.87722778320312,513.348388671875,-196.2349853515625,-137.99615478515625,857.7274780273438
104.3082275390625,-40.16106033325195,134.33689880371094,148.888916015625,-116.74375915527344,998.8057861328124,124.20082092285156,-99.08689880371094,495.761474609375,240.27032470703125,-186.3433990478516,858.5101928710938,-132.42156982421875,27.31570243835449,244.78253173828125,-157.09161376953125,-91.4359893798828,990.606689453125,-140.8366241455078,-186.7927398681641,516.74951171875,-197.68019104003903,-134.2422332763672,858.2706909179688
104.13042449951172,-29.821298599243164,134.4213409423828,149.50584411621094,-114.35018157958984,998.542724609375,124.16574096679688,-90.83816528320312,495.29193115234375,240.628173828125,-193.5605316162109,862.0884399414062,-131.3824005126953,11.374676704406738,238.4202880859375,-156.58705139160156,-89.9652328491211,991.9754638671876,-139.6455078125,-192.1405487060547,519.9554443359375,-199.11024475097656,-130.57443237304688,858.6981811523438
103.9366683959961,-19.50412940979004,134.5072021484375,150.06280517578125,-111.9675750732422,998.138671875,124.0947265625,-82.64160919189453,494.8162841796875,240.88015747070312,-200.59963989257807,865.6658325195312,-130.43328857421875,-5.109835147857666,231.6069793701172,-156.12933349609375,-88.52711486816406,993.1768798828124,-138.41075134277344,-196.91598510742188,522.9146728515625,-200.5101318359375,-126.9912109375,858.995361328125
103.72557830810548,-9.209089279174805,134.59112548828125,150.55828857421875,-109.61380004882812,997.5978393554688,123.99040222167967,-74.52217864990234,494.334716796875,241.02444458007807,-207.4408416748047,869.2199096679688,-129.57611083984375,-22.137699127197266,224.4794769287109,-155.71975708007812,-87.12338256835938,994.18994140625,-137.14747619628906,-201.1159210205078,525.5785522460938,-201.8666534423828,-123.4911880493164,859.1495361328125
103.49505615234376,1.0648678541183472,134.6703643798828,150.9918975830078,-107.3055191040039,996.9254150390624,123.8516845703125,-66.50444030761719,493.8468017578125,241.05979919433597,-214.06529235839844,872.7272338867188,-128.81060791015625,-39.6984748840332,217.18002319335935,-155.3589324951172,-85.7564926147461,994.9969482421876,-135.8751678466797,-204.73936462402344,527.9017333984375,-203.1685791015625,-120.07316589355467,859.150146484375
103.24256134033205,11.319014549255373,134.74302673339844,151.3644256591797,-105.05796813964844,996.127197265625,123.6760025024414,-58.61088562011719,493.35162353515625,240.985595703125,-220.45518493652344,876.1634521484375,-128.13424682617188,-57.76778411865234,209.8531188964844,-155.04672241210938,-84.42991638183594,995.5840454101562,-134.6162109375,-207.7886199951172,529.8436889648438,-204.4067230224609,-116.73619079589844,858.9891357421875
102.96560668945312,21.55440330505371,134.8082733154297,151.67764282226562,-102.88487243652344,995.2099609375,123.46170043945312,-50.8604621887207,492.8477783203125,240.80186462402344,-226.59378051757807,879.5034790039062,-127.54253387451172,-76.3050537109375,202.6420440673828,-154.78240966796875,-83.14840698242188,995.9413452148438,-133.394287109375,-210.27105712890625,531.3701782226562,-205.57391357421875,-113.47962951660156,858.6605224609375
102.6623992919922,31.771411895751957,134.86656188964844,151.93426513671875,-100.79840850830078,994.1808471679688,123.2101821899414,-43.26740646362305,492.3338928222656,240.5092315673828,-232.46548461914065,882.7221069335938,-127.03002166748048,-95.25273895263672,195.6849822998047,-154.56466674804688,-81.91810607910156,996.0631713867188,-132.23275756835938,-212.2007293701172,532.4553833007812,-206.66506958007807,-110.30321502685548,858.1610107421875
102.33245086669922,41.96932601928711,134.91983032226562,152.1375732421875,-98.8093719482422,993.0477905273438,122.92724609375,-35.84088134765625,491.8089904785156,240.10894775390625,-238.05581665039065,885.7938842773438,-126.59144592285156,-114.53646087646484,189.1112060546875,-154.39175415039062,-80.7466812133789,995.9478759765624,-131.1532440185547,-213.6000061035156,533.0841674804688,-207.6771545410156,-107.20710754394533,857.489501953125
101.9772491455078,52.1460189819336,134.97174072265625,152.29124450683594,-96.92730712890624,991.8187866210938,122.62321472167967,-28.585599899291992,491.2728576660156,239.60287475585935,-243.35140991210935,888.6937255859375,-126.22187042236328,-134.0646514892578,183.0373687744141,-154.2616729736328,-79.64327239990234,995.598388671875,-130.1745147705078,-214.5005645751953,533.2540283203125,-208.60910034179688,-104.1919937133789,856.6474609375
101.60067749023438,62.29771423339844,135.02780151367188,152.3990478515625,-95.16083526611328,990.5023193359376,122.31220245361328,-21.50339126586914,490.7261352539063,238.9934844970703,-248.3399810791016,891.3969116210938,-125.9154281616211,-153.727294921875,177.56422424316406,-154.17236328125,-78.61846160888672,995.0220947265624,-129.31158447265625,-214.9438323974609,532.9766235351562,-209.46176147460935,-101.2591552734375,855.6383666992188
101.2092056274414,72.41883087158203,135.09548950195312,152.46461486816406,-93.51800537109376,989.10693359375,122.01052856445312,-14.595165252685549,490.1705627441406,238.2837677001953,-253.0102996826172,893.8798217773438,-125.6634292602539,-173.39402770996094,172.7733917236328,-154.12184143066406,-77.68413543701172,994.230712890625,-128.57513427734375,-214.98031616210935,532.2784423828125,-210.23789978027344,-98.41053009033205,854.4680786132812
100.81180572509766,82.50189971923828,135.1842498779297,152.49134826660156,-92.0066375732422,987.6414184570312,121.73489379882812,-7.862900257110596,489.608642578125,237.47726440429688,-257.3520202636719,896.1198120117188,-125.45280456542967,-192.9134521484375,168.72384643554688,-154.10830688476562,-76.85334014892578,993.240478515625,-127.97093200683594,-214.6681671142578,531.19970703125,-210.9419860839844,-95.64878845214844,853.1445922851562
100.41962432861328,92.53760528564452,135.3053741455078,152.48226928710938,-90.63467407226562,986.1146850585938,121.5004425048828,-1.31149160861969,489.0437316894531,236.5780334472656,-261.355712890625,898.0958862304688,-125.26539611816406,-212.1141815185547,165.4481658935547,-154.13034057617188,-76.14006805419922,992.0716552734376,-127.49960327148438,-214.07151794433597,529.7920532226562,-211.58023071289065,-92.97731018066406,851.677734375
100.04517364501952,102.5150146484375,135.47161865234375,152.4400177001953,-89.41045379638672,984.5360717773438,121.31903076171876,5.049728393554688,488.47955322265625,235.5906982421875,-265.0126342773437,899.788818359375,-125.07805633544922,-230.80755615234372,162.94915771484375,-154.18685913085938,-75.55905151367188,990.7485961914062,-127.1565399169922,-213.25872802734372,528.1150512695312,-212.1603546142578,-90.40018463134766,850.0792846679688
99.70101928710938,112.42195129394533,135.6966552734375,152.36679077148438,-88.34292602539062,982.9150390625,121.1977767944336,11.205872535705566,487.9198913574219,234.52035522460935,-268.3148193359375,901.1815795898438,-124.86360931396484,-248.79234313964844,161.19769287109375,-154.2771759033203,-75.12548065185547,989.299072265625,-126.93205261230467,-212.30072021484372,526.2320556640625,-212.69140625,-87.92220306396484,848.3626098632812
99.3983383178711,122.24536895751952,135.99459838867188,152.26431274414062,-87.44175720214844,981.26171875,121.13802337646484,17.13585090637207,487.3682556152344,233.3727569580078,-271.2547912597656,902.2597045898438,-124.59251403808594,-265.861328125,160.13243103027344,-154.4010467529297,-74.85469055175781,987.7536010742188,-126.8118133544922,-211.26934814453125,524.206787109375,-213.18360900878903,-85.54884338378906,846.542724609375
99.14554595947266,131.9717254638672,136.37982177734375,152.1337890625,-86.7173843383789,979.5863647460938,121.13461303710938,22.8122501373291,486.8274841308594,232.1542205810547,-273.8255615234375,903.0113525390624,-124.23511505126952,-281.8101501464844,159.66204833984375,-154.55853271484375,-74.7618637084961,986.1450805664062,-126.77732849121094,-210.2355194091797,522.1004638671875,-213.64805603027344,-83.2862777709961,844.6358642578125
98.94732666015624,141.58717346191406,136.86703491210938,151.97596740722656,-86.1809310913086,977.8998413085938,121.1755828857422,28.201753616333008,486.2994995117188,230.8717498779297,-276.02056884765625,903.4278564453124,-123.7636260986328,-296.4466247558594,159.6707000732422,-154.74998474121094,-74.86165618896484,984.5072631835938,-126.80646514892578,-209.26683044433597,519.9705810546875,-214.09642028808597,-81.14139556884766,842.659423828125
98.80406951904295,151.07774353027344,137.47137451171875,151.7910919189453,-85.84398651123047,976.2133178710938,121.24222564697266,33.2661247253418,485.7851867675781,229.53309631347656,-277.8336486816406,903.503662109375,-123.1536636352539,-309.5997619628906,160.0262451171875,-154.97586059570312,-75.16777038574219,982.8744506835938,-126.8740234375,-208.42474365234372,517.869384765625,-214.54063415527344,-79.12178802490234,840.6318969726562
98.71199035644533,160.42926025390625,138.20872497558594,151.57896423339844,-85.71827697753906,974.5381469726562,121.30967712402344,37.96357727050781,485.2839965820313,228.1468048095703,-279.2588806152344,903.2367553710938,-122.38539123535156,-321.12725830078125,160.5901336669922,-155.2366943359375,-75.69242095947266,981.2802124023438,-126.9525909423828,-207.7614288330078,515.8426513671875,-214.9925537109375,-77.23574829101562,838.5722045898438
98.66375732421876,169.627197265625,139.09591674804688,151.33889770507812,-85.81532287597656,972.8861083984376,121.34812927246094,42.25031280517578,484.7942810058594,226.7222595214844,-280.29071044921875,902.6287231445312,-121.44435119628906,-330.92156982421875,161.22767639160156,-155.5328369140625,-76.44574737548828,979.7564086914062,-127.0137710571289,-207.31675720214844,513.927734375,-215.46360778808597,-75.49227142333984,836.4998779296875
98.64954376220705,178.65640258789062,140.1507568359375,151.0696563720703,-86.14588928222656,971.2688598632812,121.32491302490234,46.08189392089844,484.31298828125,225.2696990966797,-280.9239501953125,901.684814453125,-120.32191467285156,-338.914794921875,161.817626953125,-155.86444091796875,-77.43506622314453,978.332763671875,-127.02974700927734,-207.1160125732422,512.1527709960938,-215.9644470214844,-73.90103149414062,834.4346313476562
98.65858459472656,187.50042724609372,141.39205932617188,150.7694091796875,-86.71947479248047,969.6983032226562,121.20744323730467,49.4141960144043,483.8361206054688,223.80015563964844,-281.1537780761719,900.4140014648438,-119.01627349853516,-345.0824584960937,162.26040649414062,-156.2313232421875,-78.66413879394531,977.0360107421876,-126.975341796875,-207.16897583007807,510.5360107421875,-216.504638671875,-72.47234344482422,832.3959350585938
98.68072509765624,196.1407623291016,142.83932495117188,150.43568420410156,-87.54359436035156,968.1861572265624,120.96685791015624,52.203861236572266,483.35845947265625,222.3254547119141,-280.9759521484375,898.828857421875,-117.5339584350586,-349.44635009765625,162.48446655273438,-156.6328582763672,-80.13240051269531,975.8895874023438,-126.83026123046876,-207.4706573486328,509.0868225097656,-217.0924072265625,-71.21711730957031,830.4031982421875
98.7079849243164,204.55567932128903,144.5126190185547,150.06546020507812,-88.623046875,966.7439575195312,120.58224487304688,54.40825271606445,482.8738098144531,220.8580322265625,-280.3869323730469,896.9457397460938,-115.89144897460938,-352.0750427246094,162.44960021972656,-157.06800842285156,-81.83415985107422,974.9134521484376,-126.58145904541016,-208.0034027099609,507.8073425292969,-217.7343292236328,-70.14679718017578,828.4750366210938
98.73567199707033,212.71902465820312,146.4323272705078,149.6553192138672,-89.95892333984375,965.3831176757812,120.04474639892578,55.98510360717773,482.3746948242188,219.4107208251953,-279.384033203125,894.7842407226562,-114.1164093017578,-353.081787109375,162.1466827392578,-157.53530883789062,-83.75800323486328,974.1239624023438,-126.22523498535156,-208.7401580810547,506.6948547363281,-218.4351806640625,-69.27323150634766,826.629638671875
98.76300811767578,220.5990295410156,148.61888122558594,149.20176696777344,-91.54764556884766,964.1143188476562,119.36096954345705,56.89206314086914,481.8523559570313,217.99652099609372,-277.9656066894531,892.367431640625,-112.24821472167967,-352.618896484375,161.5935516357422,-158.032958984375,-85.88631439208984,973.533935546875,-125.76901245117188,-209.64871215820312,505.7451171875,-219.1977996826172,-68.6086196899414,824.8840942382812
98.7931900024414,228.1570281982422,151.09263610839844,148.7017059326172,-93.37986755371094,962.9479370117188,118.55509948730467,57.08664321899414,481.2967529296875,216.6284027099609,-276.1313171386719,889.7212524414062,-110.3373794555664,-350.8684997558594,160.8276824951172,-158.5590362548828,-88.19506072998047,973.1527099609376,-125.23223876953124,-210.69586181640625,504.9551086425781,-220.0230407714844,-68.16532897949219,823.2546997070312
98.83292388916016,235.34637451171875,153.8732452392578,148.15281677246094,-95.43978118896484,961.8933715820312,117.66912078857422,56.52685928344727,480.6968078613281,215.31900024414065,-273.8822937011719,886.8743286132812,-108.44369506835938,-348.0292358398437,159.89694213867188,-159.1116180419922,-90.6540298461914,972.9864501953124,-124.64639282226562,-211.8509521484375,504.3254089355469,-220.9096527099609,-67.95577239990234,821.756591796875
98.89222717285156,242.11099243164065,156.97845458984375,147.55381774902344,-97.70462036132812,960.9588623046876,116.76066589355467,55.17285919189453,480.0408020019531,214.08042907714844,-271.2214050292969,883.85791015625,-106.63275146484376,-344.3008117675781,158.8507843017578,-159.6888885498047,-93.2274932861328,973.0380859375,-124.05386352539062,-213.0877990722656,503.86083984375,-221.8544921875,-67.99219512939453,820.40380859375
98.98430633544922,248.38397216796875,160.42254638671875,146.9046173095703,-100.14466094970705,960.1511840820312,115.89871215820312,52.98949432373047,479.3165283203125,212.9240875244141,-268.1533508300781,880.705078125,-104.97109985351562,-339.8674621582031,157.7346954345703,-160.28921508789062,-95.87520599365234,973.3070678710938,-123.5058364868164,-214.3844146728516,503.5693664550781,-222.8524932861328,-68.28644561767578,819.2092895507812
99.12523651123048,254.08645629882807,164.21514892578125,146.20632934570312,-102.72366333007812,959.4754028320312,115.15773010253906,49.94924545288086,478.5118103027344,211.8605194091797,-264.6848449707031,877.4505615234375,-103.52047729492188,-334.88427734375,156.58819580078125,-160.91094970703125,-98.55368041992188,973.7896728515624,-123.05928802490234,-215.72052001953125,503.4588012695313,-223.8968505859375,-68.84976196289062,818.1846313476562
99.33319091796876,259.127685546875,168.36094665527344,145.46121215820312,-105.39968872070312,958.9343872070312,114.611083984375,46.03512573242188,477.61529541015625,210.89923095703125,-260.8248291015625,874.13037109375,-102.33180236816406,-329.4686279296875,155.4439697265625,-161.55245971679688,-101.21776580810548,974.478515625,-122.77312469482422,-217.0728454589844,503.5321960449219,-224.9792938232422,-69.69245910644531,817.34033203125
99.6269989013672,263.4069519042969,172.85995483398438,144.67266845703125,-108.12628173828124,958.5292358398438,114.32421112060548,41.243141174316406,476.6170349121094,210.0487060546875,-256.58447265625,870.78076171875,-101.43975830078124,-323.6988525390625,154.3272705078125,-162.2117919921875,-103.82234191894533,975.3627319335938,-122.70333862304688,-218.4094390869141,503.7828369140625,-226.0902099609375,-70.8236312866211,816.6854248046875
100.0242919921875,266.817626953125,177.70724487304688,143.8451690673828,-110.85396575927734,958.259033203125,114.3483428955078,35.58396911621094,475.5101318359375,209.31626892089844,-251.9774169921875,867.4383544921875,-100.859130859375,-317.6183166503906,153.2564697265625,-162.88671875,-106.3240737915039,976.427978515625,-122.89747619628906,-219.6838531494141,504.1906433105469,-227.2190093994141,-72.25080108642578,816.2276611328125
100.53941345214844,269.2524108886719,182.8915863037109,142.98426818847656,-113.53201293945312,958.1217651367188,114.71581268310548,29.08345031738281,474.2927551269531,208.70803833007807,-247.01968383789065,864.1389770507812,-100.58367156982422,-311.2428894042969,152.24432373046875,-163.5745391845703,-108.68292236328124,977.6563720703124,-123.38863372802734,-220.8310546875,504.7210388183594,-228.3542633056641,-73.9795913696289,815.973388671875
101.18145751953124,270.6098022460937,188.39303588867188,142.0964813232422,-116.11040496826172,958.1144409179688,115.43758392333984,21.781768798828125,472.9705505371094,208.2289276123047,-241.72982788085935,860.9172973632812,-100.58763122558594,-304.57000732421875,151.29940795898438,-164.272216796875,-110.86335754394533,979.02734375,-124.18997955322266,-221.76611328125,505.32757568359375,-229.48406982421875,-76.01333618164062,815.9274291992188
101.95257568359376,270.8009948730469,194.1800537109375,141.18911743164062,-118.54207611083984,958.2340087890624,116.5033187866211,13.731847763061523,471.5596618652344,207.88265991210935,-236.1287384033203,857.8065795898438,-100.82952117919922,-297.587158203125,150.42721557617188,-164.97634887695312,-112.83519744873048,980.5177001953124,-125.29090118408205,-222.38674926757807,505.9575500488281,-230.59619140625,-78.35276794433594,816.0930786132812
102.84664154052734,269.75738525390625,200.2069396972656,140.2699737548828,-120.78515625,958.4776611328124,117.88323211669922,4.997647762298584,470.0888977050781,207.67173767089844,-230.2396697998047,854.8375854492188,-101.25733947753906,-290.2791442871094,149.6309814453125,-165.68344116210938,-114.57398223876952,982.1029052734376,-126.65595245361328,-222.57994079589844,506.5586853027344,-231.6783142089844,-80.9958267211914,816.4722290039062
103.84831237792967,267.4368591308594,206.4123992919922,139.3468475341797,-122.80484008789062,958.8434448242188,119.53163146972656,-4.347598075866699,468.6009521484375,207.5975646972656,-224.08782958984372,852.0386352539062,-101.81405639648438,-282.6335754394531,148.9122772216797,-166.39002990722656,-116.0609893798828,983.7573852539062,-128.22715759277344,-222.23155212402344,507.0857849121094,-232.71815490722656,-83.9374771118164,817.0651245117188
104.93305206298828,263.82891845703125,212.72036743164065,138.42710876464844,-124.57472229003906,959.33056640625,121.39157104492188,-14.223395347595217,467.1520385742188,207.6604156494141,-217.7001953125,849.4349365234375,-102.44263458251952,-274.6447448730469,148.27130126953125,-167.0928955078125,-117.28297424316406,985.4559326171876,-129.92926025390625,-221.2375030517578,507.5055847167969,-233.70364379882807,-87.16976928710938,817.8705444335938
106.068603515625,258.9574890136719,219.0430450439453,137.5172882080078,-126.07762145996094,959.9393310546876,123.39987182617188,-24.54421615600586,465.8096008300781,207.85960388183597,-211.10516357421875,847.04833984375,-103.09024810791016,-266.315673828125,147.7072296142578,-167.7892608642578,-118.2317123413086,987.1741333007812,-131.67767333984375,-219.5137939453125,507.7996520996094,-234.6230316162109,-90.681884765625,818.885986328125
107.2180404663086,252.88121032714844,225.2852783203125,136.62271118164062,-127.30577087402344,960.6713256835938,125.4916534423828,-35.22197341918945,464.6487121582031,208.19346618652344,-204.33204650878903,844.8970947265625,-103.71173095703124,-257.6584777832031,147.21817016601562,-168.47694396972656,-118.90347290039062,988.8895263671876,-133.38780212402344,-217.0042266845703,507.9646301269531,-235.4649810791016,-94.46043395996094,820.1073608398438
108.3437271118164,245.6895294189453,231.34898376464844,135.74737548828125,-128.26046752929688,961.52880859375,127.60428619384766,-46.16866302490234,463.747314453125,208.65936279296875,-197.41079711914065,842.99560546875,-104.2720947265625,-248.693603515625,146.80125427246094,-169.1543426513672,-119.29842376708984,990.5817260742188,-134.98464965820312,-213.6851348876953,508.0103454589844,-236.21864318847656,-98.48975372314452,821.5296020507812
109.411376953125,237.4947509765625,237.13690185546875,134.89393615722656,-128.95114135742188,962.5144653320312,129.68043518066406,-57.29900741577149,463.1806335449219,209.2538299560547,-190.37147521972656,841.3540649414062,-104.74800872802734,-239.4484100341797,146.4525146484375,-169.82044982910156,-119.4201202392578,992.2333374023438,-136.41082763671875,-209.56678771972656,507.95611572265625,-236.87380981445312,-102.75230407714844,823.1464233398438
110.3933563232422,228.4209899902344,242.5546112060547,134.06390380859375,-129.3939208984375,963.6307373046876,131.67051696777344,-68.53277587890625,463.0160827636719,209.97247314453125,-183.243896484375,839.9788208007812,-105.1281280517578,-229.9548797607422,146.16676330566406,-170.47467041015625,-119.27495574951172,993.8297119140624,-137.6316680908203,-204.6918182373047,507.8264465332031,-237.4209747314453,-107.22906494140624,824.9505004882812
111.27071380615234,218.59239196777344,247.51116943359372,133.25790405273438,-129.61004638671875,964.8787841796876,133.5341339111328,-79.79642486572266,463.30810546875,210.8100128173828,-176.0572967529297,838.8719482421875,-105.41219329833984,-220.2473297119141,145.93775939941406,-171.1165008544922,-118.87163543701172,995.3590087890624,-138.63633728027344,-199.13055419921875,507.6468200683594,-237.8514862060547,-111.89986419677734,826.93359375
112.0337905883789,208.12298583984372,251.91928100585935,132.47601318359375,-129.6239013671875,966.2576293945312,135.24058532714844,-91.02384185791016,464.0943908691406,211.7602386474609,-168.83999633789062,838.03125,-105.60912322998048,-210.3604736328125,145.75857543945312,-171.74520874023438,-118.22080993652344,996.8121948242188,-139.43519592285156,-192.97412109375,507.4403991699219,-238.1575927734375,-116.74373626708984,829.086669921875
112.6815948486328,197.1094665527344,255.69618225097656,131.71827697753906,-129.46121215820312,967.763671875,136.76815795898438,-102.15608978271484,465.393310546875,212.81593322753903,-161.6191864013672,837.4505004882812,-105.73424530029295,-200.32797241210935,145.6221923828125,-172.3595428466797,-117.3349151611328,998.1824340820312,-140.05422973632812,-186.32598876953125,507.22650146484375,-238.3326416015625,-121.73917388916016,831.3997192382812
113.22042083740234,185.62779235839844,258.7654113769531,130.985107421875,-129.14727783203125,969.389404296875,138.10256958007812,-113.14051055908205,467.2028503417969,213.96881103515625,-154.42076110839844,837.119140625,-105.8061065673828,-190.18186950683597,145.5218963623047,-172.9574432373047,-116.22803497314452,999.4649047851562,-140.5280303955078,-179.2930145263672,507.0198669433594,-238.37110900878903,-126.86447143554688,833.8619995117188
113.6623764038086,173.73281860351562,261.05908203125,130.2777099609375,-128.7056427001953,971.12353515625,139.23497009277344,-123.9292221069336,469.5012512207031,215.20950317382807,-147.26918029785156,837.0228271484375,-105.8434600830078,-179.9520721435547,145.45156860351562,-173.5357666015625,-114.91592407226562,1000.65625,-140.8929443359375,-171.97731018066406,506.8312072753906,-238.2686920166016,-132.09793090820312,836.461669921875
114.02392578125,161.46051025390625,262.5199890136719,129.59829711914062,-128.15696716308594,972.9506225585938,140.15972900390625,-134.47760009765625,472.2489929199219,216.52757263183597,-140.18751525878906,837.1434936523438,-105.86294555664062,-169.6654510498047,145.40579223632812,-174.09014892578125,-113.4159164428711,1001.7540283203124,-141.18124389648438,-164.46966552734375,506.6680603027344,-238.0223846435547,-137.41812133789062,839.1859741210938
114.32471466064452,148.83123779296875,263.103271484375,128.9503173828125,-127.51859283447266,974.8512573242188,140.87265014648438,-144.74305725097656,475.3918151855469,217.9114227294922,-133.19728088378906,837.4596557617188,-105.8775634765625,-159.34507751464844,145.38003540039062,-174.61497497558594,-111.74684143066406,1002.7564697265624,-141.41746520996094,-156.8448028564453,506.535400390625,-237.63038635253903,-142.8040313720703,842.0209350585938
114.5865707397461,135.85302734375,262.77783203125,128.33836364746094,-126.80437469482422,976.8026123046876,141.36962890625,-154.68426513671875,478.8645629882813,219.34849548339844,-126.3185806274414,837.9468383789062,-105.89608764648438,-149.0098876953125,145.37054443359375,-175.10353088378906,-109.92884826660156,1003.662109375,-141.6170196533203,-149.15884399414062,506.4363403320313,-237.09213256835935,-148.23524475097656,844.9515380859375
114.83287811279295,122.5241470336914,261.5274963378906,127.7679672241211,-126.0249481201172,978.779052734375,141.64599609375,-164.26084899902344,482.5949096679688,220.8252410888672,-119.57000732421876,838.577880859375,-105.9230728149414,-138.67428588867188,145.37448120117188,-175.5482940673828,-107.98314666748048,1004.469482421875,-141.7871551513672,-141.44912719726562,506.3722229003906,-236.40814208984372,-153.6919708251953,847.9612426757812
115.0880889892578,108.83444213867188,259.3527526855469,127.2452163696289,-125.18819427490234,980.7525634765624,141.69656372070312,-173.43328857421875,486.5074157714844,222.3273468017578,-112.9687271118164,839.3238525390625,-105.95940399169922,-128.34835815429688,145.38980102539062,-175.94129943847656,-105.93155670166016,1005.1771240234376,-141.92930603027344,-133.73622131347656,506.3425903320313,-235.58001708984372,-159.1551971435547,851.0324096679688
115.37698364257812,94.76638793945312,256.2716064453125,126.77621459960938,-124.29991912841795,982.69384765625,141.516357421875,-182.1630401611328,490.5263366699219,223.83987426757807,-106.53040313720705,840.1542358398438,-106.0031509399414,-118.0382308959961,145.4151611328125,-176.2745361328125,-103.79598999023438,1005.7833862304688,-142.04180908203125,-126.0281982421875,506.34515380859375,-234.6102752685547,-164.60671997070312,854.1459350585938
115.7234878540039,80.2960433959961,252.32052612304688,126.36651611328124,-123.36467742919922,984.5726928710938,141.1017608642578,-190.4126739501953,494.5782165527344,225.3474884033203,-100.26919555664062,841.037841796875,-106.05059051513672,-107.74697875976562,145.44964599609375,-176.54039001464844,-101.597900390625,1006.2865600585938,-142.12222290039062,-118.32591247558594,506.3758239746094,-233.50228881835935,-170.02908325195312,857.2816162109375
116.14917755126952,65.39402770996094,247.5545959472656,126.02080535888672,-122.38644409179688,986.3590698242188,140.4520721435547,-198.14637756347656,498.593017578125,226.8346710205078,-94.19771575927734,841.943115234375,-106.09722137451172,-97.47539520263672,145.4926300048828,-176.73207092285156,-99.35784149169922,1006.6851196289062,-142.16860961914062,-110.62860107421876,506.4288330078125,-232.26019287109372,-175.40570068359375,860.4181518554688
116.67188262939452,50.027000427246094,242.0474853515625,125.74260711669922,-121.3691864013672,988.0235595703124,139.5710906982422,-205.33059692382807,502.5050354003906,228.28602600097656,-88.32706451416016,842.8390502929688,-106.1384735107422,-87.22296905517578,145.54359436035156,-176.8439483642578,-97.09497833251952,1006.9776611328124,-142.18011474609375,-102.9382553100586,506.4973754882813,-230.88882446289065,-180.7207946777344,863.5333862304688
117.30451202392578,34.160194396972656,235.8911590576172,125.53421783447266,-120.31725311279295,989.5384521484376,138.46881103515625,-211.93490600585935,506.2529602050781,229.6866455078125,-82.66680908203125,843.695556640625,-106.17031860351562,-76.98870086669922,145.60202026367188,-176.87193298339844,-94.82682800292967,1007.1630249023438,-142.1567840576172,-95.26237487792967,506.5741271972656,-229.39370727539065,-185.95936584472656,866.604736328125
118.0542449951172,17.760772705078125,229.1949005126953,125.39662170410156,-119.23551177978516,990.8783569335938,137.1626434326172,-217.9330902099609,509.780029296875,231.02235412597656,-77.2250747680664,844.4840698242188,-106.18954467773438,-66.77168273925781,145.6673126220703,-176.813720703125,-92.56903076171876,1007.240234375,-142.09939575195312,-87.61483764648438,506.6517639160156,-227.78106689453125,-191.10723876953125,869.6093139648438
118.92215728759766,0.8018273711204529,222.0833740234375,125.32942199707033,-118.1293487548828,992.02099609375,135.67831420898438,-223.30372619628903,513.0341796875,232.2800445556641,-72.00862121582031,845.1779174804688,-106.19402313232422,-56.571327209472656,145.73866271972656,-176.6688995361328,-90.33544158935548,1007.2086791992188,-142.009033203125,-80.01506042480469,506.7232666015625,-226.05780029296875,-196.1510009765625,872.5242309570312
119.9030990600586,-16.733327865600586,214.6937561035156,125.33092498779295,-117.00463104248048,992.9476928710938,134.0497589111328,-228.03082275390625,515.96826171875,233.44796752929688,-67.02291870117188,845.7529907226562,-106.18275451660156,-46.387351989746094,145.8150634765625,-176.43914794921875,-88.13835906982422,1007.0678100585938,-141.8870086669922,-72.48603057861328,506.7823486328125,-224.23150634765625,-201.0779266357422,875.3271484375
120.98595428466795,-34.84700393676758,207.17184448242188,125.39828491210938,-115.8677215576172,993.6437377929688,132.31845092773438,-232.1045379638672,518.541015625,234.51608276367188,-62.27229690551758,846.1876831054688,-106.15589904785156,-36.21952819824219,145.89529418945312,-176.12815856933594,-85.98892974853516,1006.8170776367188,-141.73484802246094,-65.05196380615234,506.8236083984375,-222.31048583984372,-205.8759613037109,877.9965209960938
122.15406799316406,-53.52361679077149,199.66744995117188,125.52771759033205,-114.7255859375,994.0988159179688,130.53173828125,-235.5218505859375,520.7177734375,235.47618103027344,-57.76006317138672,846.4636840820312,-106.11459350585938,-26.06745338439941,145.97792053222656,-175.7416229248047,-83.89746856689453,1006.4560546875,-141.5546417236328,-57.73624801635742,506.8424377441406,-220.3036956787109,-210.5337371826172,880.51171875
123.38609313964844,-72.72711181640625,192.3292388916016,125.71478271484376,-113.58595275878906,994.3070678710938,128.74061584472656,-238.2875213623047,522.4716796875,236.32220458984372,-53.48862075805664,846.5657348632812,-106.06072235107422,-15.930416107177734,146.06134033203125,-175.2870635986328,-81.8736572265625,1005.9842529296876,-141.349609375,-50.5595817565918,506.8347778320313,-218.220703125,-215.04055786132807,882.8535766601562
124.65695190429688,-92.3994140625,185.29934692382807,125.9547348022461,-112.45746612548828,994.266845703125,126.99689483642578,-240.41514587402344,523.7847290039062,237.0503387451172,-49.459659576416016,846.4819946289062,-105.99659729003906,-5.807551383972168,146.1439666748047,-174.7734375,-79.9266128540039,1005.4011840820312,-141.1243438720703,-43.53877639770508,506.7966003417969,-216.07164001464844,-219.38641357421875,885.0045166015625
125.93930053710938,-112.4594268798828,178.70803833007812,126.24285125732422,-111.34982299804688,993.9808959960938,125.35012817382812,-241.9283142089844,524.6491088867188,237.65921020507807,-45.67428970336914,846.2042236328125,-105.92450714111328,4.301818370819092,146.2243194580078,-174.21087646484375,-78.06486511230469,1004.7068481445312,-140.8848876953125,-36.68617630004883,506.7233581542969,-213.86705017089844,-223.56190490722656,886.94873046875
127.20449829101562,-132.80203247070312,172.66909790039062,126.57469940185548,-110.27387237548828,993.4559326171876,123.8445816040039,-242.86199951171875,525.0679321289062,238.1498870849609,-42.13322448730469,845.7276000976562,-105.84629821777344,14.397554397583008,146.3013153076172,-173.61013793945312,-76.29645538330078,1003.9014282226562,-140.63839721679688,-30.009889602661133,506.6095275878906,-211.617919921875,-227.5582275390625,888.6727294921875
128.42327880859375,-153.2971954345703,167.27560424804688,126.94635772705078,-109.24152374267578,992.7025146484376,122.51651000976562,-243.26361083984372,525.0559692382812,238.5259246826172,-38.83695602416992,845.0509033203125,-105.76303100585938,24.47788619995117,146.37437438964844,-172.98208618164062,-74.62914276123047,1002.9859619140624,-140.3923797607422,-23.51475715637207,506.4483642578125,-209.3355255126953,-231.3670654296875,890.1649169921875
129.56617736816406,-173.78964233398438,162.59652709960938,127.3545913696289,-108.2657241821289,991.7349853515624,121.3918228149414,-243.193603515625,524.6392822265625,238.7933349609375,-35.785888671875,844.17626953125,-105.6747817993164,34.53862380981445,146.44383239746094,-172.33721923828125,-73.07054901123047,1001.962158203125,-140.1537322998047,-17.203886032104492,506.2320556640625,-207.0313415527344,-234.9805450439453,891.416259765625
130.6039276123047,-194.0997009277344,158.67340087890625,127.79690551757812,-107.36035919189452,990.5708618164062,120.48452758789062,-242.7253875732422,523.8553466796875,238.9604034423828,-32.98047637939453,843.1093139648438,-105.58065795898438,44.57267379760742,146.5113983154297,-171.68508911132812,-71.62836456298828,1000.8330078125,-139.92747497558594,-11.08026885986328,505.9523620605469,-204.717041015625,-238.3910980224609,892.4201049804688
131.50819396972656,-214.0255584716797,155.51800537109375,128.27162170410156,-106.5402374267578,989.2310791015624,119.79589080810548,-241.94419860839844,522.7513427734375,239.0375518798828,-30.42134475708008,841.85888671875,-105.47909545898438,54.56998062133789,146.5806427001953,-171.03382873535156,-70.3105697631836,999.6026000976562,-139.71572875976562,-5.148012161254883,505.6017150878906,-202.40431213378903,-241.59141540527344,893.17236328125
132.2523193359375,-233.3470916748047,153.1107177734375,128.7778778076172,-105.82108306884766,987.7390747070312,119.3147201538086,-240.94488525390625,521.3828735351562,239.037109375,-28.109336853027344,840.4368896484375,-105.3682632446289,64.51800537109375,146.65765380859375,-170.38975524902344,-69.1257095336914,998.2763671875,-139.5167999267578,0.5870257616043091,505.1747741699219,-200.10476684570312,-244.57432556152344,893.6712646484375
132.81259155273438,-251.83139038085935,151.40065002441406,129.3155517578125,-105.2194366455078,986.120849609375,119.01862335205078,-239.82839965820312,519.8115234375,238.9730529785156,-26.045564651489254,838.8583374023438,-105.24673461914062,74.4027099609375,146.7516632080078,-169.7569580078125,-68.0831298828125,996.8616333007812,-139.32469177246094,6.117204189300537,504.6700439453125,-197.829833984375,-247.332763671875,893.917724609375
133.1693878173828,-269.2405700683594,150.30758666992188,129.88511657714844,-104.75259399414062,984.4043579101562,118.87618255615234,-238.69674682617188,518.1016235351562,238.86062622070312,-24.231388092041016,837.1408081054688,-105.11400604248048,84.20977783203125,146.87542724609375,-169.13705444335938,-67.19329833984375,995.3672485351562,-139.12916564941406,11.433605194091797,504.0914001464844,-195.59066772460935,-249.85968017578125,893.9148559570312
133.30821228027344,-285.3412780761719,149.7262420654297,130.4875946044922,-104.43838500976562,982.6192016601562,118.8499526977539,-237.64703369140625,516.3173828125,238.716064453125,-22.66837310791016,835.3045043945312,-104.97103118896484,93.92578887939452,147.045166015625,-168.52902221679688,-66.4679946899414,993.80419921875,-138.91622924804688,16.52686882019043,503.4490661621094,-193.39797973632807,-252.14801025390625,893.6681518554688
133.22056579589844,-299.91583251953125,149.5330352783203,131.12425231933594,-104.2947998046875,980.7960815429688,118.89981842041016,-236.76451110839844,514.5189819335938,238.5562286376953,-21.35826873779297,833.37158203125,-104.8205108642578,103.53902435302734,147.27989196777344,-167.9291229248047,-65.92039489746094,992.185302734375,-138.66896057128906,21.38796615600586,502.7600708007813,-191.26190185546875,-254.1907196044922,893.1851806640625
132.90452575683594,-312.7735290527344,149.5949249267578,131.79649353027344,-104.33956146240234,978.9664306640624,118.986572265625,-236.1161956787109,512.7597045898438,238.3981475830078,-20.30303382873535,831.3661499023438,-104.6669464111328,113.03981018066406,147.60035705566406,-167.33131408691406,-65.56483459472656,990.5250854492188,-138.36874389648438,26.00851058959961,502.0477294921875,-189.1919708251953,-255.9807891845703,892.4757080078125
132.36502075195312,-323.7616577148437,149.7794952392578,132.505615234375,-104.58952331542967,977.1619262695312,119.07512664794922,-235.745361328125,511.0829162597656,238.2587432861328,-19.50486183166504,829.3135986328125,-104.51639556884766,122.42051696777344,148.02784729003906,-166.72779846191406,-65.41613006591797,988.8397827148438,-137.99644470214844,30.380300521850582,501.3401489257813,-187.1968688964844,-257.5113220214844,891.5513305664062
131.61399841308594,-332.77471923828125,149.96522521972656,133.25267028808594,-105.05992126464844,975.413818359375,119.13713836669922,-235.6684417724609,509.520263671875,238.15435791015625,-18.96623420715332,827.2404174804688,-104.3760223388672,131.6750946044922,148.5829315185547,-166.1098175048828,-65.4886245727539,987.1470336914062,-137.5336151123047,34.49403381347656,500.6679992675781,-185.28439331054688,-258.775634765625,890.4254760742188
130.67031860351562,-339.7610778808594,150.05020141601562,134.03836059570312,-105.76351928710938,973.7527465820312,119.15280151367188,-235.8750762939453,508.0912170410156,238.10047912597656,-18.689945220947266,825.173583984375,-104.2534408569336,140.798095703125,149.28451538085938,-165.46841430664062,-65.79522705078125,985.4649658203124,-136.96351623535156,38.33733749389648,500.0615539550781,-183.4613342285156,-259.7673645019531,889.1130981445312
129.55958557128906,-344.7263488769531,149.9584503173828,134.86305236816406,-106.70973205566406,972.2079467773438,119.1116943359375,-236.3310394287109,506.8035583496094,238.11126708984372,-18.679100036621094,823.1400756835938,-104.15606689453124,149.78330993652344,150.14901733398438,-164.79495239257812,-66.34639739990234,983.8121337890624,-136.2720184326172,41.8923225402832,499.54736328125,-181.7333526611328,-260.4806823730469,887.630859375
128.3143768310547,-347.734130859375,149.6437530517578,135.72662353515625,-107.9036636352539,970.8067626953124,119.0129623413086,-236.9840545654297,505.6552429199219,238.19940185546875,-18.93711280822754,821.1665649414062,-104.09066772460938,158.622314453125,151.1899871826172,-164.0816192626953,-67.14915466308594,982.2066650390624,-135.44822692871094,45.13319396972656,499.1452331542969,-180.10494995117188,-260.9103698730469,885.996826171875
126.97479248046876,-348.9031677246094,149.09088134765625,136.628662109375,-109.34520721435548,969.5743408203124,118.86463928222656,-237.7711334228516,504.6368103027344,238.3756866455078,-19.467676162719727,819.2786865234375,-104.06306457519533,167.3026580810547,152.4183349609375,-163.32177734375,-68.20611572265625,980.6655883789062,-134.4852294921875,48.0242805480957,498.8656921386719,-178.57948303222656,-261.0521850585937,884.230224609375
125.5882339477539,-348.4005432128906,148.31338500976562,137.5683135986328,-111.02828216552734,968.532958984375,118.6824951171875,-238.6268310546875,503.7346496582031,238.6488494873047,-20.274715423583984,817.5008544921875,-104.0781478881836,175.80604553222656,153.84274291992188,-162.51034545898438,-69.51451873779297,979.20458984375,-133.3809356689453,50.519020080566406,498.7086181640625,-177.15907287597656,-260.9027404785156,882.3515625
124.20793914794922,-346.4306335449219,147.34788513183594,138.5443878173828,-112.9402847290039,967.701904296875,118.48860168457033,-239.4909210205078,502.9344787597656,239.0254821777344,-21.36232566833496,815.8557739257812,-104.1401596069336,184.1063690185547,155.47068786621094,-161.64398193359375,-71.0654067993164,977.8374633789062,-132.1391143798828,52.56011581420898,498.6629028320313,-175.84471130371094,-260.46002197265625,880.3824462890625
122.88978576660156,-343.2203063964844,146.2454071044922,139.55532836914062,-115.06182861328124,967.0968627929688,118.309814453125,-240.31472778320312,502.2247314453125,239.50979614257807,-22.73467254638672,814.3639526367188,-104.25308990478516,192.1677703857422,157.30960083007812,-160.72120666503906,-72.843017578125,976.5758056640624,-130.77069091796875,54.0810546875,498.7073364257813,-174.63633728027344,-259.7232360839844,878.34521484375
121.68789672851562,-339.0013427734375,145.06158447265625,140.59913635253906,-117.36686706542967,966.7298583984376,118.17633056640624,-241.0650329589844,501.599365234375,240.10372924804688,-24.3958740234375,813.0437622070312,-104.421142578125,199.943115234375,159.3681640625,-159.74256896972656,-74.82441711425781,975.4290771484376,-129.29502868652344,55.00876998901367,498.8122863769531,-173.53286743164062,-258.693115234375,876.2630004882812
120.64947509765624,-333.99267578125,143.8478546142578,141.67335510253906,-119.82327270507812,966.609130859375,118.12032318115234,-241.7250061035156,501.0594177246094,240.80691528320312,-26.3498592376709,811.9108276367188,-104.64888763427734,207.37286376953125,161.65750122070312,-158.7105712890625,-76.9794692993164,974.4042358398438,-127.74100494384766,55.26734161376953,498.9417114257813,-172.53233337402344,-257.3719482421875,874.159423828125
119.8099136352539,-328.3842163085937,142.64649963378906,142.77491760253906,-122.39382934570312,966.738525390625,118.17459106445312,-242.29205322265625,500.6130065917969,241.6167907714844,-28.60018920898437,810.978271484375,-104.94100189208984,214.38470458984372,164.19198608398438,-157.6296844482422,-79.27117919921875,973.5060424804688,-126.14752197265624,54.78242874145508,499.0552062988281,-171.6320343017578,-255.763671875,872.058349609375
119.1891632080078,-322.3255920410156,141.49009704589844,143.900146484375,-125.03767395019533,967.11767578125,118.3709945678711,-242.77252197265625,500.2730102539063,242.5287322998047,-31.14986801147461,810.2565307617188,-105.30155181884766,220.89410400390625,166.98977661132812,-156.50619506835938,-81.65636444091797,972.7368774414062,-124.56295013427734,53.48625564575195,499.110107421875,-170.82875061035156,-253.8739318847656,869.9838256835938
118.79009246826172,-315.921142578125,140.40274047851562,145.04466247558594,-127.7118911743164,967.7413940429688,118.73847198486328,-243.17417907714844,500.0534973144531,243.5363006591797,-34.00117492675781,809.7533569335938,-105.7329559326172,226.8056640625,170.0727996826172,-155.34803771972656,-84.0867691040039,972.0972900390624,-123.0428695678711,51.32277297973633,499.06353759765625,-170.1187744140625,-251.71014404296875,867.9592895507812
118.59906005859376,-309.2314758300781,139.40130615234375,146.20339965820312,-130.37313842773438,968.5997314453124,119.30057525634766,-243.4974822998047,499.9649963378906,244.63140869140625,-37.15549087524414,809.4737548828125,-106.23475646972656,232.0155334472656,173.46609497070312,-154.16455078125,-86.51056671142578,971.5859375,-121.64630126953124,48.25241470336914,498.8749084472656,-169.4982147216797,-249.28140258789065,866.0078735351562
118.5886459350586,-302.2803039550781,138.49635314941406,147.3706512451172,-132.97911071777344,969.677978515625,120.07286834716795,-243.7274627685547,500.010009765625,245.8046722412109,-40.61314392089844,809.4203491210938,-106.80256652832033,236.4148712158203,177.19644165039062,-152.9660186767578,-88.8741683959961,971.2001953125,-120.43083953857422,44.25552749633789,498.5084838867188,-168.9630889892578,-246.59857177734372,864.1514892578125
118.7218780517578,-295.0646667480469,137.69268798828125,148.54010009765625,-135.4898223876953,970.9569091796876,121.06028747558594,-243.8277130126953,500.1800842285156,247.045654296875,-44.37323760986328,809.5932006835938,-107.4272689819336,239.8943328857422,181.2900238037109,-151.7632598876953,-91.12434387207033,970.936279296875,-119.44709777832033,39.334381103515625,497.9369812011719,-168.50953674316406,-243.67413330078125,862.4107666015625
118.95719909667967,-287.5661926269531,136.99012756347656,149.70506286621094,-137.86880493164062,972.4130859375,122.25509643554688,-243.7380523681641,500.4547729492188,248.3431396484375,-48.43349456787109,809.990234375,-108.09452056884766,242.35009765625,185.7691802978516,-150.56695556640625,-93.21048736572266,970.7901000976562,-118.7329330444336,33.513824462890625,497.14495849609375,-168.13389587402344,-240.5220947265625,860.8046264648438
119.25311279296876,-279.7615966796875,136.3842010498047,150.8585205078125,-140.083984375,974.0194702148438,123.63587951660156,-243.37640380859372,500.8024291992188,249.68539428710935,-52.790138244628906,810.6072387695312,-108.78477478027344,243.69044494628903,190.6481170654297,-149.38699340820312,-95.0868682861328,970.7574462890624,-118.30892181396484,26.84041976928711,496.1329040527344,-167.8329315185547,-237.15782165527344,859.3500366210938
119.57196807861328,-271.6318664550781,135.86715698242188,151.99354553222656,-142.108154296875,975.7463989257812,125.16819763183594,-242.64486694335935,501.18304443359375,251.0604553222656,-57.437774658203125,811.4382934570312,-109.47408294677734,243.8429107666016,195.92837524414065,-148.2319793701172,-96.714599609375,970.834716796875,-118.1759796142578,19.379980087280277,494.9202270507813,-167.60385131835938,-233.5977783203125,858.0615234375
119.88239288330078,-263.16900634765625,135.4290771484375,153.103515625,-143.91917419433594,977.5625,126.80669403076172,-241.4390869140625,501.55218505859375,252.45632934570312,-62.36937713623047,812.4758911132812,-110.13581848144533,242.7608795166016,201.59442138671875,-147.1088409423828,-98.0631866455078,971.0194091796876,-118.31597900390624,11.213610649108888,493.5476379394531,-167.44447326660156,-229.85922241210935,856.9510498046875
120.1604461669922,-254.379638671875,135.0590362548828,154.18263244628906,-145.49989318847656,979.4359741210938,128.49868774414062,-239.6592712402344,501.8659057617188,253.8611297607422,-67.57621765136719,813.7114868164062,-110.74291229248048,240.42872619628903,207.6103973388672,-146.0227508544922,-99.11170959472656,971.3103637695312,-118.69493865966795,2.432908058166504,492.0776977539063,-167.35325622558594,-225.96002197265625,856.02783203125
120.38980102539062,-245.28538513183597,134.74600219726562,155.22625732421875,-146.83761596679688,981.33544921875,130.18875122070312,-237.2214508056641,502.0856018066406,255.2633514404297,-73.04784393310547,815.1353759765625,-111.27027130126952,236.86480712890625,213.9187774658203,-144.97694396972656,-99.84952545166016,971.7081298828124,-119.26829528808594,-6.864975452423096,490.5927429199219,-167.32923889160156,-221.91827392578125,855.2982177734375
120.561279296875,-235.9201202392578,134.47950744628906,156.2312469482422,-147.92373657226562,983.2313842773438,131.82400512695312,-234.0672149658203,502.1822814941406,256.6518859863281,-78.77196502685547,816.7376708984375,-111.69705200195312,232.12106323242188,220.4412078857422,-143.9729461669922,-100.27649688720705,972.2147827148438,-119.9870147705078,-16.58175277709961,489.1903381347656,-167.3720703125,-217.7519989013672,854.7655639648438
120.67195892333984,-226.32565307617188,134.2501983642578,157.19618225097656,-148.75306701660156,985.0966796875,133.35922241210938,-230.17041015625,502.13970947265625,258.0162658691406,-84.73448181152344,818.5081176757812,-112.00860595703124,226.279052734375,227.08143615722656,-143.01060485839844,-100.40242767333984,972.8336791992188,-120.8033447265625,-26.62148666381836,487.9760437011719,-167.4818878173828,-213.4789886474609,854.43017578125
120.72412109375,-216.5471343994141,134.05029296875,158.12136840820312,-149.32337951660156,986.9074096679688,134.76097106933594,-225.5400238037109,501.9557189941406,259.3466186523437,-90.91943359375,820.4365844726562,-112.19794464111328,219.4423675537109,233.72889709472656,-142.0885009765625,-100.24606323242188,973.569091796875,-121.6754150390625,-36.89301300048828,487.054931640625,-167.6591339111328,-209.11636352539065,854.2894897460938
120.72400665283205,-206.62893676757807,133.8737030029297,159.0087890625,-149.6349639892578,988.6430053710938,136.01010131835938,-220.2183990478516,501.6415100097656,260.6337280273437,-97.3091278076172,822.5132446289062,-112.26627349853516,211.726806640625,240.2621154785156,-141.20416259765625,-99.83349609375,974.4252319335938,-122.57003021240234,-47.3112678527832,486.5223083496094,-167.9044189453125,-204.6804656982422,854.3377685546875
120.68045806884766,-196.61160278320312,133.71609497070312,159.8617706298828,-149.69033813476562,990.2864990234376,137.10202026367188,-214.2758026123047,501.2192687988281,261.8691101074219,-103.88433074951172,824.7288818359375,-112.22252655029295,203.24951171875,246.551513671875,-140.35458374023438,-99.1963882446289,975.4056396484376,-123.46337890625,-57.7974739074707,486.45556640625,-168.21829223632812,-200.1866607666016,854.5665283203125
120.60348510742188,-186.5296936035156,133.5748748779297,160.68463134765625,-149.49400329589844,991.8241577148438,138.04443359375,-207.80206298828125,500.7184753417969,263.0448608398437,-110.62451171875,827.0745849609375,-112.0820541381836,194.11936950683597,252.4621734619141,-139.53651428222656,-98.36995697021484,976.5122680664062,-124.3399887084961,-68.27845764160156,486.9076232910156,-168.60096740722656,-195.6490936279297,854.9644165039062
120.5028305053711,-176.41070556640625,133.4489288330078,161.48208618164062,-149.0523681640625,993.2455444335938,138.8532257080078,-200.8967437744141,500.1717529296875,264.1536865234375,-117.50811004638672,829.5422973632812,-111.8647689819336,184.43019104003903,257.8575744628906,-138.74705505371094,-97.39080810546876,977.7444458007812,-125.19108581542967,-78.68594360351562,487.9032287597656,-169.05218505859375,-191.0807037353516,855.5174560546875
120.38689422607422,-166.27471923828125,133.33843994140625,162.2587127685547,-148.37367248535156,994.5426635742188,139.54685974121094,-193.6593170166016,499.6105346679688,265.1887512207031,-124.51282501220705,832.1240234375,-111.59342956542967,174.2571563720703,262.6049194335937,-137.98391723632812,-96.29486846923828,979.0982055664062,-126.01292419433594,-88.95623016357422,489.438232421875,-169.57081604003906,-186.49313354492188,856.2088623046875
120.261962890625,-156.13478088378906,133.2444610595703,163.01832580566406,-147.46792602539062,995.709716796875,140.14083862304688,-186.1802978515625,499.0617065429688,266.1436462402344,-131.61581420898438,834.8123168945312,-111.29256439208984,163.6558074951172,266.5815124511719,-137.24586486816406,-95.1155242919922,980.5654296875,-126.8049545288086,-99.0297622680664,491.4816284179688,-170.15484619140625,-181.89671325683597,857.01953125
120.13200378417967,-145.9976043701172,133.16842651367188,163.76361083984375,-146.3468017578125,996.7425537109376,140.6436309814453,-178.5345001220703,498.545166015625,267.01226806640625,-138.7939453125,837.5996704101562,-110.9880828857422,152.662841796875,269.680908203125,-136.5328826904297,-93.88207244873048,982.1334838867188,-127.56770324707033,-108.8505401611328,493.9796447753906,-170.80105590820312,-177.300537109375,857.927978515625
119.99885559082033,-135.86497497558594,133.11167907714844,164.49566650390625,-145.0236053466797,997.6380615234376,141.05543518066406,-170.77745056152344,498.0728149414063,267.7889099121094,-146.02398681640625,840.4782104492188,-110.70697021484376,141.2982177734375,271.818359375,-135.84620666503906,-92.61871337890624,983.7855224609376,-128.30076599121094,-118.36615753173828,496.8611450195313,-171.50506591796875,-172.71240234375,858.9108276367188
119.86279296875,-125.7351531982422,133.07510375976562,165.21392822265625,-143.51304626464844,998.3936157226562,141.37014770507812,-162.94424438476562,497.6486206054688,268.4681091308594,-153.2827911376953,843.4397583007812,-110.476806640625,129.56808471679688,272.9346008300781,-135.1882781982422,-91.34400177001952,985.5003662109376,-129.0007781982422,-127.52880859375,500.04388427734375,-172.26126098632812,-168.1389923095703,859.9429321289062
119.72321319580078,-115.6044921875,133.05889892578125,165.9160919189453,-141.83123779296875,999.0071411132812,141.5802001953125,-155.05120849609375,497.2699890136719,269.044677734375,-160.54747009277344,846.475341796875,-110.32481384277344,117.46814727783205,272.99774169921875,-134.56259155273438,-90.0708236694336,987.2532958984376,-129.65968322753906,-136.29693603515625,503.4410095214844,-173.0629425048828,-163.5858917236328,860.9979248046875
119.579345703125,-105.4686508178711,133.06231689453125,166.59832763671875,-139.99562072753906,999.4765625,141.68206787109375,-147.09950256347656,496.929443359375,269.51373291015625,-167.79544067382812,849.574951171875,-110.2762222290039,104.9872817993164,272.0032958984375,-133.97341918945312,-88.80682373046875,989.016845703125,-130.26348876953125,-144.6365966796875,506.9671325683594,-173.90237426757812,-159.05770874023438,862.0487060546875
119.4307861328125,-95.32366180419922,133.08372497558594,167.25552368164062,-138.02476501464844,999.8003540039062,141.6802978515625,-139.08070373535156,496.61669921875,269.8707275390625,-175.0045623779297,852.7275390625,-110.35214233398438,92.11085510253906,269.9729919433594,-133.4254913330078,-87.55510711669922,990.76171875,-130.79209899902344,-152.52139282226562,510.543212890625,-174.7711181640625,-154.55824279785156,863.068115234375
119.2777099609375,-85.16661071777344,133.12066650390625,167.881591796875,-135.9381561279297,999.977294921875,141.5885772705078,-130.98292541503906,496.32037353515625,270.1114196777344,-182.1531524658203,855.9207153320312,-110.5679702758789,78.82289123535156,266.9523620605469,-132.92373657226562,-86.3152084350586,992.4580078125,-131.22039794921875,-159.930419921875,514.0997314453125,-175.66030883789062,-150.09048461914062,864.0292358398438
119.12085723876952,-74.99601745605469,133.17002868652344,168.46986389160156,-133.75564575195312,1000.0069580078124,141.42784118652344,-122.79674530029295,496.0296020507813,270.2320861816406,-189.22006225585935,859.140869140625,-110.93273162841795,65.10673522949219,263.0076599121094,-132.472900390625,-85.0841293334961,994.076171875,-131.52032470703125,-166.84555053710938,517.5775756835938,-176.56092834472656,-145.6568603515625,864.90625
118.9613800048828,-64.81198120117188,133.22817993164062,169.01341247558594,-131.4970703125,999.8898315429688,141.2222900390625,-114.5197525024414,495.7345886230469,270.2293701171875,-196.1847076416016,862.373046875,-111.44908142089844,50.94506454467773,258.2226257324219,-132.0773468017578,-83.8574447631836,995.5878295898438,-131.66419982910156,-173.2488250732422,520.9270629882812,-177.46421813964844,-141.25929260253906,865.6749877929688
118.80055236816406,-54.61608505249024,133.291259765625,169.50555419921875,-129.18182373046875,999.62744140625,140.9951171875,-106.1596908569336,495.4272766113281,270.1005554199219,-203.0271759033203,865.6009521484375,-112.11363983154295,36.31982421875,252.69552612304688,-131.74075317382812,-82.63026428222656,996.9667358398438,-131.62840270996094,-179.1212615966797,524.1047973632812,-178.36195373535156,-136.89935302734375,866.3133544921875
118.63939666748048,-44.4112434387207,133.3553009033203,169.94024658203125,-126.8286361694336,999.2225341796876,140.76510620117188,-97.73593139648438,495.101318359375,269.8434753417969,-209.7281494140625,868.8071899414062,-112.91758728027344,21.21296119689941,246.53651428222656,-131.4659881591797,-81.39813995361328,998.189453125,-131.3970184326172,-184.4430694580078,527.0703125,-179.24671936035156,-132.57839965820312,866.80224609375
118.47845458984376,-34.20140838623047,133.4163055419922,170.31246948242188,-124.45538330078124,998.6790771484376,140.54470825195312,-89.27924346923828,494.7521057128906,269.45672607421875,-216.2689666748047,871.973388671875,-113.8473892211914,5.608090400695801,239.86578369140625,-131.2549285888672,-80.15771484375,999.2356567382812,-130.9643096923828,-189.1945343017578,529.7830810546875,-180.11221313476562,-128.29769897460938,867.1253051757812
118.31758880615234,-23.991329193115234,133.47039794921875,170.61854553222656,-122.0790023803711,998.002197265625,140.33963012695312,-80.83000946044922,494.3765563964844,268.9396667480469,-222.63157653808597,875.0802612304688,-114.88558959960938,-10.506908416748049,232.811767578125,-131.1083984375,-78.90733337402344,1000.0886840820312,-130.33547973632812,-193.35728454589844,532.20166015625,-180.95347595214844,-124.05851745605467,867.2698974609375
118.15592956542967,-13.786261558532717,133.51380920410156,170.8562774658203,-119.71549224853516,997.197998046875,140.14971923828125,-72.43524932861328,493.97308349609375,268.2926330566406,-228.7985382080078,878.1080322265625,-116.01150512695312,-27.13669776916504,225.5092315673828,-131.02606201171875,-77.64732360839844,1000.7357177734376,-129.52622985839844,-196.915771484375,534.2839965820312,-181.7669677734375,-119.86231231689452,867.226806640625
117.99191284179688,-3.591714382171631,133.54307556152344,171.0251007080078,-117.3798828125,996.2737426757812,139.97071838378906,-64.14493560791016,493.5414123535156,267.516845703125,-234.7529754638672,881.03662109375,-117.20178985595705,-44.27505111694336,218.09703063964844,-131.00653076171875,-76.38026428222656,1001.1678466796876,-128.5612335205078,-199.85903930664065,535.9898071289062,-182.5507354736328,-115.71080780029295,866.9907836914062
117.8235092163086,6.586857795715332,133.55514526367188,171.12603759765625,-115.08633422851562,995.2374267578124,139.7965087890625,-56.00803756713867,493.0823669433594,266.61456298828125,-240.47869873046875,883.8458862304688,-118.43064880371094,-61.901466369628906,210.71539306640625,-131.04734802246094,-75.11097717285156,1001.3801879882812,-127.47225189208984,-202.1827545166016,537.28271484375,-183.304443359375,-111.60609436035156,866.56005859375
117.64852905273438,16.74430274963379,133.54774475097656,171.16163635253906,-112.8481216430664,994.0980224609376,139.62120056152344,-48.06892776489258,492.5977783203125,265.5889587402344,-245.960205078125,886.5158081054688,-119.66973114013672,-79.97801971435547,203.5028381347656,-131.14511108398438,-73.84648895263672,1001.3718872070312,-126.29615783691406,-203.89134216308597,538.1336059570312,-184.02931213378903,-107.55077362060548,865.9365844726562
117.46500396728516,26.875844955444336,133.51980590820312,171.13580322265625,-110.67776489257812,992.8648681640624,139.44081115722656,-40.364688873291016,492.0900573730469,264.4442138671875,-251.1827850341797,889.0267944335938,-120.88793182373048,-98.44647979736328,196.59263610839844,-131.29568481445312,-72.59581756591797,1001.1461181640624,-125.0727767944336,-204.999755859375,538.5234375,-184.7280731201172,-103.54802703857422,865.1254272460938
117.27164459228516,36.97696304321289,133.47178649902344,171.05352783203125,-108.58709716796876,991.548095703125,139.2542266845703,-32.923622131347656,491.5620727539063,263.1854248046875,-256.1325988769531,891.3599243164062,-122.05120086669922,-117.22586822509766,190.10894775390625,-131.494384765625,-71.36975860595703,1000.7099609375,-123.84286499023438,-205.53469848632807,538.4463500976562,-185.4048309326172,-99.6017074584961,864.1348266601562
117.06824493408205,47.04310607910156,133.40621948242188,170.92063903808594,-106.58736419677734,990.1583251953124,139.0635528564453,-25.764923095703125,491.0167541503906,261.81842041015625,-260.796630859375,893.4968872070312,-123.12274169921876,-136.21095275878906,184.16244506835935,-131.73641967773438,-70.18058013916016,1000.07421875,-122.64614868164062,-205.5349884033203,537.9113159179688,-186.0648956298828,-95.71631622314452,862.9755859375
116.85602569580078,57.06926727294922,133.32814025878906,170.7435302734375,-104.68929290771484,988.7066040039062,138.87351989746094,-18.899532318115234,490.45709228515625,260.3498229980469,-265.1629333496094,895.4205322265625,-124.06342315673828,-155.27197265625,178.845703125,-132.01710510253906,-69.04183959960938,999.2533569335938,-121.51939392089844,-205.05099487304688,536.9432373046875,-186.71466064453125,-91.89703369140624,861.6605834960938
116.6377944946289,67.04953002929688,133.2455596923828,170.5288543701172,-102.90316772460938,987.2044677734376,138.6903839111328,-12.331941604614258,489.8861389160156,258.78680419921875,-269.2204284667969,897.1149291992188,-124.83301544189452,-174.2560577392578,174.22853088378906,-132.3321533203125,-67.96810913085938,998.2648315429688,-120.4945068359375,-204.1434631347656,535.5817260742188,-187.361328125,-88.14974212646484,860.2044677734375
116.41809844970705,76.9766845703125,133.1697235107422,170.28326416015625,-101.23887634277344,985.6637573242188,138.52066040039062,-6.062534332275391,489.3068237304688,257.1370849609375,-272.9590759277344,898.5654296875,-125.39199829101562,-192.98963928222656,170.3540496826172,-132.677978515625,-66.97484588623047,997.129150390625,-119.59661102294922,-202.8817138671875,533.8793334960938,-188.0126495361328,-84.48096466064453,858.623291015625
116.20313262939452,86.84190368652344,133.115234375,170.01312255859375,-99.70601654052734,984.0964965820312,138.36993408203125,-0.0901212692260742,488.721923828125,255.4088287353516,-276.3697814941406,899.7590942382812,-125.70388793945312,-211.2826690673828,167.23545837402344,-133.05166625976562,-66.07819366455078,995.869140625,-118.84223175048828,-201.3415985107422,531.8974609375,-188.6768493652344,-80.89793395996094,856.9338989257812
116.00059509277344,96.6345443725586,133.0997772216797,169.72422790527344,-98.31397247314452,982.514892578125,138.24188232421875,5.585761547088623,488.1339416503906,253.61053466796875,-279.4443359375,900.6846923828125,-125.73738861083984,-228.9341278076172,164.85447692871094,-133.4510955810547,-65.29491424560547,994.5093383789062,-118.23780822753906,-199.6034393310547,529.7023315429688,-189.36224365234372,-77.4085693359375,855.1536254882812
115.81928253173828,106.3421859741211,133.14337158203125,169.42149353027344,-97.0720672607422,980.930908203125,138.1373748779297,10.963129997253418,487.54498291015625,251.75099182128903,-282.17547607421875,901.3330078125,-125.4680404663086,-245.7382354736328,163.16156005859375,-133.87489318847656,-64.64219665527344,993.0756225585938,-117.77859497070312,-197.7499542236328,527.360595703125,-190.0771331787109,-74.02149963378906,853.300048828125
115.66810607910156,115.95109558105467,133.26712036132812,169.1087188720703,-95.9896469116211,979.3560180664062,138.05372619628906,16.03660011291504,486.9568481445313,249.83929443359372,-284.5567321777344,901.6972045898438,-124.8790054321289,-261.4913024902344,162.07861328125,-134.32223510742188,-64.13748931884766,991.5945434570312,-117.4483642578125,-195.86428833007807,524.9362182617188,-190.8295745849609,-70.74604797363281,851.390625
115.55419921875,125.44745635986328,133.49148559570312,168.78819274902344,-95.07622528076172,977.8010864257812,137.98414611816406,20.79718589782715,486.37115478515625,247.88478088378903,-286.58233642578125,901.7725830078124,-123.96118927001952,-275.9992980957031,161.5040283203125,-134.7927703857422,-63.79821395874024,990.0924072265624,-117.2197036743164,-194.0279083251953,522.4885864257812,-191.62716674804688,-67.59227752685547,849.4425048828125
115.48086547851562,134.81883239746094,133.8348846435547,168.46058654785156,-94.3415069580078,976.2760620117188,137.9174041748047,25.23270606994629,485.7896728515625,245.8970489501953,-288.2471923828125,901.5571899414062,-122.71282958984376,-289.0853881835937,161.32008361816406,-135.2863006591797,-63.64144134521485,988.59521484375,-117.05540466308594,-192.3180694580078,520.0720825195312,-192.4769592285156,-64.57096862792969,847.47216796875
115.44683074951172,144.05482482910156,134.3135528564453,168.12486267089844,-93.7952880859375,974.789794921875,137.83804321289062,29.328542709350582,485.214599609375,243.88604736328125,-289.546875,901.0517578125,-121.13907623291016,-300.5979309082031,161.40133666992188,-135.80267333984375,-63.683441162109375,987.12744140625,-116.91094207763672,-190.80479431152344,517.7353515625,-193.38510131835935,-61.693607330322266,845.4954833984375
115.44644165039062,153.14710998535156,134.94212341308594,167.7783660888672,-93.44718933105467,973.35009765625,137.72705078125,33.068450927734375,484.6485290527344,241.86199951171875,-290.4774475097656,900.2598876953125,-119.2518310546875,-310.41796875,161.62387084960938,-136.34158325195312,-63.93917465209961,985.7122802734376,-116.73827362060548,-189.54757690429688,515.5208129882812,-194.3568115234375,-58.97240447998047,843.5274047851562
115.47049713134766,162.0888214111328,135.73423767089844,167.41712951660156,-93.30628967285156,971.9638061523438,137.56324768066406,36.43506240844727,484.0942993164063,239.8354949951172,-291.0354309082031,899.1881103515625,-117.07025909423828,-318.4664001464844,161.873779296875,-136.9024200439453,-64.42173767089844,984.3706665039062,-116.49042510986328,-188.59230041503903,513.4635620117188,-195.3961181640625,-56.42024993896485,841.58203125
115.50749206542967,170.87362670898438,136.703125,167.0361785888672,-93.38045501708984,970.6367797851562,137.32530212402344,39.40994644165039,483.5543823242188,237.81753540039065,-291.2177429199219,897.8457641601562,-114.62200927734376,-324.7098693847656,162.05484008789062,-137.48434448242188,-65.14179229736328,983.12158203125,-116.12625122070312,-187.9691467285156,511.59075927734375,-196.50572204589844,-54.05068206787109,839.6723022460938
115.5453872680664,179.49432373046875,137.8619384765625,166.63018798828125,-93.67565155029295,969.3742065429688,136.99435424804688,41.9732551574707,483.0301513671875,235.8194122314453,-291.0216064453125,896.2451782226562,-111.9447021484375,-329.1648254394531,162.09425354003906,-138.08628845214844,-66.10697937011719,981.981689453125,-115.6147232055664,-187.69168090820312,509.9214477539063,-197.68673706054688,-51.8777961730957,837.810302734375
115.57353973388672,187.94114685058597,139.22413635253906,166.19403076171875,-94.19497680664062,968.1807861328124,136.55734252929688,44.10289001464844,482.52093505859375,233.85276794433597,-290.4447021484375,894.4014282226562,-109.0872802734375,-331.8987731933594,161.9462432861328,-138.7070770263672,-67.32119750976562,980.9655151367188,-114.93839263916016,-187.757568359375,508.4666137695313,-198.93865966796875,-49.91616821289063,836.0070190429688
115.58477020263672,196.1998748779297,140.8037872314453,165.72332763671875,-94.93782043457033,967.0612182617188,136.01055908203125,45.7735595703125,482.0233154296875,231.92950439453125,-289.4849853515625,892.332275390625,-106.110595703125,-333.028076171875,161.5926971435547,-139.34544372558594,-68.78363800048828,980.0855712890624,-114.09577178955078,-188.15087890625,507.2302856445313,-200.25914001464844,-48.18073654174805,834.2724609375
115.5771255493164,204.25,142.6157989501953,165.21487426757812,-95.89903259277344,966.019775390625,135.36270141601562,46.95613479614258,481.5307312011719,230.0616607666016,-288.140869140625,890.0577392578125,-103.08667755126952,-332.7111511230469,161.04071044921875,-140.00015258789062,-70.48794555664062,979.3523559570312,-113.1025390625,-188.8456573486328,506.2110595703125,-201.6439208984375,-46.68665313720703,832.6157836914062
115.555419921875,212.06283569335935,144.67576599121094,164.6666259765625,-97.06838989257812,965.060791015625,134.63677978515625,47.61741638183594,481.0332946777344,228.2613220214844,-286.4112854003906,887.6002197265625,-100.0964584350586,-331.1369934082031,160.31680297851562,-140.6699676513672,-72.42134094238281,978.7744140625,-111.99134826660156,-189.8108062744141,505.4044494628906,-203.0868377685547,-45.44913482666016,831.0455322265625
115.53211212158205,219.59994506835935,146.9997100830078,164.0777587890625,-98.43026733398438,964.1881713867188,133.87025451660156,47.720497131347656,480.5184326171875,226.5404510498047,-284.2956848144531,884.98388671875,-97.2258758544922,-328.5100402832031,159.4588165283203,-141.3536834716797,-74.56420135498047,978.3585205078124,-110.81009674072266,-191.014892578125,504.8052673339844,-204.5797576904297,-44.483245849609375,829.5697021484375
115.52751159667967,226.8120574951172,149.60325622558594,163.4484405517578,-99.96360778808594,963.4053344726562,133.113525390625,47.22566986083984,479.9712524414063,224.9107208251953,-281.79425048828125,882.234619140625,-94.56049346923828,-325.0326843261719,158.50733947753906,-142.0501251220703,-76.88993835449219,978.1094970703124,-109.61865997314452,-192.4301605224609,504.4093933105469,-206.11279296875,-43.80367660522461,828.1958618164062
115.56896209716795,233.6383209228516,152.50054931640625,162.77969360351562,-101.64215087890624,962.715087890625,132.4266815185547,46.09172058105469,479.3755187988281,223.3832855224609,-278.9081115722656,879.3793334960938,-92.17888641357422,-320.8883361816406,157.49928283691406,-142.75814819335938,-79.36538696289062,978.0300903320312,-108.48458099365234,-194.0344390869141,504.2139892578125,-207.67437744140625,-43.42452621459961,826.9317016601562
115.68895721435548,240.006591796875,155.7028350830078,162.07313537597656,-103.4350128173828,962.11962890625,131.87481689453125,44.27745819091797,478.7145690917969,221.96859741210935,-275.6392822265625,876.4459838867188,-90.14545440673828,-316.2274169921875,156.4654541015625,-143.4765167236328,-81.95177459716797,978.1207275390624,-107.47799682617188,-195.81028747558597,504.2159423828125,-209.2515411376953,-43.35901641845703,825.784912109375
115.92237854003906,245.83428955078125,159.217041015625,161.3309326171875,-105.3073959350586,961.6206665039062,131.5224151611328,41.743629455566406,477.9720458984375,220.6762542724609,-271.9909973144531,873.4627075195312,-88.50366973876953,-311.1600646972656,155.43003845214844,-144.2039794921875,-84.60612487792969,978.3793334960938,-106.66635131835938,-197.74105834960935,504.4081726074219,-210.8302001953125,-43.61928176879883,824.7635498046875
116.30380249023438,251.02967834472656,163.04515075683594,160.55575561523438,-107.22148895263672,961.2195434570312,131.42776489257812,38.455204010009766,477.13287353515625,219.51483154296875,-267.9678649902344,870.4578857421875,-87.27137756347656,-305.75537109375,154.4117889404297,-144.93905639648438,-87.28291320800781,978.80126953125,-106.10900115966795,-199.8040771484375,504.7752990722656,-212.39552307128903,-44.21614074707031,823.8761596679688
116.86478424072266,255.4935760498047,167.1846923828125,159.75088500976562,-109.13748168945312,960.9171752929688,131.6377716064453,34.38399124145508,476.1848449707031,218.49176025390625,-263.5759582519531,867.4594116210938,-86.43910217285156,-300.0464782714844,153.42567443847656,-145.68008422851562,-89.93598175048828,979.3790893554688,-105.8520278930664,-201.9619903564453,505.2896728515625,-213.9322967529297,-45.15890121459961,823.1319580078125
117.6308135986328,259.1216125488281,171.62924194335938,158.92025756835938,-111.0147705078125,960.7144775390624,132.18392944335938,29.51158142089844,475.1203308105469,217.61331176757807,-258.82305908203125,864.4945068359375,-85.97216033935547,-294.03936767578125,152.48431396484375,-146.42514038085938,-92.5203094482422,980.102783203125,-105.92362213134766,-204.15463256835935,505.9099731445313,-215.4252777099609,-46.455177307128906,822.5408935546875
118.61788177490234,261.8076477050781,176.36817932128906,158.06842041015625,-112.81332397460938,960.612548828125,133.07957458496094,23.83219337463379,473.9387512207031,216.88450622558597,-253.71878051757807,861.5892333984375,-85.81609344482422,-287.7222595214844,151.5984344482422,-147.1720733642578,-94.99352264404295,980.9599609375,-106.33039093017578,-206.29335021972656,506.583251953125,-216.85968017578125,-48.11069107055664,822.1135864257812
119.82940673828124,263.4488525390625,181.3859100341797,157.20042419433594,-114.49512481689452,960.6129150390624,134.3186798095703,17.355052947998047,472.6492614746094,216.30909729003903,-248.27456665039065,858.7681884765625,-85.90436553955078,-281.0743103027344,150.77716064453125,-147.9185028076172,-97.31714630126952,981.9363403320312,-107.05549621582033,-208.2601776123047,507.25006103515625,-218.221435546875,-50.12906646728516,821.861328125
121.25424194335938,263.95233154296875,186.6607208251953,156.32167053222656,-116.02569580078124,960.7179565429688,135.87637329101562,10.105852127075195,471.2730407714844,215.8896484375,-242.50379943847656,856.0543212890625,-86.16649627685547,-274.0726623535156,150.02781677246094,-148.66197204589844,-99.45738983154295,983.0161743164062,-108.05934143066406,-209.91259765625,507.8514709472656,-219.49757385253903,-52.51161575317383,821.7960815429688
122.86614227294922,263.2423095703125,192.16282653808597,155.43768310546875,-117.37551879882812,960.93115234375,137.7113800048828,2.1273386478424072,469.8450927734375,215.6275329589844,-236.4217071533203,853.4683837890625,-86.53522491455078,-266.6977233886719,149.3558807373047,-149.40005493164062,-101.385498046875,984.1830444335938,-109.28292083740234,-211.0936279296875,508.3360595703125,-220.6764068603516,-55.25712966918945,821.9299926757812
124.62483978271484,261.2675476074219,197.8526153564453,154.55398559570312,-118.52140045166016,961.2574462890624,139.76988220214844,-6.521022319793701,468.41448974609375,215.52296447753903,-230.0453338623047,851.0291137695312,-86.95169067382812,-258.93756103515625,148.76470947265625,-150.1304473876953,-103.07774353027344,985.4202270507812,-110.65330505371094,-211.64540100097656,508.6660461425781,-221.74777221679688,-58.3616943359375,822.2752685546875
126.47888946533205,258.0082092285156,203.68020629882807,153.67587280273438,-119.4474639892578,961.7030029296876,141.98976135253906,-15.764352798461914,467.0432434082031,215.57505798339844,-223.39341735839844,848.7527465820312,-87.3682861328125,-250.7908477783203,148.2553253173828,-150.8511962890625,-104.51507568359376,986.7113037109376,-112.0907211303711,-211.423583984375,508.821533203125,-222.70315551757807,-61.81850814819336,822.8438720703125
128.3702392578125,253.48204040527344,209.58734130859372,152.80821228027344,-120.14567565917967,962.2755737304688,144.3046875,-25.5146598815918,465.8035278320313,215.78184509277344,-216.4861602783203,846.6529541015625,-87.74992370605469,-242.2687530517578,147.82623291015625,-151.5606689453125,-105.68270111083984,988.040771484375,-113.51654815673828,-210.3105316162109,508.8025207519531,-223.5356903076172,-65.61780548095703,823.64697265625
130.23971557617188,247.74742126464844,215.51040649414065,151.9552459716797,-120.61575317382812,962.9833374023438,146.6477813720703,-35.6740837097168,464.77349853515625,216.14031982421875,-209.34506225585935,844.7407836914062,-88.07396697998047,-233.3952789306641,147.47335815429688,-152.2576904296875,-106.56963348388672,989.3941650390624,-114.861328125,-208.22581481933597,508.6280212402344,-224.2402191162109,-69.746826171875,824.6943969726562
132.03253173828125,240.90206909179688,221.38365173339844,151.12054443359375,-120.86451721191406,963.8347778320312,148.9549102783203,-46.13890075683594,464.0323486328125,216.64642333984372,-201.9927215576172,843.0245971679688,-88.32936096191406,-224.20584106445312,147.19015502929688,-152.94149780273438,-107.16838073730467,990.7581176757812,-116.07164764404295,-205.13351440429688,508.33245849609375,-224.81321716308597,-74.18982696533203,825.9944458007812
133.70285034179688,233.07699584960935,227.1410675048828,150.3069610595703,-120.90479278564452,964.83740234375,151.16748046875,-56.803932189941406,463.6551513671875,217.29502868652344,-194.45265197753903,841.5098266601562,-88.51484680175781,-214.7441253662109,146.96827697753906,-153.6116485595703,-107.47481536865234,992.1205444335938,-117.11444854736328,-201.045654296875,507.9598083496094,-225.25271606445312,-78.92829895019531,827.5530395507812
135.21620178222656,224.4259796142578,232.71615600585935,149.5167694091797,-120.75389099121094,965.9970703125,153.23492431640625,-67.56687927246094,463.7074279785156,218.07980346679688,-186.7491607666016,840.1990356445312,-88.63675689697266,-205.05833435058597,146.79833984375,-154.2679901123047,-107.48802947998048,993.4700317382812,-117.97797393798828,-196.02117919921875,507.55670166015625,-225.5581817626953,-83.94116973876953,829.3734741210938
136.54986572265625,215.11199951171875,238.0394744873047,148.7518310546875,-120.43192291259766,967.3167114257812,155.11639404296875,-78.33213806152344,464.2408142089844,218.9932556152344,-178.9071502685547,839.0918579101562,-88.70659637451172,-195.1976776123047,146.67092895507812,-154.9103240966797,-107.21034240722656,994.7962036132812,-118.66949462890624,-190.160400390625,507.16607666015625,-225.7303924560547,-89.20523071289062,831.4559326171875
137.69107055664062,205.29209899902344,243.0352935791016,148.01385498046875,-119.9601058959961,968.79541015625,156.7818145751953,-89.01359558105469,465.2892456054688,220.0266265869141,-170.9520721435547,838.18505859375,-88.73863220214844,-185.2094268798828,146.5774688720703,-155.53822326660156,-106.64720153808594,996.0889892578124,-119.2105712890625,-183.5953521728516,506.822265625,-225.7712860107422,-94.6955108642578,833.7970581054688
138.6344451904297,195.10325622558597,247.6190490722656,147.30445861816406,-119.3591079711914,970.4275512695312,158.21194458007812,-99.53623962402344,466.8668823242188,221.1698455810547,-162.90968322753906,837.4722900390625,-88.74761962890625,-175.13693237304688,146.5108642578125,-156.1506805419922,-105.80715942382812,997.3385620117188,-119.63108825683594,-176.477294921875,506.5479431152344,-225.6836700439453,-100.38574981689452,836.3896484375
139.37977600097656,184.65133666992188,251.6976623535156,146.6254119873047,-118.64775848388672,972.2022094726562,159.39743041992188,-109.83631896972656,468.9671020507813,222.41156005859372,-154.80601501464844,836.9443359375,-88.7468032836914,-165.01773071289062,146.46583557128906,-156.74581909179688,-104.7018051147461,998.5352783203124,-119.96296691894533,-168.9626922607422,506.3531188964844,-225.47119140625,-106.24885559082033,839.2225341796875
139.93124389648438,174.00494384765625,255.17286682128903,145.9788055419922,-117.84205627441406,974.1032104492188,160.33688354492188,-119.86038970947266,471.5627136230469,223.73910522460935,-146.6671905517578,836.5890502929688,-88.74653625488281,-154.8819122314453,146.43890380859375,-157.3207244873047,-103.3457489013672,999.669677734375,-120.2347183227539,-161.19952392578125,506.2361145019531,-225.13790893554688,-112.25732421875,842.2803344726562
140.2978973388672,163.19432067871094,257.9469299316406,145.3670654296875,-116.95465087890624,976.10888671875,161.03431701660156,-129.56385803222656,474.6076049804688,225.1385803222656,-138.5194091796875,836.3917846679688,-88.7535171508789,-144.75111389160156,146.4281768798828,-157.87130737304688,-101.75651550292967,1000.7322387695312,-120.46758270263672,-153.31539916992188,506.18597412109375,-224.6882476806641,-118.38357543945312,845.5436401367188
140.49473571777344,152.2150421142578,259.9287109375,144.79302978515625,-115.9947509765625,978.1929321289062,161.49664306640625,-138.9097137451172,478.039306640625,226.59494018554688,-130.3887176513672,836.3352661132812,-88.77063751220703,-134.6388702392578,146.43276977539062,-158.3923797607422,-99.9542999267578,1001.7137451171876,-120.6738739013672,-145.40939331054688,506.185791015625,-224.12667846679688,-124.60032653808594,848.9888305664062
140.54330444335938,141.03482055664062,261.0395202636719,144.2600555419922,-114.9683074951172,980.324951171875,161.731689453125,-147.8674774169922,481.782470703125,228.09222412109372,-122.301025390625,836.400146484375,-88.79766082763672,-124.55186462402344,146.45233154296875,-158.87783813476562,-97.96173095703124,1002.6053466796876,-120.85759735107422,-137.54843139648438,506.2161254882813,-223.45762634277344,-130.88079833984375,852.5885620117188
140.471435546875,129.60206604003906,261.217529296875,143.7719268798828,-113.8785629272461,982.471923828125,161.7468719482422,-156.41197204589844,485.7532958984375,229.6137542724609,-114.2818832397461,836.5653076171875,-88.83222961425781,-114.49153900146484,146.48646545410156,-159.32089233398438,-95.80338287353516,1003.3988647460938,-121.01666259765624,-129.768310546875,506.25823974609375,-222.6851959228516,-137.19894409179688,856.3121948242188
140.31182861328125,117.85475158691406,260.4212646484375,143.332763671875,-112.72674560546876,984.598876953125,161.54869079589844,-164.52175903320312,489.86419677734375,231.14247131347656,-106.35639190673828,836.8082885742188,-88.87098693847656,-104.45577239990234,146.5342559814453,-159.71446228027344,-93.50523376464844,1004.0869140625,-121.14595794677734,-122.07874298095705,506.2964477539063,-221.81314086914065,-143.52967834472656,860.1258544921875
140.1001739501953,105.72819519042967,258.6317138671875,142.9468536376953,-111.5127410888672,986.670654296875,161.14279174804688,-172.1776123046875,494.0281677246094,232.66114807128903,-98.54906463623048,837.1058349609375,-88.91040802001953,-94.44036102294922,146.59410095214844,-160.05149841308594,-91.0939712524414,1004.6633911132812,-121.2401123046875,-114.47126007080078,506.3194580078125,-220.8447265625,-149.84893798828125,863.9935302734375
139.8736114501953,93.16065979003906,255.8541412353516,142.61837768554688,-110.23572540283205,988.6525268554688,160.53468322753906,-179.3610076904297,498.1627197265625,234.15283203125,-90.88362121582033,837.4342041015625,-88.94739532470703,-84.44032287597656,146.6636505126953,-160.32534790039062,-88.5963134765625,1005.12353515625,-121.29537200927734,-106.9278793334961,506.3206481933594,-219.7826385498047,-156.1338348388672,867.877197265625
139.66903686523438,80.09684753417969,252.11911010742188,142.3510284423828,-108.89461517333984,990.51123046875,159.7306671142578,-186.05300903320312,502.1925048828125,235.60107421875,-83.38277435302734,837.7698974609375,-88.97959899902344,-74.45100402832031,146.7399139404297,-160.53009033203125,-86.0383071899414,1005.4642333984376,-121.31047821044922,-99.42889404296876,506.2976684570313,-218.6289978027344,-162.36264038085938,871.738037109375
139.5212860107422,66.4894027709961,247.482666015625,142.14764404296875,-107.4886703491211,992.2157592773438,158.73912048339844,-192.23382568359372,506.051025390625,236.99034118652344,-76.06806945800781,838.0901489257812,-89.005615234375,-64.46874237060547,146.8195343017578,-160.66085815429688,-83.44474029541016,1005.6839599609376,-121.28667449951172,-91.95848083496094,506.2513122558594,-217.3854217529297,-168.51490783691406,875.5367431640625
139.46095275878906,52.29915237426758,242.0255279541016,142.00999450683594,-106.0179672241211,993.7380981445312,157.57186889648438,-197.8830108642578,509.6812133789063,238.3062896728516,-68.9597396850586,838.373291015625,-89.02498626708984,-54.49138259887695,146.89910888671875,-160.7141571044922,-80.83858489990234,1005.7828979492188,-121.22733306884766,-84.50777435302734,506.1842041015625,-216.052978515625,-174.5714111328125,879.2345581054688
139.51226806640625,37.49502182006836,235.8512725830078,141.93873596191406,-104.4839324951172,995.0540161132812,156.245361328125,-202.98031616210935,513.0349731445312,239.53602600097656,-62.0765380859375,838.5991821289062,-89.03807067871094,-44.518367767333984,146.97543334960938,-160.6880645751953,-78.24063873291016,1005.7623291015624,-121.13726043701172,-77.07556915283203,506.0998229980469,-214.63235473632807,-180.51405334472656,882.7940673828125
139.69168090820312,22.054540634155277,229.08367919921875,141.93344116210938,-102.88972473144533,996.1432495117188,154.7815399169922,-207.50718688964844,516.0726318359375,240.6683654785156,-55.43568801879883,838.7498168945312,-89.04586791992188,-34.55036163330078,147.04574584960938,-160.58242797851562,-75.66923522949219,1005.6249389648438,-121.02217864990234,-69.66739654541016,506.00146484375,-213.12403869628903,-186.32579040527344,886.1795654296875
140.0069122314453,5.965354442596436,221.8631134033203,141.99270629882812,-101.24047088623048,996.9902954101562,153.20803833007812,-211.44813537597656,518.7618408203125,241.6939697265625,-49.05281066894531,838.8093872070312,-89.04978942871094,-24.588642120361328,147.1078338623047,-160.39891052246094,-73.14015197753906,1005.3740234375,-120.88832092285156,-62.293731689453125,505.8918762207031,-211.5283660888672,-191.9904937744141,889.3582153320312
140.4569091796875,-10.772003173828123,214.34210205078125,142.11428833007812,-99.54336547851562,997.584228515625,151.5576934814453,-214.79214477539065,521.076904296875,242.60552978515625,-42.94190979003906,838.7645874023438,-89.05152130126953,-14.634645462036133,147.16015625,-160.14105224609375,-70.66659545898438,1005.0133056640624,-120.7421875,-54.96768951416016,505.7730102539063,-209.84576416015625,-197.4928131103516,892.3003540039062
141.03221130371094,-28.14038848876953,206.6802673339844,142.2951202392578,-97.8076171875,997.9190673828124,149.8671875,-217.5340118408203,522.9984130859375,243.39784240722656,-37.11537551879883,838.6047973632812,-89.0528793334961,-4.689734935760498,147.2017822265625,-159.81398010253906,-68.25929260253906,1004.5469360351562,-120.5905990600586,-47.7027473449707,505.64599609375,-208.07688903808597,-202.81814575195312,894.97998046875
141.71533203125,-46.1020622253418,199.0386962890625,142.5316162109375,-96.0444107055664,997.9932250976562,148.1752471923828,-219.67559814453125,524.5128784179688,244.06776428222656,-31.58398056030273,838.3219604492188,-89.05569458007812,5.244977474212647,147.23239135742188,-159.42428588867188,-65.92668914794922,1003.9788818359376,-120.44078063964844,-40.51091003417969,505.5111389160156,-206.22276306152344,-207.95249938964844,897.3754272460938
142.48109436035156,-64.59510803222656,191.5738220214844,142.81971740722656,-94.26677703857422,997.8097534179688,146.5203399658203,-221.2268524169922,525.6126098632812,244.61431884765625,-26.3569393157959,837.9108276367188,-89.06175994873047,15.168779373168944,147.25225830078125,-158.9795684814453,-63.67535781860352,1003.3131103515624,-120.30050659179688,-33.401607513427734,505.3677978515625,-204.2848663330078,-212.8824157714844,899.4695434570312
143.29714965820312,-83.5306396484375,184.43138122558597,143.15518188476562,-92.48941802978516,997.3756713867188,144.93829345703125,-222.20697021484372,526.2962646484375,245.0385589599609,-21.44192695617676,837.3687744140625,-89.07274627685547,25.08142471313477,147.26220703125,-158.48817443847656,-61.51054763793945,1002.5535278320312,-120.17813110351562,-26.381458282470703,505.21429443359375,-202.26528930664065,-217.59487915039065,901.249755859375
144.1249237060547,-102.79129791259766,177.74070739746094,143.53369140625,-90.72864532470705,996.7015380859376,143.46023559570312,-222.6451568603516,526.5689086914062,245.3436279296875,-16.84511947631836,836.695556640625,-89.090087890625,34.98299026489258,147.263671875,-157.95872497558594,-59.436649322509766,1001.7039794921876,-120.0823974609375,-19.454723358154297,505.04779052734375,-200.1667938232422,-222.0772399902344,902.7083129882812
144.92176818847656,-122.2316665649414,171.61000061035156,143.95108032226562,-89.0020523071289,995.8013916015624,142.1106719970703,-222.5810089111328,526.4425048828125,245.5346221923828,-12.571252822875977,835.8934326171875,-89.1148910522461,44.87347030639648,147.25869750976562,-157.3997802734375,-57.45761489868164,1000.7681884765624,-120.02191162109376,-12.62409782409668,504.8645935058594,-197.9928741455078,-226.317138671875,903.8421630859376
145.64373779296875,-141.68063354492188,166.12252807617188,144.40328979492188,-87.3282699584961,994.6922607421876,140.90625,-222.06427001953125,525.9359741210938,245.61854553222656,-8.623682022094727,834.9666137695312,-89.14785766601562,54.75210189819336,147.25006103515625,-156.81944274902344,-55.577274322509766,999.7501220703124,-120.00424194335938,-5.8919358253479,504.6604309082031,-195.74778747558597,-230.3024444580078,904.6527099609376
146.24839782714844,-160.94496154785156,161.33383178710938,144.8865203857422,-85.72663116455078,993.3937377929688,139.85491943359375,-221.1540679931641,525.0753173828125,245.60423278808597,-5.004453182220459,833.921630859375,-89.18912506103516,64.6165542602539,147.24130249023438,-156.2250518798828,-53.79957580566406,998.6539306640624,-120.03472900390624,0.7381470799446106,504.4307556152344,-193.43658447265625,-234.021240234375,905.145751953125
146.69712829589844,-179.81387329101562,157.2699432373047,145.39712524414062,-84.21685791015625,991.9281616210938,138.95570373535156,-219.91783142089844,523.8934326171875,245.50218200683597,-1.7143810987472534,832.7666625976562,-89.23828887939453,74.46212768554688,147.2369384765625,-155.62286376953125,-52.12873840332031,997.484375,-120.11538696289062,7.259718894958496,504.1712646484375,-191.0650787353516,-237.46177673339844,905.3309936523438
146.956787109375,-198.0648498535156,153.92697143554688,145.931640625,-82.8187484741211,990.320068359375,138.1990509033203,-218.4294586181641,522.4295654296875,245.32443237304688,1.2468746900558472,831.5119018554688,-89.29442596435547,84.28113555908203,147.2427215576172,-155.01788330078125,-50.569366455078125,996.2467651367188,-120.2437744140625,13.66225814819336,503.87799072265625,-188.63998413085935,-240.6125030517578,905.2218017578124
147.00108337402344,-215.47093200683597,151.27235412597656,146.48672485351562,-81.55191040039062,988.595947265625,137.56785583496094,-216.76698303222656,520.7283325195312,245.0843505859375,3.8807241916656494,830.1689453125,-89.35633087158203,94.06256103515624,147.2659454345703,-154.41366577148438,-49.126590728759766,994.9473266601562,-120.41227722167967,19.930326461791992,503.54779052734375,-186.16879272460935,-243.46209716796875,904.8347778320312
146.81178283691406,-231.8085021972656,149.24774169921875,147.05917358398438,-80.4354248046875,986.7843627929688,137.03897094726562,-215.00965881347656,518.8388671875,244.7964782714844,6.189559459686279,828.7510375976562,-89.42266082763672,103.792236328125,147.3160400390625,-153.8123016357422,-47.80610656738281,993.5935668945312,-120.60762786865234,26.043228149414062,503.1785278320313,-183.65989685058597,-245.99954223632807,904.1892700195312
146.37991333007812,-246.86558532714844,147.773681640625,147.6457977294922,-79.48748016357422,984.9151611328124,136.5851593017578,-213.23452758789065,516.8133544921875,244.47613525390625,8.176653861999512,827.2727661132812,-89.49178314208984,113.45362091064452,147.40504455566406,-153.21473693847656,-46.61398696899414,992.1942749023438,-120.81090545654295,31.975122451782227,502.76959228515625,-181.1225128173828,-248.2141571044922,903.3070068359376
145.70669555664062,-260.4501037597656,146.7558135986328,148.2435760498047,-78.72499084472656,983.01953125,136.17762756347656,-211.51275634765625,514.705322265625,244.1392974853516,9.846047401428224,825.7498168945312,-89.56151580810547,123.02881622314452,147.54783630371094,-152.62100219726562,-45.55651473999024,990.759521484375,-120.99786376953124,37.695587158203125,502.3219604492188,-178.5667266845703,-250.09576416015625,902.21142578125
144.80426025390625,-272.39801025390625,146.0921630859375,148.84959411621094,-78.16313934326172,981.1293334960938,135.78851318359375,-209.9059600830078,512.5678100585938,243.8021697998047,11.202418327331545,824.1989135742188,-89.62907409667969,132.49954223632812,147.7618865966797,-152.03057861328125,-44.64002227783203,989.3010864257812,-121.13972473144533,43.17045593261719,501.83880615234375,-176.00341796875,-251.63478088378903,900.927490234375
143.695556640625,-282.5805969238281,145.68077087402344,149.46127319335938,-77.81490325927734,979.27685546875,135.3934326171875,-208.46310424804688,510.4516296386719,243.4809417724609,12.250947952270508,822.6375122070312,-89.69126892089844,141.8477783203125,148.06675720214844,-151.44252014160156,-43.87090301513672,987.8318481445312,-121.20443725585938,48.36272811889648,501.3254699707031,-173.44427490234375,-252.82232666015625,899.48095703125
142.413330078125,-290.9104309082031,145.4265594482422,150.07644653320312,-77.6905288696289,977.4942626953124,134.97352600097656,-207.2183990478516,508.4038391113281,243.19146728515625,12.997162818908691,821.0836791992188,-89.74473571777344,151.05624389648438,148.48345947265625,-150.85549926757812,-43.25558090209961,986.36572265625,-121.15825653076172,53.23333358764648,500.7896423339844,-170.9016876220703,-253.6504364013672,897.89794921875
140.998046875,-297.3453369140625,145.24671936035156,150.69358825683594,-77.79701232910156,975.8131103515624,134.51710510253906,-206.19064331054688,506.4663391113281,242.9489898681641,13.446776390075684,819.5556030273438,-89.78628540039062,160.10862731933594,149.03363037109375,-150.2678680419922,-42.80046463012695,984.9174194335938,-120.96775817871094,57.741676330566406,500.2410583496094,-168.38868713378906,-254.11219787597656,896.20458984375
139.4959259033203,-301.8906555175781,145.07472229003906,151.31202697753906,-78.13761138916016,974.2636108398438,134.0204620361328,-205.3839111328125,504.6751403808594,242.767822265625,13.605525016784668,818.0714111328125,-89.81322479248047,168.98939514160156,149.73870849609375,-149.67752075195312,-42.51179504394531,983.5015869140624,-120.6021499633789,61.84594345092773,499.6911010742188,-165.9187774658203,-254.2019195556641,894.426513671875
137.9571075439453,-304.599609375,144.86280822753906,151.93209838867188,-78.71144104003906,972.8744506835938,133.48843383789062,-204.7895050048828,503.0599670410156,242.6611785888672,13.478985786437988,816.6490478515625,-89.82373809814453,177.6834259033203,150.6190948486328,-149.08189392089844,-42.39537048339844,982.1327514648438,-120.03573608398438,65.50315856933594,499.1520385742188,-163.5058135986328,-253.9153594970703,892.58837890625
136.43392944335938,-305.5715026855469,144.58221435546875,152.5553436279297,-79.51312255859375,971.671630859375,132.93411254882812,-204.38894653320312,501.64398193359375,242.6408843994141,13.07239055633545,815.3056030273438,-89.8172607421875,186.17491149902344,151.69361877441406,-148.4778594970703,-42.45610427856445,980.8245849609376,-119.25054931640624,68.6690902709961,498.6361999511719,-161.1638641357422,-253.2499237060547,890.7136840820312
134.97877502441406,-304.947265625,144.22097778320312,153.1844940185547,-80.53260803222656,970.6783447265624,132.37818908691406,-204.1573638916016,500.44427490234375,242.71730041503903,12.390456199645996,814.0572509765625,-89.79481506347656,194.44602966308597,152.97914123535156,-147.8616180419922,-42.69740676879883,979.5894775390624,-118.23873901367188,71.29814910888672,498.15472412109375,-158.90696716308594,-252.2047882080078,888.82421875
133.64149475097656,-302.9016418457031,143.77960205078125,153.82345581054688,-81.75516510009766,969.9138793945312,131.8479461669922,-204.0670318603516,499.4720764160156,242.89910888671875,11.437253952026367,812.9190673828125,-89.75918579101562,202.47525024414065,154.4904327392578,-147.22886657714844,-43.12042236328125,978.4381713867188,-117.00471496582033,73.34346771240234,497.7164001464844,-156.7490692138672,-250.78109741210935,886.9397583007812
132.46629333496094,-299.6321716308594,143.26559448242188,154.4771270751953,-83.16161346435547,969.3932495117188,131.3756866455078,-204.09017944335935,498.7329711914063,243.19337463378903,10.216142654418944,811.9044799804688,-89.715087890625,210.23545837402344,156.2403564453125,-146.5747833251953,-43.72319412231445,977.37939453125,-115.56671905517578,74.75725555419922,497.3262023925781,-154.70376586914062,-248.98208618164065,885.0780029296875
131.48851013183594,-295.3457946777344,142.6887969970703,155.15109252929688,-84.7287826538086,969.1264038085938,130.99703979492188,-204.20069885253903,498.2269287109375,243.6055145263672,8.729751586914062,811.025390625,-89.66915130615234,217.69190979003903,158.2401580810547,-145.8943328857422,-44.499794006347656,976.4194946289062,-113.95763397216795,75.49161529541016,496.9841613769531,-152.78414916992188,-246.81317138671875,883.2540893554688
130.73143005371094,-290.24365234375,142.05897521972656,155.8511962890625,-86.4301986694336,969.1178588867188,130.74876403808594,-204.3740997314453,497.9475708007813,244.1393280029297,6.980007171630859,810.2918701171875,-89.62992858886719,224.8000640869141,160.4998321533203,-145.18252563476562,-45.43954086303711,975.5625,-112.2248764038086,75.50006103515625,496.6842346191406,-151.0026397705078,-244.281982421875,881.480712890625
130.20401000976562,-284.5073547363281,141.3856201171875,156.5830841064453,-88.2370376586914,969.3662109375,130.66619873046875,-204.5858612060547,497.8813781738281,244.7970733642578,4.968198299407959,809.7122192382812,-89.6077651977539,231.5040740966797,163.02867126464844,-144.43475341796875,-46.52638244628906,974.8099975585938,-110.42921447753906,74.73963928222656,496.4133911132813,-149.3708953857422,-241.39840698242188,879.767822265625
129.89962768554688,-278.2884826660156,140.67921447753906,157.3516387939453,-90.11911010742188,969.8638305664062,130.78012084960938,-204.8080902099609,498.0067138671875,245.57952880859372,2.6951000690460205,809.2926635742188,-89.61466217041016,237.7359771728516,165.83590698242188,-143.64718627929688,-47.73858642578125,974.1610717773438,-108.64234924316406,73.1737060546875,496.1513671875,-147.89955139160156,-238.17454528808597,878.1226806640625
129.79693603515625,-271.703369140625,139.9527130126953,158.16046142578125,-92.04600524902344,970.5971069335938,131.11349487304688,-205.0057830810547,498.2933044433594,246.48611450195312,0.1611343771219253,809.0376586914062,-89.6636734008789,243.41619873046875,168.93128967285156,-142.8170166015625,-49.0488395690918,973.6126708984376,-106.94327545166016,70.7750015258789,495.87103271484375,-146.59825134277344,-234.62461853027344,876.5501098632812
129.86236572265625,-264.8330993652344,139.22171020507812,159.0114288330078,-93.98789978027344,971.5465087890624,131.6785125732422,-205.13333129882807,498.7027893066406,247.51487731933597,-2.6334316730499268,808.9496459960938,-89.7675552368164,248.45510864257807,172.32522583007812,-141.9427490234375,-50.4248161315918,973.1598510742188,-105.41325378417967,67.52899169921875,495.5397033691406,-145.47544860839844,-230.76483154296875,875.0523071289062
130.053955078125,-257.7265319824219,138.50332641601562,159.9044952392578,-95.91619110107422,972.6875610351562,132.47434997558594,-205.13229370117188,499.1906433105469,248.66259765625,-5.688261032104492,809.029541015625,-89.93685913085938,252.7558441162109,176.02825927734375,-141.02442932128906,-51.83006286621094,972.7960815429688,-104.1296844482422,63.43666076660156,495.1219177246094,-144.53842163085938,-226.6132659912109,873.6292724609375
130.3260955810547,-250.4055938720703,137.81448364257812,160.83746337890625,-97.80384063720705,973.9915771484376,133.48619079589844,-204.9311065673828,499.7092590332031,249.9248046875,-9.002710342407227,809.2764892578125,-90.17806243896484,256.2179260253906,180.0498504638672,-140.06370544433594,-53.2252197265625,972.5142211914062,-103.15934753417967,58.51651382446289,494.5834655761719,-143.79318237304688,-222.1895294189453,872.2791137695312
130.63430786132812,-242.8721160888672,137.17041015625,161.8061065673828,-99.62545013427734,975.427001953125,134.6859893798828,-204.4471893310547,500.2117919921875,251.2957305908203,-12.57558536529541,809.6884155273438,-90.49207305908205,258.7420349121094,184.3961944580078,-139.06398010253906,-54.56948852539063,972.3068237304688,-102.55191040039062,52.80511093139648,493.8963928222656,-143.24456787109375,-217.51458740234372,870.9981079101562
130.93946838378906,-235.11520385742188,136.58311462402344,162.80429077148438,-101.35721588134766,976.9610595703124,136.0349578857422,-203.5917205810547,500.6560668945313,252.76837158203125,-16.4049015045166,810.2621459960938,-90.87345123291016,260.2357482910156,189.0673370361328,-138.0303955078125,-55.822357177734375,972.1672973632812,-102.3347625732422,46.35600280761719,493.0444946289063,-142.8961181640625,-212.61041259765625,869.781494140625
131.21072387695312,-227.1188201904297,136.06053161621094,163.82440185546875,-102.97661590576172,978.5609130859376,137.48741149902344,-202.27638244628903,501.0076293945313,254.33436584472656,-20.487638473510746,810.9935913085938,-91.31046295166016,260.6202392578125,194.05393981933597,-136.96963500976562,-56.94535446166992,972.0903930664062,-102.51016235351562,39.23712539672852,492.0279846191406,-142.7501983642578,-207.4996337890625,868.6236572265625
131.4269561767578,-218.86819458007807,135.6060333251953,164.85784912109375,-104.46212005615234,980.1953735351562,138.99545288085938,-200.42079162597656,501.24212646484375,255.98410034179688,-24.81951332092285,811.8782348632812,-91.78590393066406,259.83709716796875,199.3339691162109,-135.8896942138672,-57.90368270874024,972.0732421875,-103.05516052246094,31.52691078186035,490.8671875,-142.80795288085938,-202.2051696777344,867.5186767578125
131.57696533203125,-210.35491943359372,135.21868896484375,165.8956756591797,-105.79286193847656,981.8358764648438,140.51368713378906,-197.9596710205078,501.3460998535156,257.70660400390625,-29.394790649414062,812.911376953125,-92.27865600585938,257.8547668457031,204.8702392578125,-134.79946899414062,-58.66775131225586,972.1156616210938,-103.92420959472656,23.30975151062012,489.6041870117188,-143.06930541992188,-196.7499084472656,866.4608154296875
131.6586151123047,-201.5800018310547,134.8938446044922,166.92916870117188,-106.94857025146484,983.4574584960938,142.00315856933594,-194.84873962402344,501.3169250488281,259.4897155761719,-34.20613098144531,814.0884399414062,-92.76536560058594,254.6732940673828,210.6095733642578,-133.70823669433594,-59.21456527709961,972.2206420898438,-105.05419921875,14.671443939208984,488.3023986816406,-143.532958984375,-191.1563415527344,865.4448852539062
131.67727661132812,-192.55503845214844,134.62400817871094,167.9506072998047,-107.90973663330078,985.0393676757812,143.43426513671875,-191.06878662109372,501.1617736816406,261.320068359375,-39.24452972412109,815.405029296875,-93.22209167480467,250.3267059326172,216.48426818847656,-132.62513732910156,-59.52900695800781,972.3945922851562,-106.37100982666016,5.695234775543213,487.0433654785156,-144.19635009765625,-185.44630432128903,864.4666137695312
131.6438446044922,-183.30154418945312,134.39988708496094,168.95372009277344,-108.65806579589844,986.5648193359376,144.78807067871094,-186.627685546875,500.8956604003906,263.1831970214844,-44.49931716918945,816.8573608398438,-93.62615203857422,244.88194274902344,222.41510009765625,-131.55838012695312,-59.60480117797852,972.646728515625,-107.79653930664062,-3.5410256385803223,485.921142578125,-145.05555725097656,-179.640625,863.5228881835938
131.57249450683594,-173.84854125976562,134.2115936279297,169.9341583251953,-109.17720794677734,988.0210571289062,146.05613708496094,-181.5599822998047,500.5393371582031,265.0638732910156,-49.95818328857422,818.4423217773438,-93.95808410644533,238.434814453125,228.31517028808597,-130.514892578125,-59.44466018676758,972.989013671875,-109.25527954101562,-12.966422080993652,485.0349426269531,-146.1052703857422,-173.759033203125,862.6119995117188
131.47862243652344,-164.22946166992188,134.04971313476562,170.8897247314453,-109.4533920288086,989.3988647460938,147.23867797851562,-175.9237823486328,500.1167907714844,266.9460754394531,-55.6073112487793,820.1572875976562,-94.20352172851562,231.10215759277344,234.0928649902344,-129.50015258789062,-59.05968475341797,973.434814453125,-110.67943572998048,-22.5171012878418,484.4805603027344,-147.33853149414062,-167.82000732421875,861.7335205078125
131.37693786621094,-154.47900390625,133.9061737060547,171.82041931152344,-109.47615814208984,990.691650390625,148.3414306640625,-169.79525756835938,499.652587890625,268.8134765625,-61.431602478027344,822.000244140625,-94.35447692871094,223.01126098632807,239.65325927734372,-128.51815795898438,-58.46825408935547,973.9981689453124,-112.01221466064452,-32.13492965698242,484.3421020507813,-148.7466583251953,-161.8406524658203,860.888427734375
131.27989196777344,-144.63034057617188,133.7748260498047,172.72816467285156,-109.23887634277344,991.8949584960938,149.37179565429688,-163.2613525390625,499.169677734375,270.6494140625,-67.41490173339844,823.969482421875,-94.40975952148438,214.2873077392578,244.89747619628903,-127.5716323852539,-57.69450759887695,974.69189453125,-113.20932006835938,-41.76511764526367,484.6845397949219,-150.31912231445312,-155.83677673339844,860.0787963867188
131.19656372070312,-134.71331787109375,133.65171813964844,173.616455078125,-108.73914337158205,993.005859375,150.334716796875,-156.41168212890625,498.6878051757813,272.4373779296875,-73.54024505615234,826.0633544921875,-94.37440490722656,205.0414886474609,249.72137451171875,-126.6621322631836,-56.76675033569336,975.5265502929688,-114.23958587646484,-51.35395812988281,485.5486145019531,-152.04331970214844,-149.8228302001953,859.3076782226562
131.13197326660156,-124.75336456298828,133.53514099121094,174.48976135253906,-107.97898864746094,994.0223999023438,151.22938537597656,-149.33084106445312,498.2220458984375,274.1611328125,-79.7900619506836,828.280029296875,-94.25840759277344,195.36196899414065,254.0156707763672,-125.7903289794922,-55.71573638916016,976.5088500976562,-115.0849151611328,-60.84724426269531,486.9477233886719,-153.90457153320312,-143.8119659423828,858.5787353515625
131.0872039794922,-114.77116394042967,133.42526245117188,175.35281372070312,-106.9648895263672,994.94287109375,152.0478515625,-142.092041015625,497.7823181152344,275.8050842285156,-86.14636993408203,830.6170654296875,-94.07567596435548,185.30877685546875,257.6689453125,-124.9562530517578,-54.57297134399414,977.6405029296876,-115.7394561767578,-70.18988037109375,488.8674926757813,-155.8860626220703,-137.8162384033203,857.8956298828125
131.05972290039062,-104.7828140258789,133.32376098632812,176.2099609375,-105.7075653076172,995.7657470703124,152.7761688232422,-134.75245666503906,497.3733520507813,277.3545837402344,-92.59089660644533,833.0711669921875,-93.8435516357422,174.91299438476562,260.5731811523437,-124.1595687866211,-53.36911392211914,978.9175415039062,-116.2076416015625,-79.32691192626953,491.2677612304688,-157.9688720703125,-131.8467254638672,857.2618408203125
131.04446411132812,-94.80021667480467,133.2331085205078,177.0646209716797,-104.22167205810548,996.4891357421876,153.39817810058594,-127.35096740722656,496.9951477050781,278.7959899902344,-99.10521697998048,835.6377563476562,-93.58272552490234,164.1794891357422,262.63092041015625,-123.39993286132812,-52.1327018737793,980.3297119140624,-116.50135803222656,-88.20561218261719,494.0863952636719,-160.1321258544922,-125.91363525390624,856.68017578125
131.03482055664062,-84.83160400390625,133.1560516357422,177.9187774658203,-102.52527618408205,997.1104125976562,153.9008331298828,-119.90795135498048,496.6442565917969,280.1170654296875,-105.6708526611328,838.3107299804688,-93.3171615600586,153.09228515625,263.7625732421875,-122.6772232055664,-50.889190673828125,981.8609619140624,-116.63639831542967,-96.77782440185548,497.2446899414063,-162.353271484375,-120.0265121459961,856.1522216796875
131.02386474609375,-74.88199615478516,133.09490966796875,178.77272033691406,-100.6392059326172,997.6265258789062,154.2791748046875,-112.42770385742188,496.3150634765625,281.30712890625,-112.26939392089844,841.082275390625,-93.07369995117188,141.620849609375,263.9122009277344,-121.99183654785156,-49.66035842895508,983.4892578125,-116.62866973876952,-105.00157165527344,500.6535949707031,-164.60841369628906,-114.1943817138672,855.6781616210938
131.00531005859375,-64.95377349853516,133.05133056640625,179.6248779296875,-98.58635711669922,998.0338134765624,154.5390167236328,-104.90296936035156,496.0009765625,282.3570556640625,-118.88258361816406,843.942626953125,-92.881103515625,129.72640991210938,263.0513610839844,-121.34478759765624,-48.46398162841797,985.1880493164062,-116.49095153808594,-112.84162902832033,504.2200927734375,-166.8727569580078,-108.42584228515624,855.2565307617188
130.97412109375,-55.04725646972656,133.02593994140625,180.47186279296875,-96.39088439941406,998.3283081054688,154.6963348388672,-97.32059478759766,495.6955261230469,283.2594909667969,-125.49232482910156,846.8800659179688,-92.7681121826172,117.36775207519533,261.1806335449219,-120.73783111572266,-47.31381607055664,986.9268798828124,-116.2306900024414,-120.26934051513672,507.8532104492188,-169.12118530273438,-102.72919464111328,854.8841552734375
130.92689514160156,-45.16144180297852,133.0183868408203,181.30838012695312,-94.0775146484375,998.5064086914062,154.77398681640625,-89.66718292236328,495.3926696777344,284.0087890625,-132.08071899414062,849.8807983398438,-92.76075744628906,104.50643157958984,258.32965087890625,-120.1734390258789,-46.219764709472656,988.6729125976562,-115.84906768798828,-127.2615966796875,511.46868896484375,-171.32884216308594,-97.11248779296876,854.5559692382812
130.86180114746094,-35.29464340209961,133.02745056152344,182.12744140625,-91.67097473144533,998.5647583007812,154.7970428466797,-81.93397521972656,495.0872192382813,284.6010131835937,-138.63006591796875,852.92919921875,-92.87986755371094,91.11029052734376,254.5556182861328,-119.6546630859375,-45.18815612792969,990.3922119140624,-115.34173583984376,-133.79930114746094,514.9917602539062,-173.47166442871094,-91.58354949951172,854.2650756835938
130.77821350097656,-25.44505500793457,133.05116271972656,182.9204864501953,-89.19551849365234,998.5011596679688,154.7884521484375,-74.12027740478516,494.7749633789063,285.0339050292969,-145.12281799316406,856.0079345703125,-93.13931274414062,77.15512084960938,249.9403381347656,-119.18498992919922,-44.22209167480469,992.0511474609376,-114.7012176513672,-139.86610412597656,518.3580932617188,-175.5269775390625,-86.1500473022461,854.0032348632812
130.6763916015625,-15.611074447631836,133.08706665039062,183.67779541015625,-86.67463684082031,998.3143310546876,154.76576232910156,-66.23522186279297,494.4526672363281,285.3067932128906,-151.54161071777344,859.0982055664062,-93.54497528076172,62.624794006347656,244.5864715576172,-118.76811981201172,-43.32184219360352,993.6175537109376,-113.92060089111328,-145.4477081298828,521.5125732421875,-177.47401428222656,-80.81945037841797,853.7606201171875
130.55709838867188,-5.791460990905762,133.1322784423828,184.3888397216797,-84.13091278076172,998.0042114257812,154.7395477294922,-58.29786682128906,494.117919921875,285.42047119140625,-157.86927795410156,862.1800537109375,-94.09425354003906,47.51118087768555,238.6134185791016,-118.40769958496094,-42.48525238037109,995.061767578125,-112.99713897705078,-150.5312957763672,524.40771484375,-179.29440307617188,-75.59906768798828,853.5263671875
130.42132568359375,4.014622688293457,133.18365478515625,185.0428009033203,-81.58600616455078,997.5720825195312,154.71302795410156,-50.33607482910156,493.7693481445313,285.3770446777344,-164.08876037597656,865.2327880859375,-94.77601623535156,31.814228057861328,232.1531219482422,-118.10701751708984,-41.70822143554688,996.3573608398438,-111.93506622314452,-155.10498046875,527.0028686523438,-180.9724884033203,-70.49600982666016,853.288818359375
130.27012634277344,13.807588577270508,133.2377166748047,185.62913513183597,-79.06059265136719,997.0204467773438,154.68312072753906,-42.3844108581543,493.40631103515625,285.1798400878906,-170.1831817626953,868.235107421875,-95.57101440429688,15.54275131225586,225.34580993652344,-117.8687744140625,-40.9852180480957,997.4818115234376,-110.74713134765624,-159.15757751464844,529.26318359375,-182.49571228027344,-65.5171890258789,853.0357055664062
130.1044921875,23.58741950988769,133.29074096679688,186.1381378173828,-76.5744400024414,996.3529052734376,154.64218139648438,-34.48173904418945,493.0289306640625,284.8332214355469,-176.1356964111328,871.1654663085938,-96.45272064208984,-1.2842971086502075,218.33595275878903,-117.69481658935548,-40.30981063842773,998.416748046875,-109.45491790771484,-162.67897033691406,531.1600341796875,-183.8548126220703,-60.669342041015625,852.7545776367188
129.92539978027344,33.353694915771484,133.33877563476562,186.5614471435547,-74.14630126953125,995.573974609375,154.5803680419922,-26.66884422302246,492.6374816894531,284.3424072265625,-181.92958068847656,874.002685546875,-97.38846588134766,-18.636232376098636,211.2682342529297,-117.58592987060548,-39.675254821777344,999.1480712890624,-108.08794403076172,-165.66073608398438,532.6712036132812,-185.0439300537109,-55.95901107788086,852.4329833984375
129.7338409423828,43.10560989379883,133.37777709960938,186.8925628662109,-71.79377746582031,994.6890258789062,154.48818969726562,-18.985944747924805,492.2322082519531,283.71337890625,-187.5482177734375,876.7260131835938,-98.3407211303711,-36.46888732910156,204.28370666503903,-117.54178619384766,-39.07505798339844,999.6659545898438,-106.68187713623048,-168.09738159179688,533.7816162109375,-186.06065368652344,-51.39259338378906,852.0588989257812
129.53091430664062,52.84195327758789,133.40377807617188,187.12718200683597,-69.53308868408203,993.7040405273438,154.35873413085938,-11.470148086547852,491.8132019042969,282.9527282714844,-192.97511291503903,879.3154907226562,-99.26873016357422,-54.7230339050293,197.51632690429688,-117.56084442138672,-38.5035400390625,999.96484375,-105.27621459960938,-169.9876708984375,534.48388671875,-186.90597534179688,-46.97636795043945,851.6205444335938
129.31797790527344,62.5610466003418,133.4132537841797,187.26348876953125,-67.37882995605469,992.62548828125,154.18914794921875,-4.153390407562256,491.38031005859375,282.0674133300781,-198.19400024414065,881.752197265625,-100.13078308105467,-73.32334899902344,191.08981323242188,-117.6405029296875,-37.9563102722168,1000.0431518554688,-103.91152954101562,-171.336181640625,534.7783203125,-187.5840606689453,-42.716552734375,851.1072387695312
129.0968475341797,72.2606430053711,133.40354919433594,187.30221557617188,-65.34375,991.4605102539062,153.98129272460938,2.9385807514190674,490.9331970214844,281.0645751953125,-203.1889495849609,884.0183715820312,-100.88702392578124,-92.17774200439452,185.1147308349609,-117.7772216796875,-37.43072509765625,999.9032592773438,-102.626708984375,-172.1549072265625,534.6737060546875,-188.10211181640625,-38.61936950683594,850.509033203125
128.87002563476562,81.9377212524414,133.37359619140625,187.2467041015625,-63.43874740600586,990.2164916992188,153.74124145507812,9.785982131958008,490.4710998535156,279.9515991210937,-207.9443359375,886.0977172851562,-101.50154113769533,-111.17620849609376,179.68641662597656,-117.96687316894533,-36.92621612548828,999.5510864257812,-101.4562759399414,-172.46461486816406,534.1868286132812,-188.47006225585935,-34.69110107421875,849.8171997070312
128.64068603515625,91.58819580078124,133.3245849609375,187.1026153564453,-61.67288589477539,988.9014892578124,153.4783935546875,16.37411117553711,489.9928283691406,278.7357788085937,-212.4449920654297,887.9754028320312,-101.94356536865234,-130.18917846679688,174.88272094726562,-118.20503997802734,-36.44453430175781,998.9959106445312,-100.4280014038086,-172.29640197753906,533.342529296875,-188.70021057128903,-30.93819046020508,849.0245361328125
128.41265869140625,101.20652770996094,133.2607421875,186.8776397705078,-60.05361175537109,987.5241088867188,153.20423889160156,22.69233512878418,489.49658203125,277.42437744140625,-216.6761932373047,889.6383666992188,-102.1875991821289,-149.06634521484375,170.76156616210938,-118.4872817993164,-35.98993682861328,998.2504272460938,-99.56095886230467,-171.69302368164062,532.1730346679688,-188.80686950683597,-27.36728858947754,848.1253051757812
128.19021606445312,110.78539276123048,133.18991088867188,186.5810394287109,-58.586944580078125,986.0934448242188,152.9310302734375,28.732873916625977,488.9803161621094,276.0245056152344,-220.6237335205078,891.0752563476562,-102.21316528320312,-167.63682556152344,167.35733032226562,-118.80939483642578,-35.56930160522461,997.330078125,-98.8642578125,-170.70980834960938,530.717041015625,-188.80596923828125,-23.985336303710938,847.1156005859375
127.9778823852539,120.31550598144533,133.12371826171875,186.2230224609375,-57.27780151367188,984.619384765625,152.67037963867188,34.4896354675293,488.4420776367188,274.54315185546875,-224.27389526367188,892.2764892578125,-102.00527954101562,-185.71241760253903,164.67730712890625,-119.16755676269533,-35.192169189453125,996.253173828125,-98.33661651611328,-169.4149627685547,529.0183715820312,-188.71466064453125,-20.799610137939453,845.9937133789062
127.7800750732422,129.7857208251953,133.07748413085938,185.8141021728516,-56.13035202026367,983.1121826171876,152.43194580078125,39.95727157592773,487.8804931640625,272.9872436523437,-227.61355590820312,893.2347412109375,-101.55551147460938,-203.09359741210935,162.6991424560547,-119.55851745605467,-34.870784759521484,995.0404663085938,-97.96678924560548,-167.88890075683594,527.124267578125,-188.55088806152344,-17.817758560180664,844.7600708007812
127.60060119628906,139.18336486816406,133.0695343017578,185.3645477294922,-55.14840316772461,981.5825805664062,152.22251892089844,45.13041305541992,487.2950439453125,271.3636474609375,-230.6301422119141,893.9444580078125,-100.86238861083984,-219.5764617919922,161.36984252929688,-119.97964477539062,-34.620094299316406,993.7147827148438,-97.73468780517578,-166.22271728515625,525.0841674804688,-188.33302307128903,-15.047815322875977,843.4178466796875
127.44222259521484,148.49476623535156,133.12037658691406,184.8837738037109,-54.33576202392578,980.041748046875,152.0450897216797,50.002960205078125,486.6866455078125,269.6793212890625,-233.31163024902344,894.4024658203125,-99.93106842041016,-234.9600372314453,160.6077423095703,-120.42894744873048,-34.457706451416016,992.3008422851562,-97.6129379272461,-164.51519775390625,522.9492797851562,-188.07945251464844,-12.498224258422852,841.9727172851562
127.30632019042967,157.70553588867188,133.2517852783203,184.3800201416016,-53.69652938842773,978.5010375976562,151.8983612060547,54.56741714477539,486.0576171875,267.94146728515625,-235.64666748046875,894.607666015625,-98.77274322509766,-249.05389404296875,160.30751037597656,-120.9050064086914,-34.40358352661133,990.8246459960938,-97.56884765625,-162.86859130859375,520.7718505859375,-187.8082733154297,-10.177878379821776,840.4332275390625
127.1927261352539,166.8010711669922,133.48597717285156,183.8600616455078,-53.23517990112305,976.9722900390624,151.7763214111328,58.81436538696289,485.411865234375,266.1575927734375,-237.6244964599609,894.5612182617188,-97.40398406982422,-261.6865234375,160.34765625,-121.40675354003906,-34.47945022583008,989.3132934570312,-97.5666275024414,-161.383056640625,518.6045532226562,-187.53700256347656,-8.096135139465332,838.810791015625
127.09963989257812,175.76702880859375,133.8448028564453,183.3292694091797,-52.95647430419922,975.467529296875,151.66822814941406,62.732051849365234,484.7547607421875,264.3357849121094,-239.23509216308597,894.2665405273438,-95.8461456298828,-272.7139587402344,160.5998077392578,-121.93333435058594,-34.707969665527344,987.7943115234376,-97.56998443603516,-160.1502685546875,516.498046875,-187.2823181152344,-6.262820243835449,837.1195678710938
127.02359008789062,184.58984375,134.34915161132812,182.7916412353516,-52.86518478393555,973.9993286132812,151.55882263183594,66.30615997314453,484.0927429199219,262.4848022460937,-240.46920776367188,893.729248046875,-94.12489318847656,-282.02789306640625,160.9389190673828,-122.4838638305664,-35.11173629760742,986.29541015625,-97.54471588134766,-159.24681091308594,514.4985961914062,-187.0597686767578,-4.688191890716553,835.3763427734375
126.95965576171876,193.2567901611328,135.01866149902344,182.2499237060547,-52.96577453613281,972.5802612304688,151.42918395996094,69.51970672607422,483.4329223632813,260.6141662597656,-241.3185272216797,892.95703125,-92.2698211669922,-289.5628662109375,161.25294494628906,-123.05728912353516,-35.712120056152344,984.84375,-97.46104431152344,-158.7283935546875,512.6449584960938,-186.8835906982422,-3.382898092269897,833.6002807617188
126.90190887451172,201.7557830810547,135.8718719482422,181.70567321777344,-53.26206970214844,971.2230224609376,151.2580108642578,72.35302734375,482.7823181152344,258.7342834472656,-241.77572631835935,891.959716796875,-90.31375122070312,-295.3013610839844,161.4511260986328,-123.65228271484376,-36.52803802490234,983.466064453125,-97.29573059082033,-158.6258087158203,510.966552734375,-186.76646423339844,-2.357898235321045,831.8125
126.84426879882812,210.0745086669922,136.9263916015625,181.15921020507807,-53.75690078735352,969.9398193359376,151.0235137939453,74.78363037109375,482.1471862792969,256.8563842773437,-241.8346099853516,890.748779296875,-88.29151916503906,-299.2760009765625,161.46942138671875,-124.26729583740234,-37.57468032836914,982.187744140625,-97.03369140625,-158.9434051513672,509.4822692871094,-186.71934509277344,-1.6243613958358765,830.0357055664062
126.78146362304688,218.1991271972656,138.19932556152344,180.60960388183597,-54.45168685913086,968.7418212890624,150.70590209960938,76.7860107421875,481.5321044921875,254.9925994873047,-241.4903106689453,889.3374633789062,-86.23909759521484,-301.568603515625,161.2731475830078,-124.90060424804688,-38.86226272583008,981.0327758789062,-96.66918182373048,-159.6600799560547,508.2009887695313,-186.7512359619141,-1.193516492843628,828.293701171875
126.71022033691406,226.1127471923828,139.7074737548828,180.05465698242188,-55.345947265625,967.6392211914062,150.2902374267578,78.33125305175781,480.9396057128906,253.1557464599609,-240.7393341064453,887.7404174804688,-84.19326782226562,-302.3059997558594,160.85618591308594,-125.55046844482422,-40.3949089050293,980.0234375,-96.20647430419922,-160.7330322265625,507.1231994628906,-186.8690948486328,-1.0764620304107666,826.61083984375
126.63025665283205,233.7937164306641,141.4677734375,179.49093627929688,-56.436744689941406,966.6405029296876,149.7694854736328,79.3865737915039,480.36962890625,251.35926818847656,-239.57969665527344,885.9736328125,-82.19156646728516,-301.6518859863281,160.2366943359375,-126.21529388427734,-42.16970443725586,979.1797485351562,-95.65998840332033,-162.1036834716797,506.2435607910156,-187.0777130126953,-1.2839354276657104,825.0114135742188
126.5450210571289,241.2139434814453,143.49740600585938,178.91390991210938,-57.71808624267578,965.7522583007812,149.14747619628906,79.91511535644531,479.8194274902344,249.616943359375,-238.0110626220703,884.0540161132812,-80.2723617553711,-299.7953796386719,159.4499053955078,-126.89373779296876,-44.17611312866211,978.5189819335938,-95.05377197265624,-163.704833984375,505.5545043945313,-187.37969970703125,-1.8260619640350344,823.519287109375
126.46189880371094,248.3376007080078,145.81370544433594,178.3181915283203,-59.180320739746094,964.9791259765624,148.44139099121094,79.87599182128906,479.28363037109375,247.94271850585935,-236.03472900390625,881.9992065429688,-78.47449493408203,-296.93658447265625,158.53956604003906,-127.58489227294922,-46.39579772949219,978.0552368164062,-94.42027282714844,-165.46810913085938,505.0490417480469,-187.77549743652344,-2.712094783782959,822.1572265625
126.39190673828124,255.1205139160156,148.4337615966797,177.69784545898438,-60.80965423583984,964.3236694335938,147.68309020996094,79.22489929199219,478.75433349609375,246.35037231445312,-233.65377807617188,879.8277587890625,-76.83631896972656,-293.2705078125,157.5499725341797,-128.28826904296875,-48.80291748046875,977.7991333007812,-93.79861450195312,-167.330322265625,504.7225036621094,-188.2634429931641,-3.950162649154663,820.9466552734375
126.3489227294922,261.5097961425781,151.3734893798828,177.04690551757812,-62.58773422241211,963.786376953125,146.91908264160156,77.91537475585938,478.2213134765625,244.8532867431641,-230.87306213378903,877.5584106445312,-75.39353942871094,-288.9717712402344,156.5208282470703,-129.00381469726562,-51.364891052246094,977.7567749023438,-93.23255157470705,-169.2374725341797,504.5725402832031,-188.83995056152344,-5.547032833099365,819.9071044921875
126.34912109375,267.443603515625,154.6461181640625,176.35992431640625,-64.49153900146484,963.3656616210938,146.20855712890625,75.90087127685547,477.6720581054688,243.46421813964844,-227.6992645263672,875.2103881835938,-74.1761245727539,-284.182861328125,155.48495483398438,-129.7318115234375,-54.04363632202149,977.9296875,-92.76813507080078,-171.1458282470703,504.5967102050781,-189.4996795654297,-7.50788688659668,819.055908203125
126.41053771972656,272.8508605957031,158.26075744628906,175.6326141357422,-66.49345397949219,963.057861328125,145.61903381347656,73.13768005371094,477.0920715332031,242.1949920654297,-224.14096069335935,872.8031005859375,-73.20472717285156,-279.0084533691406,154.46743774414062,-130.47274780273438,-56.79711151123047,978.3143920898438,-92.45108032226562,-173.01971435546875,504.7886962890625,-190.23580932617188,-9.836102485656738,818.4080810546875
126.55264282226562,277.6513977050781,162.2215576171875,174.86231994628906,-68.56181335449219,962.8577880859376,145.22003173828125,69.58846282958984,476.465087890625,241.0563201904297,-220.20867919921875,870.3558959960938,-72.48762512207031,-273.515625,153.4864044189453,-131.2271270751953,-59.58107376098633,978.9022827148438,-92.3235855102539,-174.82664489746094,505.1340026855469,-191.040283203125,-12.533042907714844,817.97607421875
126.79551696777344,281.75701904296875,166.52798461914062,174.0482177734375,-70.6617202758789,962.7586669921876,145.07540893554688,65.22598266601562,475.7739562988281,240.0576629638672,-215.91482543945312,867.8880004882812,-72.01908111572266,-267.7383728027344,152.55462646484375,-131.99525451660156,-62.350868225097656,979.6798706054688,-92.4207000732422,-176.53077697753906,505.6068420410156,-191.9040985107422,-15.597848892211914,817.7696533203125
127.15831756591795,285.0731201171875,171.1755828857422,173.1914825439453,-72.75618743896484,962.7525024414062,145.23622131347656,60.03600692749024,475.0024108886719,239.20692443847656,-211.2737274169922,865.4185791015625,-71.77973937988281,-261.6853942871094,151.68084716796875,-132.77699279785156,-65.06306457519531,980.6292114257812,-92.76631927490234,-178.0865020751953,506.1697692871094,-192.8175811767578,-19.02723503112793,817.795654296875
127.65697479248048,287.5017395019531,176.15576171875,172.29507446289062,-74.80747985839844,962.8309326171876,145.7352752685547,54.01893615722656,474.1381530761719,238.5105133056641,-206.30157470703125,862.9662475585938,-71.73892974853516,-255.3488311767578,150.87069702148438,-133.57167053222656,-67.67684936523438,981.7288208007812,-93.36939239501952,-179.43353271484375,506.7762451171875,-193.7705535888672,-22.81528854370117,818.058349609375
128.30145263671875,288.94580078125,181.4544219970703,171.36358642578125,-76.77854919433594,962.9855346679688,146.58364868164062,47.19051361083984,473.1764526367188,237.97311401367188,-201.01629638671875,860.54931640625,-71.85832214355469,-248.7125244140625,150.1273956298828,-134.37794494628906,-70.15501403808594,982.954345703125,-94.22130584716795,-180.49505615234372,507.37591552734375,-194.7525787353516,-26.953317642211918,818.55908203125
129.09361267089844,289.3149108886719,187.0497131347656,170.40280151367188,-78.63455963134766,963.2089233398438,147.76930236816406,39.581993103027344,472.1232604980469,237.5977478027344,-195.4374084472656,858.185546875,-72.09595489501953,-241.75912475585935,149.45233154296875,-135.19383239746094,-72.46467590332031,984.2799682617188,-95.2953643798828,-181.17971801757807,507.9205017089844,-195.7530517578125,-31.42974281311035,819.2967529296875
130.0258331298828,288.5315856933594,192.90940856933597,169.4193878173828,-80.34432220458984,963.4954833984376,149.2581329345703,31.23942756652832,470.9979553222656,237.3856964111328,-189.5858459472656,855.8920288085938,-72.40992736816406,-234.47531127929688,148.8455047607422,-136.01683044433594,-74.57756042480469,985.6792602539062,-96.548828125,-181.38743591308597,508.3689880371094,-196.7613525390625,-36.230072021484375,820.2677001953125
131.08055114746094,286.53790283203125,198.9883575439453,168.42044067382812,-81.88165283203125,963.8419799804688,150.9973907470703,22.22208023071289,469.8345336914063,237.3365631103516,-183.4837951660156,853.6854248046875,-72.76144409179688,-226.85513305664065,148.3059844970703,-136.84408569335938,-76.47010040283203,987.12646484375,-97.92693328857422,-181.01785278320312,508.6918640136719,-197.7668609619141,-41.33697891235352,821.466064453125
132.23081970214844,283.30157470703125,205.22755432128903,167.41322326660156,-83.22640991210938,964.2479858398438,152.92071533203125,12.600335121154783,468.6813659667969,237.44834899902344,-177.15438842773438,851.5814208984375,-73.11705780029297,-218.9015655517578,147.83213806152344,-137.6725616455078,-78.12328338623047,988.5974731445312,-99.36837768554688,-179.9799041748047,508.8732299804688,-198.75894165039065,-46.73047637939453,822.884033203125
133.44229125976562,278.8211669921875,211.555419921875,166.40472412109375,-84.36528015136719,964.7161254882812,154.95372009277344,2.4532346725463867,467.5994567871094,237.71751403808597,-170.62149047851562,849.594970703125,-73.4503173828125,-210.62698364257807,147.42169189453125,-138.4993438720703,-79.5224380493164,990.070556640625,-100.81160736083984,-178.20068359375,508.9112243652344,-199.7270355224609,-52.38824081420898,824.5119018554688
134.67630004882812,273.1286926269531,217.8910980224609,165.4014129638672,-85.29216766357422,965.251953125,157.0195770263672,-8.134191513061523,466.6593017578125,238.1390380859375,-163.90945434570312,847.7401733398438,-73.74267578125,-202.05296325683597,147.07154846191406,-139.32179260253906,-80.65699768066406,991.527099609375,-102.2012939453125,-175.63282775878906,508.8166198730469,-200.6605682373047,-58.285980224609375,826.3386840820312
135.89393615722656,266.2893371582031,224.1484375,164.4091033935547,-86.00802612304688,965.8635864257812,159.0439453125,-19.07370948791504,465.9366760253906,238.70660400390625,-157.0428924560547,846.0297241210938,-73.98377227783203,-193.2099456787109,146.77761840820312,-140.1378173828125,-81.5202407836914,992.9515991210938,-103.49412536621094,-172.25975036621094,508.6097106933594,-201.5489654541016,-64.39783477783203,828.3521118164062
137.06011962890625,258.3979187011719,230.2396545410156,163.43276977539062,-86.52039337158203,966.5612182617188,160.95904541015625,-30.27653694152832,465.5079650878906,239.41261291503903,-150.04641723632812,844.4752807617188,-74.1709213256836,-184.13612365722656,146.53457641601562,-140.94593811035156,-82.1091079711914,994.3319091796876,-104.66282653808594,-168.0982208251953,508.31640625,-202.3817901611328,-70.69679260253906,830.5390014648438
138.1467742919922,249.57135009765625,236.0772857666016,162.47653198242188,-86.8424072265625,967.3561401367188,162.70700073242188,-41.65567779541016,465.44482421875,240.24835205078125,-142.9443817138672,843.0867309570312,-74.30811309814453,-174.87506103515625,146.3360595703125,-141.74526977539062,-82.42391204833984,995.658935546875,-105.69758605957033,-163.19801330566406,507.9640502929688,-203.1486968994141,-77.15509033203125,832.8856811523438
139.1349639892578,239.93858337402344,241.57455444335935,161.54354858398438,-86.99171447753906,968.2594604492188,164.2420654296875,-53.12770080566406,465.8096008300781,241.20407104492188,-135.7608184814453,841.8722534179688,-74.40440368652344,-165.47195434570312,146.17514038085938,-142.53533935546875,-82.46797180175781,996.926025390625,-106.6044921875,-157.63827514648438,507.5780334472656,-203.83963012695312,-83.74465942382812,835.3778686523438
140.01524353027344,229.62924194335935,246.64425659179688,160.6360321044922,-86.98919677734375,969.281005859375,165.531982421875,-64.61376953125,466.6506042480469,242.26905822753903,-128.51925659179688,840.837890625,-74.47200775146484,-155.96974182128906,146.0449981689453,-143.31582641601562,-82.2473373413086,998.1287841796876,-107.4013900756836,-151.52110290527344,507.1799621582031,-204.4448699951172,-90.43751525878906,838.0011596679688
140.78663635253906,218.76271057128903,251.1983184814453,159.75514221191406,-86.85770416259766,970.427734375,166.5580596923828,-76.03997802734375,467.9988098144531,243.43167114257807,-121.24268341064452,839.9873657226562,-74.52396392822266,-146.4060821533203,145.9394073486328,-144.0862274169922,-81.77066040039062,999.2640380859376,-108.11229705810548,-144.96266174316406,506.7870178222656,-204.95518493652344,-97.20610809326172,840.740966796875
141.45428466796875,207.43923950195312,255.14866638183597,158.90118408203125,-86.6207504272461,971.7022705078124,167.31396484375,-87.33721923828125,469.865234375,244.6794586181641,-113.95355224609376,839.3216552734375,-74.57209777832031,-136.8118133544922,145.853271484375,-144.8455047607422,-81.04917907714844,1000.3296508789062,-108.761474609375,-138.08314514160156,506.41253662109375,-205.3619537353516,-104.02374267578124,843.582763671875
142.0271453857422,195.73455810546875,258.4096984863281,158.0738067626953,-86.3012466430664,973.1021728515624,167.80332946777344,-98.4407730102539,472.2398681640625,245.9992218017578,-106.67371368408205,838.8388061523438,-74.6255111694336,-127.21043395996094,145.78280639648438,-145.5917510986328,-80.09671783447266,1001.3239135742188,-109.3684310913086,-130.99668884277344,506.0671691894531,-205.65728759765625,-110.86480712890624,846.5120239257812
142.51597595214844,183.6983337402344,260.90167236328125,157.27235412597656,-85.92046356201172,974.6194458007812,168.03683471679688,-109.29004669189452,475.0916748046875,247.37713623046875,-99.42444610595705,838.5337524414062,-74.68985748291016,-117.61842346191406,145.7256317138672,-146.32208251953125,-78.9295883178711,1002.244873046875,-109.94488525390624,-123.80249786376952,505.7597351074219,-205.8340606689453,-117.705078125,849.5142822265625
142.93215942382812,171.35595703125,262.5543518066406,156.49632263183594,-85.49714660644531,976.2401733398438,168.02896118164062,-119.8284912109375,478.370361328125,248.79885864257807,-92.22643280029295,838.3982543945312,-74.76734161376953,-108.04582214355467,145.6804656982422,-147.03253173828125,-77.56652069091797,1003.0905151367188,-110.4940948486328,-116.57779693603516,505.4978332519531,-205.88604736328125,-124.52185821533205,852.5753173828125
143.2871856689453,158.71273803710938,263.3105163574219,155.74569702148438,-85.04695892333984,977.9453125,167.79531860351562,-130.00375366210938,482.0093078613281,250.2496337890625,-85.09967803955078,838.4210205078125,-74.85731506347656,-98.49715423583984,145.6469268798828,-147.7180938720703,-76.0284194946289,1003.8583984375,-111.01251983642578,-109.37360382080078,505.2876892089844,-205.8079376220703,-131.29408264160156,855.6807250976562
143.59255981445312,145.75900268554688,263.128662109375,155.02122497558594,-84.58219909667969,979.7108764648438,167.35072326660156,-139.7679443359375,485.9298706054688,251.71453857421875,-78.06340026855469,838.5875854492188,-74.9571533203125,-88.97250366210938,145.6250762939453,-148.3728485107422,-74.33809661865234,1004.545654296875,-111.49298095703124,-102.21398162841795,505.1338806152344,-205.59542846679688,-138.00234985351562,858.8163452148438
143.8601837158203,132.47494506835938,261.9858093261719,154.32467651367188,-84.11175537109375,981.5093383789062,166.70814514160156,-149.0776824951172,490.0462646484375,253.1785125732422,-71.1359634399414,838.8805541992188,-75.06319427490234,-79.46868133544922,145.61508178710938,-148.990234375,-72.51982879638672,1005.1490478515624,-111.9282684326172,-95.0989227294922,505.0386962890625,-205.2452850341797,-144.62890625,861.9677734375
144.10292053222656,118.83455657958984,259.8796691894531,153.65884399414062,-83.64131927490234,983.3104858398438,165.87864685058594,-157.893798828125,494.2702941894531,254.6267242431641,-64.33476257324219,839.2802734375,-75.17159271240234,-69.9803237915039,145.61688232421875,-149.56333923339844,-70.59889221191406,1005.6653442382812,-112.31396484375,-88.01044464111328,505.0016479492188,-204.7553253173828,-151.15762329101562,865.12060546875
144.33474731445312,104.80831909179688,256.82989501953125,153.02755737304688,-83.17376708984375,985.0825805664062,164.87179565429688,-166.18060302734375,498.5158386230469,256.0446472167969,-57.67616271972656,839.7647094726562,-75.27898406982422,-60.50096893310547,145.6300811767578,-150.085205078125,-68.60092163085938,1006.0912475585938,-112.64971160888672,-80.9206314086914,505.0191955566406,-204.12452697753903,-157.57382202148438,868.2601928710938
144.5702667236328,90.36487579345705,252.87803649902344,152.435302734375,-82.70970916748047,986.7935791015624,163.69667053222656,-173.90524291992188,502.7017211914063,257.4183349609375,-51.17547225952149,840.3102416992188,-75.38277435302734,-51.0239372253418,145.65379333496094,-150.54931640625,-66.55133819580078,1006.4235229492188,-112.93888854980467,-73.79985809326172,505.08502197265625,-203.3530120849609,-163.86416625976562,871.371826171875
144.82383728027344,75.47177124023438,248.0867156982422,151.8870086669922,-82.24811553955078,988.412109375,162.36289978027344,-181.0373687744141,506.7537231445313,258.7347106933594,-44.84686279296875,840.8922119140625,-75.48124694824219,-41.54304504394531,145.6868896484375,-150.9498748779297,-64.47465515136719,1006.6593017578124,-113.1872100830078,-66.6236572265625,505.1908264160156,-202.44210815429688,-170.01646423339844,874.4403076171875
145.10829162597656,60.09605407714844,242.53868103027344,151.38763427734375,-81.78695678710938,989.9083251953124,160.8821258544922,-187.54920959472656,510.6051635742188,259.9815979003906,-38.70332717895508,841.4852294921875,-75.57344818115234,-32.05315017700195,145.7279510498047,-151.2823028564453,-62.39394378662109,1006.7960205078124,-113.40116119384766,-59.3773193359375,505.3269958496094,-201.394287109375,-176.01954650878906,877.4503173828125
145.43357849121094,44.20542144775391,236.33517456054688,150.94183349609375,-81.32386779785156,991.2546997070312,159.26913452148438,-193.41647338867188,514.1968994140625,261.1480712890625,-32.75666427612305,842.0640258789062,-75.6590805053711,-22.550447463989254,145.77554321289062,-151.54344177246094,-60.33034133911133,1006.831298828125,-113.58672332763672,-52.05826568603516,505.4832458496094,-200.2131805419922,-181.8631896972656,880.3862915039062
145.80545043945312,27.770570755004883,229.5941467285156,150.55364990234375,-80.85676574707031,992.4264526367188,157.54286193847656,-198.61981201171875,517.4769897460938,262.2244873046875,-27.01749992370605,842.603759765625,-75.73835754394531,-13.032610893249512,145.82833862304688,-151.73175048828125,-58.30269241333008,1006.7630004882812,-113.74870300292967,-44.67626953125,505.6490173339844,-198.90354919433597,-187.5380096435547,883.2323608398438
146.22438049316406,10.768960952758787,222.4476318359375,150.226318359375,-80.38433837890625,993.4022216796876,155.72682189941406,-203.14651489257807,520.4002685546875,263.2027282714844,-21.49532127380371,843.0806884765625,-75.81199645996094,-3.498882293701172,145.88526916503906,-151.847412109375,-56.327369689941406,1006.5892944335938,-113.89057159423828,-37.251930236816406,505.8138732910156,-197.4711761474609,-193.03533935546875,885.9725952148438
146.6848907470703,-6.810290813446045,215.0387420654297,149.96218872070312,-79.90656280517578,994.1641235351562,153.8486785888672,-206.99200439453125,522.9287719726562,264.0762023925781,-16.198556900024414,843.4723510742188,-75.88121032714844,6.049905776977539,145.94557189941406,-151.8921356201172,-54.418270111083984,1006.3084716796876,-114.01473999023438,-29.814022064208984,505.9682922363281,-195.9229431152344,-198.3472137451172,888.591064453125
147.1753692626953,-24.96072006225586,207.5178375244141,149.76255798339844,-79.42500305175781,994.6980590820312,151.9392852783203,-210.16116333007807,525.0322265625,264.84014892578125,-11.13467788696289,843.7584228515625,-75.94770812988281,15.611353874206545,146.00880432128906,-151.86903381347656,-52.58707809448242,1005.919189453125,-114.12326049804688,-22.39623069763184,506.1039123535156,-194.2666015625,-203.46615600585935,891.0719604492188
147.6783447265625,-43.65279769897461,200.0380096435547,149.62791442871094,-78.94314575195312,994.9937744140624,150.03126525878906,-212.66966247558597,526.6885986328125,265.49139404296875,-6.310312747955322,843.920654296875,-76.0135726928711,25.181602478027344,146.0746612548828,-151.7823028564453,-50.84369659423828,1005.4204711914062,-114.21868133544922,-15.033794403076172,506.2140197753906,-192.51084899902344,-208.3851623535156,893.3998413085938
148.17083740234375,-62.82921600341797,192.7496795654297,149.55783081054688,-78.46641540527344,995.0451049804688,148.1571807861328,-214.5450897216797,527.88525390625,266.0287170410156,-1.7314115762710571,843.9434814453125,-76.08103942871094,34.7555046081543,146.142822265625,-151.63697814941406,-49.19663238525391,1004.8120727539062,-114.30475616455078,-7.760738372802734,506.2935485839844,-190.66514587402344,-213.0975341796875,895.5595703125
148.62545776367188,-82.4020004272461,185.7947540283203,149.5511932373047,-78.00218200683594,994.849853515625,146.3478546142578,-215.82769775390625,528.6193237304688,266.4527282714844,2.5965704917907715,843.8140869140625,-76.15214538574219,44.326759338378906,146.21261596679688,-151.4386444091797,-47.65336227416992,1004.0946655273438,-114.38672637939452,-0.6080913543701172,506.3390502929688,-188.7396240234375,-217.59678649902344,897.536865234375
149.0116424560547,-102.25189971923828,179.30056762695312,149.606201171875,-77.55964660644531,994.4100952148438,144.6305389404297,-216.57032775878903,528.8990478515625,266.765869140625,6.668473243713379,843.5230102539062,-76.22846984863281,53.88786315917969,146.2830047607422,-151.19314575195312,-46.22065353393555,1003.2697143554688,-114.47115325927734,6.3969011306762695,506.3482666015625,-186.74501037597656,-221.87657165527344,899.3181762695312
149.29689025878906,-122.22940063476562,173.37437438964844,149.7205047607422,-77.14971160888672,993.7322387695312,143.02761840820312,-216.83724975585935,528.74365234375,266.9723205566406,10.479241371154783,843.063720703125,-76.31104278564453,63.43025970458984,146.3526611328125,-150.9062042236328,-44.904972076416016,1002.3400268554688,-114.56523895263672,13.23066234588623,506.3195190429688,-184.6924743652344,-225.93051147460935,900.8910522460938
149.44781494140625,-142.15689086914062,168.09823608398438,149.89120483398438,-76.784912109375,992.826904296875,141.55535888671875,-216.70220947265625,528.1834716796875,267.0780334472656,14.023764610290527,842.4334106445312,-76.40047454833984,72.94474029541016,146.42063903808594,-150.58306884765625,-43.71286392211914,1001.309326171875,-114.67565155029295,19.872528076171875,506.25140380859375,-182.59356689453125,-229.75216674804688,902.244384765625
149.43125915527344,-161.8321533203125,163.52474975585938,150.1150665283203,-76.47923278808594,991.708984375,140.2234344482422,-216.24545288085935,527.2589111328125,267.090576171875,17.29677391052246,841.6325073242188,-76.4969253540039,82.421875,146.4868621826172,-150.2282257080078,-42.65130615234375,1000.182861328125,-114.8071517944336,26.30376434326172,506.1421203613281,-180.46014404296875,-233.3348693847656,903.3687133789062
149.2156982421875,-181.0340576171875,159.67393493652344,150.38844299316406,-76.24797058105469,990.3975830078124,139.0345458984375,-215.55010986328125,526.01904296875,267.0189514160156,20.292768478393555,840.664794921875,-76.60005187988281,91.8521957397461,146.55288696289062,-149.84535217285156,-41.72779846191406,998.9669189453124,-114.96109771728516,32.50674057006836,505.98974609375,-178.3042449951172,-236.671630859375,904.256103515625
148.77293395996094,-199.5302276611328,156.53216552734375,150.7074737548828,-76.1075439453125,988.9155883789062,137.98468017578125,-214.6981658935547,524.518798828125,266.8734436035156,23.0059814453125,839.5376586914062,-76.70893096923828,101.2262725830078,146.6226348876953,-149.43753051757812,-40.9501953125,997.6692504882812,-115.1343231201172,38.46443176269531,505.7924499511719,-176.1379852294922,-239.755126953125,904.9006958007812
148.080078125,-217.08604431152344,154.0536346435547,151.068115234375,-76.07522583007812,987.2894897460938,137.06353759765625,-213.7664031982422,522.8164672851562,266.66552734375,25.43037223815918,838.2613525390625,-76.82208251953125,110.5348129272461,146.70309448242188,-149.0074920654297,-40.32642364501953,996.2991943359376,-115.31827545166016,44.16021347045898,505.5491333007813,-173.97352600097656,-242.5775604248047,905.2988891601562
147.12155151367188,-233.47463989257807,152.164306640625,151.46615600585938,-76.16880798339844,985.548828125,136.25527954101562,-212.8227386474609,520.9697875976562,266.4075622558594,27.559642791748047,836.849365234375,-76.93758392333984,119.76864624023438,146.8046417236328,-148.55784606933594,-39.864234924316406,994.8674926757812,-115.49881744384766,49.577938079833984,505.2602844238281,-171.82293701171875,-245.130615234375,905.4491577148438
145.89097595214844,-248.48709106445312,150.7682647705078,151.89739990234375,-76.40618133544922,983.725830078125,135.53944396972656,-211.9233856201172,519.0332641601562,266.112548828125,29.387266159057617,835.31787109375,-77.05327606201172,128.91864013671875,146.9408416748047,-148.0911102294922,-39.57106399536133,993.3864135742188,-115.656494140625,54.70202255249024,504.9288940429688,-169.69808959960938,-247.4055328369141,905.3526000976562
144.39266967773438,-261.94189453125,149.75628662109375,152.35765075683594,-76.80485534667969,981.8546142578124,134.8922119140625,-211.11094665527344,517.054931640625,265.7939758300781,30.90654182434082,833.6853637695312,-77.16705322265625,137.9754638671875,147.1277313232422,-147.6097412109375,-39.45393371582031,991.8699340820312,-115.7674331665039,59.51734924316406,504.5611877441406,-167.61062622070312,-249.3930206298828,905.0126342773438
142.64279174804688,-273.69305419921875,149.01541137695312,152.8428497314453,-77.38134765625,979.9705810546876,134.28799438476562,-210.413818359375,515.074951171875,265.4654541015625,32.11065673828125,831.9724731445312,-77.27713775634766,146.9293975830078,147.3828887939453,-147.11607360839844,-39.51939392089844,990.3331909179688,-115.80479431152344,64.00879669189453,504.16705322265625,-165.57183837890625,-251.08349609375,904.4354248046876
140.66954040527344,-283.63671875,148.43862915039062,153.3491668701172,-78.15059661865234,978.109619140625,133.70144653320312,-209.84652709960935,513.1246337890625,265.1405334472656,32.99272918701172,830.2014770507812,-77.38239288330078,155.77024841308594,147.7245330810547,-146.61207580566406,-39.773399353027344,988.7925415039062,-115.74059295654295,68.16032409667969,503.7596130371094,-163.59259033203125,-252.46702575683597,903.629638671875
138.5124969482422,-291.7153625488281,147.93333435058594,153.873046875,-79.12535095214844,976.3073120117188,133.1096954345703,-209.4112701416016,511.22650146484375,264.8323974609375,33.54584503173828,828.395751953125,-77.48263549804688,164.4872283935547,148.17079162597656,-146.09938049316406,-40.22109603881836,987.2649536132812,-115.54791259765624,71.95368194580078,503.3544006347656,-161.68319702148438,-253.53369140625,902.6064453125
136.2208251953125,-297.91925048828125,147.42701721191406,154.4113311767578,-80.3155288696289,974.5982666015624,132.4945068359375,-209.1004638671875,509.3960876464844,264.5537109375,33.763084411621094,826.5794677734375,-77.57901000976562,173.0686492919922,148.73928833007812,-145.57901000976562,-40.86649703979492,985.76806640625,-115.20323181152344,75.36670684814453,502.9677734375,-159.85342407226562,-254.27371215820312,901.3795166015624
133.8507537841797,-302.2847900390625,146.8699493408203,154.96131896972656,-81.72749328613281,973.0150756835938,131.8441619873047,-208.90000915527344,507.6434326171875,264.3162841796875,33.63750076293945,824.7769165039062,-77.67427062988281,181.50094604492188,149.4471893310547,-145.05137634277344,-41.71202850341797,984.319091796875,-114.68878936767578,78.37142181396484,502.6148376464844,-158.11239624023438,-254.6776580810547,899.9646606445312
131.46295166015625,-304.8914794921875,146.2351837158203,155.52093505859375,-83.36322021484375,971.588134765625,131.15480041503906,-208.7931365966797,505.97601318359375,264.1310119628906,33.16218948364258,823.01220703125,-77.77299499511719,189.7673797607422,150.31146240234375,-144.51611328125,-42.75794982910156,982.9348754882812,-113.99475860595705,80.93224334716797,502.30712890625,-156.46859741210938,-254.7367706298828,898.3796997070312
129.12046813964844,-305.85711669921875,145.51626586914062,156.0888214111328,-85.2195053100586,970.344482421875,130.4312744140625,-208.7640380859375,504.4012451171875,264.0074768066406,32.33028793334961,821.30859375,-77.88169860839844,197.8460998535156,151.3493194580078,-143.97216796875,-44.001651763916016,981.6309204101562,-113.12127685546876,83.00471496582031,502.0506286621094,-154.92987060546875,-254.44322204589844,896.644287109375
126.88631439208984,-305.33123779296875,144.72300720214844,156.66436767578125,-87.28729248046875,969.3078002929688,129.68728637695312,-208.8009796142578,502.92919921875,263.9540710449219,31.13506507873535,819.6882934570312,-78.0086898803711,205.70816040039065,152.57891845703125,-143.4178009033203,-45.43693923950195,980.4209594726562,-112.08010864257812,84.53507995605469,501.8438720703125,-153.5033721923828,-253.79031372070312,894.7793579101562
124.82074737548828,-303.4867248535156,143.8755645751953,157.247802734375,-89.55122375488281,968.49755859375,128.94505310058594,-208.89825439453125,501.57427978515625,263.9776306152344,29.57000541687012,818.1720581054688,-78.163818359375,213.3154754638672,154.0201416015625,-142.8507843017578,-47.053340911865234,979.31689453125,-110.89582061767578,85.46112060546875,501.6772155761719,-152.19561767578125,-252.7728729248047,892.8067626953125
122.97797393798828,-300.50927734375,142.99771118164062,157.84007263183594,-91.9894561767578,967.9288940429688,128.23440551757812,-209.0565948486328,500.3562927246094,264.0835876464844,27.628950119018555,816.7788696289062,-78.35791015625,220.6192779541016,155.69546508789062,-142.26858520507812,-48.835567474365234,978.3277587890624,-109.60612487792967,85.71440887451172,501.5327453613281,-151.01255798339844,-251.38739013671875,890.7491455078125
121.40232849121094,-296.5857849121094,142.11122131347656,158.44276428222656,-94.57389068603516,967.6121215820312,127.5915298461914,-209.28211975097656,499.299560546875,264.2756652832031,25.30624771118164,815.5256958007812,-78.60174560546875,227.5591735839844,157.63031005859375,-141.6686553955078,-50.76317596435547,977.4600830078124,-108.26087951660156,85.22439575195312,501.3854064941406,-149.95945739746094,-249.6324157714844,888.62939453125
120.12464904785156,-291.8923645019531,141.23291015625,159.05789184570312,-97.2707061767578,967.5525512695312,127.05709075927734,-209.58331298828125,498.4307861328125,264.5561828613281,22.596961975097656,814.4273071289062,-78.90453338623047,234.0629730224609,159.85263061523438,-141.0486602783203,-52.81057357788086,976.7172241210938,-106.91950225830078,83.92390441894531,501.2049560546875,-149.04110717773438,-247.50868225097656,886.4700317382812
119.15943145751952,-286.5841064453125,140.37521362304688,159.68772888183594,-100.04137420654295,967.75,126.673828125,-209.96665954589844,497.7752685546875,264.92578125,19.497095108032227,813.4964599609375,-79.27236938476562,240.0476531982422,162.39175415039062,-140.4067840576172,-54.94730758666992,976.0997314453124,-105.64730834960938,81.75521087646484,500.9582214355469,-148.26168823242188,-245.01937866210935,884.2932739257812
118.50316619873048,-280.7882080078125,139.54757690429688,160.3345184326172,-102.84393310546876,968.1989135742188,126.48348999023438,-210.43112182617188,497.3520812988281,265.3836669921875,16.003843307495117,812.743408203125,-79.70747375488281,245.42135620117188,165.2769317626953,-139.7419891357422,-57.1387939453125,975.6051025390624,-104.51123046875,78.67572784423828,500.61181640625,-147.6249542236328,-242.1703338623047,882.1203002929688
118.1345443725586,-274.6012878417969,138.75762939453125,161.00035095214844,-105.63457489013672,968.88818359375,126.52302551269533,-210.96224975585935,497.1690979003906,265.9276428222656,12.115870475769045,812.1763916015625,-80.20822143554688,250.0864105224609,168.5360565185547,-139.05421447753906,-59.34730911254883,975.2283325195312,-103.5749740600586,74.66252136230469,500.1351013183594,-147.1341094970703,-238.9700469970703,879.970947265625
118.01695251464844,-268.09112548828125,138.0116729736328,161.68679809570312,-108.36937713623048,969.8014526367188,126.82044982910156,-211.52679443359372,497.2188720703125,266.5542297363281,7.833609104156494,811.8012084960938,-80.76947784423828,253.9434509277344,172.1937255859375,-138.34449768066406,-61.53328704833984,974.9622192382812,-102.89404296875,69.71517181396484,499.5029602050781,-146.7919921875,-235.42984008789065,877.8634643554688
118.10279846191406,-261.3013000488281,137.3147430419922,162.39486694335938,-111.0060577392578,970.9171752929688,127.39077758789062,-212.06930541992188,497.4762878417969,267.2586975097656,3.1595425605773926,811.6217041015625,-81.38292694091797,256.89605712890625,176.2689971923828,-137.61508178710938,-63.65676498413086,974.7979736328124,-102.51107788085938,63.85674285888672,498.6986389160156,-146.60098266601562,-231.5637664794922,875.8143310546875
118.33895111083984,-254.2567138671875,136.67041015625,163.1247100830078,-113.50568389892578,972.20947265625,128.23304748535156,-212.51150512695312,497.8988037109375,268.035400390625,-1.9015333652496336,811.6398315429688,-82.03738403320312,258.8557434082031,180.7728271484375,-136.8694610595703,-65.6789321899414,974.72607421875,-102.45236206054688,57.13261413574219,497.7163391113281,-146.56304931640625,-227.38851928710935,873.8377685546875
118.67193603515624,-246.9695587158203,136.08059692382812,163.87567138671875,-115.83401489257812,973.6489868164062,129.32891845703125,-212.75538635253903,498.4296875,268.87762451171875,-7.342281341552734,811.855712890625,-82.71942901611328,259.74688720703125,185.7053375244141,-136.1122283935547,-67.56373596191406,974.737060546875,-102.7259521484375,49.607643127441406,496.5633544921875,-146.67977905273438,-222.9232482910156,871.94580078125
119.05233001708984,-239.44439697265625,135.54544067382812,164.6461181640625,-117.96248626708984,975.2036743164062,130.6433868408203,-212.69009399414065,499.0033874511719,269.7779541015625,-13.152650833129885,812.2682495117188,-83.41415405273438,259.51123046875,191.052978515625,-135.34881591796875,-69.27943420410156,974.822509765625,-103.32130432128906,41.362083435058594,495.26177978515625,-146.95240783691406,-218.1892547607422,870.1481323242188
119.43780517578124,-231.6827392578125,135.06349182128906,165.43356323242188,-119.8685073852539,976.840576171875,132.12741088867188,-212.20150756835935,499.5527038574219,270.7281799316406,-19.31978416442871,812.8751220703125,-84.10619354248047,258.1117248535156,196.78602600097656,-134.58509826660156,-70.800048828125,974.9758911132812,-104.21053314208984,32.4868049621582,493.8498229980469,-147.38165283203125,-213.2096405029297,868.4522705078125
119.79505920410156,-223.6865692138672,134.6319122314453,166.23475646972656,-121.53534698486328,978.527099609375,133.722412109375,-211.18307495117188,500.0162963867188,271.71942138671875,-25.828004837036133,813.6734008789062,-84.78077697753906,255.53567504882807,202.8567657470703,-133.8267364501953,-72.10658264160156,975.193115234375,-105.3514404296875,23.078105926513672,492.3820495605469,-147.9678192138672,-208.00885009765625,866.8635864257812
120.1007308959961,-215.46090698242188,134.2469024658203,167.0460205078125,-122.95162200927734,980.2322998046876,135.36614990234375,-209.5465087890625,500.3450927734375,272.74224853515625,-32.658912658691406,814.6597290039062,-85.42498016357422,251.79635620117188,209.19903564453125,-133.07872009277344,-73.18793487548828,975.4730224609376,-106.69186401367188,13.232568740844728,490.9280395507813,-148.71054077148438,-202.6121826171875,865.3858032226562
120.34142303466795,-207.01559448242188,133.90390014648438,167.8634033203125,-124.11067199707033,981.9283447265624,136.99925231933594,-207.23036193847656,500.5069885253906,273.7867736816406,-39.79156494140625,815.8307495117188,-86.0289306640625,246.9329071044922,215.72955322265625,-132.34494018554688,-74.0412826538086,975.8175048828124,-108.17478942871094,3.042501926422119,489.5690612792969,-149.60874938964844,-197.04537963867188,864.0208129882812
120.5129623413086,-198.36605834960935,133.59793090820312,168.68295288085938,-125.0098648071289,983.5910034179688,138.57135009765625,-204.2058868408203,500.4890747070313,274.842529296875,-47.20271682739258,817.1832885742188,-86.58712768554688,241.0074615478516,222.3508758544922,-131.62818908691406,-74.67182922363281,976.2312622070312,-109.7432632446289,-7.407634735107422,488.3925476074219,-150.66043090820312,-191.3341064453125,862.7693481445312
120.61868286132812,-189.53309631347656,133.32388305664062,169.50094604492188,-125.64995574951172,985.2003784179688,140.04579162597656,-200.47886657714844,500.2971496582031,275.8987121582031,-54.867095947265625,818.7144775390625,-87.09956359863281,234.0995178222656,228.9550323486328,-130.93019104003906,-75.09194946289062,976.7216796875,-111.34440612792967,-18.043380737304688,487.48541259765625,-151.8624267578125,-185.50369262695312,861.63134765625
120.66731262207033,-180.54129028320312,133.0769805908203,170.31405639648438,-126.03447723388672,986.74072265625,141.4019012451172,-196.0874938964844,499.9532165527344,276.9442138671875,-62.7576904296875,820.4220581054688,-87.5725326538086,226.29833984375,235.4265899658203,-130.2518768310547,-75.3199462890625,977.297607421875,-112.93179321289062,-28.80068016052246,486.9267883300781,-153.21023559570312,-179.5787353515625,860.6057739257812
120.67072296142578,-171.41702270507812,132.8531036376953,171.11944580078125,-126.16936492919922,988.2001342773438,142.63430786132812,-191.0967559814453,499.4907836914063,277.967529296875,-70.84600830078125,822.3040771484375,-88.01876068115234,217.6944122314453,241.64476013183597,-129.59365844726562,-75.37844848632812,977.9684448242188,-114.46625518798828,-39.62465286254883,486.7815551757813,-154.69773864746094,-173.5828857421875,859.691162109375
120.64189910888672,-162.1861572265625,132.6490936279297,171.91481018066406,-126.0625457763672,989.5699462890624,143.74957275390625,-185.5899658203125,498.9494323730469,278.9570617675781,-79.10237884521484,824.3588256835938,-88.4566650390625,208.37173461914065,247.48480224609372,-128.955810546875,-75.29277801513672,978.7431640625,-115.91603088378906,-50.46746826171875,487.0952453613281,-156.31703186035156,-167.5387420654297,858.8854370117188
120.59318542480467,-152.87213134765625,132.462890625,172.6982421875,-125.72362518310548,990.8440551757812,144.7608642578125,-179.65921020507812,498.3692626953125,279.9010314941406,-87.49630737304688,826.5849609375,-88.90873718261719,198.4024810791016,252.82000732421875,-128.33871459960938,-75.08938598632812,979.6289672851562,-117.2566375732422,-61.2857780456543,487.8912048339844,-158.0582275390625,-161.46763610839844,858.18603515625
120.53502655029295,-143.4949951171875,132.29356384277344,173.46807861328125,-125.16361236572266,992.018310546875,145.6818084716797,-173.39593505859375,497.78619384765625,280.7876281738281,-95.996826171875,828.9805297851562,-89.39923095703125,187.84494018554688,257.52545166015625,-127.74308776855467,-74.79434204101562,980.6301879882812,-118.47037506103516,-72.0377197265625,489.16986083984375,-159.9092559814453,-155.3897705078125,857.5897827148438
120.47520446777344,-134.07119750976562,132.14120483398438,174.22274780273438,-124.39466857910156,993.089599609375,146.52072143554688,-166.88279724121094,497.2286682128906,281.6050720214844,-104.57289123535156,831.543212890625,-89.95167541503906,176.7443084716797,261.4838256835937,-127.17015838623048,-74.43213653564453,981.7474975585938,-119.54512786865234,-82.67985534667969,490.9104309082031,-161.85592651367188,-149.3241729736328,857.092529296875
120.41853332519533,-124.61365509033205,132.00674438476562,174.96051025390625,-123.42986297607422,994.0556030273438,147.2771453857422,-160.1876220703125,496.7160034179688,282.3417358398437,-113.1937255859375,834.26953125,-90.58663177490234,165.1353302001953,264.5924072265625,-126.62171936035156,-74.02471923828125,982.9771728515624,-120.4726104736328,-93.16509246826172,493.0739440917969,-163.8817901611328,-143.28871154785156,856.6893310546875
120.36709594726562,-115.13207244873048,131.8916015625,175.67933654785156,-122.2830047607422,994.9139404296876,147.94143676757812,-153.35984802246094,496.2582702636719,282.9862060546875,-121.8291473388672,837.1546630859375,-91.3201141357422,153.04515075683594,266.769287109375,-126.10015106201172,-73.59086608886719,984.3109130859376,-121.2463150024414,-103.44206237792967,495.6076354980469,-165.9683837890625,-137.30026245117188,856.3737182617188
120.32064056396484,-105.63351440429688,131.7972869873047,176.3768768310547,-120.96841430664062,995.6622924804688,148.49790954589844,-146.42938232421875,495.85748291015625,283.52752685546875,-130.4497528076172,840.1918334960938,-92.16300964355467,140.49563598632812,267.9582214355469,-125.60832977294922,-73.14590454101562,985.7356567382812,-121.85968017578124,-113.4560317993164,498.4501037597656,-168.09548950195312,-131.3747100830078,856.1380615234375
120.27719116210938,-96.12301635742188,131.7250518798828,177.05043029785156,-119.50090789794922,996.2978515625,148.9304962158203,-139.40802001953125,495.5094909667969,283.95513916015625,-139.0271453857422,843.372314453125,-93.12065887451172,127.5049819946289,268.13104248046875,-125.14944458007812,-72.70176696777344,987.2342529296876,-122.3047332763672,-123.15098571777344,501.5361633300781,-170.2414093017578,-125.5270767211914,855.9732666015625
120.2336654663086,-86.60406494140625,131.6756134033203,177.697021484375,-117.89575958251952,996.8178100585938,149.2288055419922,-132.29302978515625,495.2062072753906,284.2591857910156,-147.5340576171875,846.6849365234375,-94.19243621826172,114.08904266357422,267.287841796875,-124.72686004638672,-72.26715850830078,988.7857666015624,-122.57119750976562,-132.47158813476562,504.8009643554688,-172.38356018066406,-119.77165985107422,855.8685913085938
120.18648529052734,-77.07905578613281,131.64907836914062,178.31344604492188,-116.16869354248048,997.2192993164062,149.39218139648438,-125.07262420654295,494.937744140625,284.4306335449219,-155.94447326660156,850.1162109375,-95.3714370727539,100.2621078491211,265.455078125,-124.34384155273438,-71.8480224609375,990.3662719726562,-122.64651489257812,-141.364501953125,508.18310546875,-174.49891662597656,-114.12215423583984,855.8121948242188
120.13213348388672,-67.54969787597656,131.64512634277344,178.89634704589844,-114.33577728271484,997.4998779296876,149.4305419921875,-117.73255920410156,494.694091796875,284.4614562988281,-164.2337188720703,853.6502685546875,-96.64464569091795,86.03705596923828,262.68243408203125,-124.00335693359376,-71.44796752929688,991.9500122070312,-122.51719665527344,-149.77908325195312,511.62591552734375,-176.56466674804688,-108.59175872802734,855.7908325195312
120.06730651855467,-58.01743316650391,131.66302490234375,179.4422607421875,-112.4132308959961,997.6577758789062,149.3620147705078,-110.26197052001952,494.4662780761719,284.3447570800781,-172.37844848632812,857.2688598632812,-97.99353790283205,71.42465209960938,259.0385437011719,-123.70784759521484,-71.0687255859375,993.5098266601562,-122.1715316772461,-157.6680450439453,515.0771484375,-178.55874633789062,-103.19332885742188,855.7901611328125
119.989013671875,-48.48377990722656,131.70176696777344,179.94775390625,-110.41722106933594,997.6919555664062,149.20883178710938,-102.65775299072266,494.2467346191406,284.0750427246094,-180.35675048828125,860.9515991210938,-99.39493560791016,56.43252944946289,254.60708618164065,-123.45906829833984,-70.71058654785156,995.0183715820312,-121.60302734375,-164.9884033203125,518.4871826171875,-180.46051025390625,-97.9394073486328,855.795166015625
119.89451599121094,-38.95063018798828,131.7599639892578,180.4095001220703,-108.3638916015625,997.6025390625,148.99314880371094,-94.92683410644533,494.0294189453125,283.6483154296875,-188.1480712890625,864.6760864257812,-100.82221221923828,41.063995361328125,249.48294067382807,-123.25796508789062,-70.3727035522461,996.4485473632812,-120.81330871582033,-171.70236206054688,521.8065185546875,-182.2512664794922,-92.84231567382812,855.7903442382812
119.78130340576172,-29.420373916625977,131.83566284179688,180.82437133789065,-106.2694091796875,997.3905639648438,148.7335205078125,-87.08673858642578,493.8095397949219,283.0621643066406,-195.73318481445312,868.4183349609375,-102.246826171875,25.31740951538086,243.769287109375,-123.10464477539062,-70.05341339111328,997.774169921875,-119.81422424316406,-177.7777862548828,524.9840698242188,-183.9147491455078,-87.91410827636719,855.7598266601562
119.6470947265625,-19.89583969116211,131.92617797851562,181.18963623046875,-104.15008544921876,997.0580444335938,148.44314575195312,-79.16510009765625,493.5830993652344,282.3158874511719,-203.09417724609372,872.1529541015625,-103.63996887207033,9.186537742614746,237.57565307617188,-122.99842834472656,-69.75045776367188,998.9706420898438,-118.62879180908205,-183.1888732910156,527.9656372070312,-185.4375762939453,-83.16659545898438,855.6881713867188
119.48991394042967,-10.380183219909668,132.02796936035156,181.5029754638672,-102.02256774902344,996.6078491210938,148.1296844482422,-71.19840240478516,493.3464660644531,281.4104309082031,-210.21441650390625,875.853515625,-104.97422790527344,-7.33765172958374,231.01683044433597,-122.93800354003906,-69.46121978759766,1000.0153198242188,-117.2909164428711,-187.9172821044922,530.6945190429688,-186.80946350097656,-78.611328125,855.560302734375
119.30828094482422,-0.8767784833908081,132.13668823242188,181.7626800537109,-99.90386199951172,996.0435791015624,147.796630859375,-63.22999572753906,493.0958862304688,280.3484802246094,-217.07846069335935,879.4928588867188,-106.22504425048828,-24.263782501220703,224.21221923828125,-122.92159271240234,-69.18297576904297,1000.8876953125,-115.84394073486328,-191.9531707763672,533.1130981445312,-188.0234375,-74.25951385498047,855.362060546875
119.1014404296875,8.610867500305176,132.24728393554688,181.96766662597656,-97.81133270263672,995.369384765625,147.44529724121094,-55.30733489990234,492.8271789550781,279.1344299316406,-223.6720733642578,883.0435791015625,-107.37167358398438,-41.59563064575195,217.28530883789065,-122.94720458984376,-68.9131088256836,1001.5703125,-114.3381118774414,-195.29649353027344,535.1656494140625,-189.07591247558597,-70.12198638916016,855.0803833007812
118.86968231201172,18.07918930053711,132.35427856445312,182.1176300048828,-95.7625503540039,994.5899658203124,147.07701110839844,-47.478965759277344,492.5357360839844,277.7740783691406,-229.98211669921875,886.4781494140625,-108.39742279052734,-59.32722091674805,210.3622283935547,-123.01284790039062,-68.64946746826172,1002.0486450195312,-112.82749938964844,-197.9579162597656,536.8020629882812,-189.9665985107422,-66.20913696289062,854.7036743164062
118.61454010009766,27.524688720703125,132.45213317871094,182.2130279541016,-93.77517700195312,993.7102661132812,146.69483947753906,-39.791725158691406,492.2167053222656,276.2747802734375,-235.99652099609372,889.7693481445312,-109.2902603149414,-77.43885040283203,203.5692901611328,-123.11666870117188,-68.39063262939453,1002.3117065429688,-111.36672973632812,-199.95947265625,537.9817504882812,-190.6983642578125,-62.53083419799805,854.2219848632812
118.33895111083984,36.94408798217773,132.53564453125,182.25518798828125,-91.8667449951172,992.73583984375,146.30458068847656,-32.28840637207031,491.8653259277344,274.6450500488281,-241.70431518554688,892.8905639648438,-110.0437469482422,-95.89424896240234,197.0295867919922,-123.25698852539062,-68.13626098632812,1002.3524780273438,-110.00782775878906,-201.33497619628903,538.6768798828125,-191.27696228027344,-59.09637451171875,853.6272583007812
118.04736328125,46.334449768066406,132.60061645507812,182.2462158203125,-90.05445098876953,991.67236328125,145.91490173339844,-25.00632667541504,491.4773864746094,272.89459228515625,-247.09548950195312,895.816162109375,-110.65760040283205,-114.63785552978516,190.8594512939453,-123.43241119384766,-67.88737487792969,1002.1680297851562,-108.79735565185548,-202.12998962402344,538.8749389648438,-191.7108154296875,-55.91440582275391,852.9135131835938
117.74577331542967,55.693119049072266,132.64442443847656,182.18885803222656,-88.35491943359375,990.5262451171876,145.5369110107422,-17.976613998413086,491.0493774414063,271.0339660644531,-252.1609649658203,898.5215454101562,-111.13701629638672,-133.59165954589844,185.1651153564453,-123.64173126220705,-67.64663696289062,1001.760009765625,-107.77386474609376,-202.4011993408203,538.5809936523438,-192.01052856445312,-52.99287033081055,852.0770874023438
117.44147491455078,65.01749420166016,132.6665496826172,182.0862274169922,-86.78387451171875,989.3041381835938,145.1830291748047,-11.224127769470217,490.5787658691406,269.0745544433594,-256.8924865722656,900.9835815429688,-111.49089813232422,-152.6522216796875,180.03903198242188,-123.88399505615234,-67.41862487792969,1001.1347045898438,-106.9655303955078,-202.21517944335935,537.8180541992188,-192.1886444091797,-50.33897399902344,851.11669921875
117.14264678955078,74.30455017089844,132.6691436767578,181.9414978027344,-85.35591888427734,988.0133056640624,144.86550903320312,-4.7679443359375,490.0643615722656,267.0282592773437,-261.2826232910156,903.1808471679688,-111.72994232177734,-171.68914794921875,175.5558319091797,-124.1584014892578,-67.20999908447266,1000.3031616210938,-106.38829803466795,-201.6464080810547,536.6266479492188,-192.25917053222656,-47.95914840698242,850.033447265625
116.85796356201172,83.55014038085938,132.6574249267578,181.7576904296875,-84.08429718017578,986.6616821289062,144.59494018554688,1.3777154684066772,489.50628662109375,264.9074401855469,-265.3244934082031,905.0938720703124,-111.86495208740234,-190.5454559326172,171.7681121826172,-124.46434783935548,-67.02967834472656,999.2811279296876,-106.0445556640625,-200.7749938964844,535.0623779296875,-192.2372589111328,-45.85905075073242,848.8310546875
116.59625244140624,92.7482452392578,132.6400909423828,181.5373077392578,-82.9807357788086,985.257568359375,144.37890625,7.20224142074585,488.9061279296875,262.7247619628906,-269.01190185546875,906.7052612304688,-111.90533447265624,-209.04055786132807,168.7024688720703,-124.8014144897461,-66.88898468017578,998.0887451171876,-105.92274475097656,-199.68394470214844,533.1920776367188,-192.1388092041016,-44.0435676574707,847.5157470703125
116.3659210205078,101.89065551757812,132.62966918945312,181.28219604492188,-82.055419921875,983.8099365234376,144.22076416015625,12.697229385375977,488.2668762207031,260.4930725097656,-272.3390197753906,908.0,-111.85765838623048,-226.97511291503903,166.3561248779297,-125.16940307617188,-66.80180358886719,996.7500610351562,-105.99817657470705,-198.4569091796875,531.0892944335938,-191.9801483154297,-42.51683044433594,846.0964965820312
116.17418670654295,110.96707153320312,132.64230346679688,180.993408203125,-81.31707000732422,982.3284912109376,144.11883544921875,17.855119705200195,487.5930480957031,258.2252197265625,-275.3004455566406,908.9656372070312,-111.724365234375,-244.13702392578125,164.69491577148438,-125.56832122802734,-66.78462219238281,995.292724609375,-106.23504638671876,-197.1762542724609,528.829345703125,-191.77772521972656,-41.28227233886719,844.5845336914062
116.02622985839844,119.96537017822266,132.6973876953125,180.67123413085935,-80.77308654785156,980.8231811523438,144.0657196044922,22.66810417175293,486.8905944824219,255.9341735839844,-277.89111328125,909.59228515625,-111.50265502929688,-260.30865478515625,163.6532745361328,-125.99839782714844,-66.85649108886719,993.746826171875,-106.58950805664062,-195.9218597412109,526.4854736328125,-191.5478363037109,-40.34264373779297,842.9934692382812
115.92453002929688,128.87196350097656,132.81703186035156,180.3152008056641,-80.42974853515625,979.3046875,144.04818725585938,27.127410888671875,486.1671447753906,253.63278198242188,-280.106201171875,909.8732299804688,-111.184326171875,-275.2757568359375,163.1368865966797,-126.45997619628906,-67.03858947753906,992.1444091796876,-107.0133819580078,-194.7700653076172,524.1261596679688,-191.30630493164065,-39.70008087158203,841.3392944335938
115.86848449707033,137.67234802246094,133.02529907226562,179.92420959472656,-80.29240417480469,977.7839965820312,144.04742431640625,31.22298622131348,485.4318542480469,251.3338623046875,-281.9412536621094,909.804443359375,-110.75686645507812,-288.8380432128906,163.0282745361328,-126.95342254638672,-67.35359954833984,990.518310546875,-107.45800018310548,-193.79214477539065,521.8135986328125,-191.06832885742188,-39.35612487792969,839.6396484375
115.85425567626952,146.3515625,133.34727478027344,179.49659729003906,-80.3656005859375,976.2725830078124,144.0400848388672,34.94343566894531,484.6952819824219,249.0501251220703,-283.3920593261719,909.3853759765624,-110.2061004638672,-300.8210144042969,163.19483947753906,-127.4790496826172,-67.82475280761719,988.9013061523438,-107.87763214111328,-193.05213928222656,519.6021728515625,-190.8481903076172,-39.311790466308594,837.9140625
115.87488555908205,154.8947296142578,133.8079376220703,179.0303955078125,-80.65303039550781,974.7822875976562,143.99990844726562,38.27601623535156,483.9689025878906,246.79417419433597,-284.4546813964844,908.618408203125,-109.51912689208984,-311.0868530273437,163.49923706054688,-128.0370635986328,-68.47478485107422,987.3252563476562,-108.23213958740234,-192.60366821289065,517.5368041992188,-190.65911865234372,-39.56757354736328,836.1831665039062
115.92082214355467,163.28724670410156,134.43157958984375,178.52349853515625,-81.15745544433594,973.3251953125,143.89987182617188,41.20652389526367,483.2641906738281,244.5785369873047,-285.1255798339844,907.5093383789062,-108.68667602539062,-319.5434875488281,163.81080627441406,-128.62753295898438,-69.32472229003906,985.8204345703124,-108.48884582519533,-192.48614501953125,515.6516723632812,-190.5130615234375,-40.12348556518555,834.4686279296875
115.98084259033205,171.5146484375,135.24124145507812,177.9738006591797,-81.88050842285156,971.9133911132812,143.71485900878906,43.71897506713867,482.5914916992188,242.4156646728516,-285.4015197753906,906.0673828125,-107.70498657226562,-326.1507873535156,164.01702880859375,-129.25050354003906,-70.39261627197266,984.4146728515624,-108.62369537353516,-192.72142028808597,513.9688110351562,-190.4205322265625,-40.97905349731445,832.79248046875
116.0432586669922,179.56201171875,136.25857543945312,177.37911987304688,-82.82254791259766,970.5589599609376,143.42437744140625,45.7949333190918,481.95849609375,240.3178558349609,-285.2797546386719,904.3048706054688,-106.5775375366211,-330.9244079589844,164.0336151123047,-129.9059295654297,-71.69226837158203,983.1332397460938,-108.62210083007812,-193.31195068359372,512.498779296875,-190.3905029296875,-42.13330078125,831.1768188476562
116.09727478027344,187.4129943847656,137.5037078857422,176.73721313476562,-83.98238372802734,969.273681640625,143.01512145996094,47.4126091003418,481.3692932128906,238.29730224609372,-284.758056640625,902.2373657226562,-105.31597900390624,-333.9359436035156,163.81082153320312,-130.5938262939453,-73.23213958740234,981.998291015625,-108.4795150756836,-194.2406311035156,511.2416687011719,-190.4302520751953,-43.58473587036133,829.643310546875
116.13446044921876,195.0485076904297,138.9954071044922,176.0457763671875,-85.35692596435547,968.06884765625,142.4833221435547,48.54591369628906,480.8236389160156,236.365966796875,-283.8348693847656,899.8836669921875,-103.93999481201172,-335.30841064453125,163.3345947265625,-131.31422424316406,-75.01429748535156,981.0287475585938,-108.20194244384766,-195.47303771972656,510.1893615722656,-190.54527282714844,-45.331302642822266,828.2127075195312
116.1501007080078,202.4450836181641,140.75115966796875,175.3025665283203,-86.940673828125,966.9552001953124,141.83644104003906,49.16371536254883,480.3165283203125,234.53546142578125,-282.5093078613281,897.2655029296875,-102.47692108154295,-335.2078552246094,162.6225128173828,-132.06710815429688,-77.03377532958984,980.2404174804688,-107.80622863769533,-196.9618377685547,509.3287658691406,-190.7392120361328,-47.37035369873047,826.9046020507812
116.14445495605467,209.57321166992188,142.78738403320312,174.5055389404297,-88.72515869140625,965.9429321289062,141.0943603515625,49.22942733764648,479.8386840820313,232.81689453125,-280.78143310546875,894.4073486328125,-100.96141815185548,-333.83062744140625,161.71566772460938,-132.8523406982422,-79.27818298339844,979.645751953125,-107.32005310058594,-198.6525115966797,508.6448669433594,-191.01388549804688,-49.698577880859375,825.7366943359375
116.12359619140624,216.3957672119141,145.11961364746094,173.65309143066406,-90.69840240478516,965.0411987304688,140.2897186279297,48.70113754272461,479.3770751953125,231.2207489013672,-278.6523132324219,891.336181640625,-99.43499755859376,-331.3879089355469,160.66806030273438,-133.66954040527344,-81.72770690917969,979.25390625,-106.78121948242188,-200.48960876464844,508.1238403320313,-191.3692626953125,-52.31194686889648,824.7252197265625
116.09996032714844,222.8666534423828,147.7625274658203,172.744140625,-92.84441375732422,964.2577514648438,139.4669952392578,47.53240966796875,478.9154052734375,229.75665283203125,-276.12420654296875,888.0811767578125,-97.9448013305664,-328.0887756347656,159.5360870361328,-134.51791381835938,-84.35558319091797,979.07080078125,-106.2362823486328,-202.42193603515625,507.7544555664063,-191.80355834960935,-55.20566940307617,823.8839111328125
116.09246063232422,228.92965698242188,150.72987365722656,171.7785186767578,-95.14279174804688,963.598388671875,138.6803741455078,45.67392349243164,478.4351806640625,228.43321228027344,-273.2007751464844,884.6734619140625,-96.54129791259766,-324.12359619140625,158.37049865722656,-135.39610290527344,-87.1289291381836,979.0989379882812,-105.7382354736328,-204.40579223632807,507.5281677246094,-192.3133850097656,-58.374122619628906,823.2246704101562
116.12611389160156,234.5177764892578,154.03427124023438,170.7572021484375,-97.56852722167967,963.0668334960938,137.99034118652344,43.07583236694336,477.9161987304688,227.2577667236328,-269.8871765136719,881.1456298828125,-95.27455139160156,-319.65087890625,157.2123565673828,-136.30206298828125,-90.00989532470703,979.3372192382812,-105.34344482421876,-206.4054412841797,507.4375305175781,-192.8938446044922,-61.81081008911133,822.7568359375
116.23103332519533,239.5532073974609,157.68701171875,169.68264770507812,-100.09210205078124,962.6641235351562,137.45913696289062,39.69081497192383,477.3375549316406,226.2362365722656,-266.1903076171875,877.5313720703125,-94.18942260742188,-314.7894897460937,156.09144592285156,-137.23301696777344,-92.95714569091795,979.7808837890624,-105.10772705078124,-208.39056396484372,507.4731750488281,-193.53880310058597,-65.5083236694336,822.4874877929688
116.44091796875,243.94786071777344,161.6977081298828,168.55908203125,-102.67987823486328,962.3892211914062,137.1454620361328,35.47765350341797,476.678955078125,225.37294006347656,-262.118896484375,873.865234375,-93.32081604003906,-309.6171875,155.02703857421875,-138.18540954589844,-95.92742919921876,980.4216918945312,-105.08191680908205,-210.3311462402344,507.6207275390625,-194.2410430908203,-69.45831298828125,822.4214477539062
116.79055786132812,247.60476684570312,166.07350158691406,167.3926544189453,-105.29495239257812,962.2390747070312,137.0990447998047,30.404834747314453,475.9223937988281,224.67047119140625,-257.6838073730469,870.1819458007812,-92.6899642944336,-304.1750793457031,154.02969360351562,-139.15493774414062,-98.87716674804688,981.2479858398438,-105.30730438232422,-212.19088745117188,507.8583679199219,-194.99246215820312,-73.6514663696289,822.5612182617188
117.31251525878906,250.42037963867188,170.8175506591797,166.19142150878906,-107.89828491210938,962.208984375,137.35562133789062,24.453929901123047,475.0546875,224.129638671875,-252.8980712890625,866.51611328125,-92.30267333984376,-298.4754333496094,153.1036376953125,-140.13658142089844,-101.7639389038086,982.2446899414062,-105.81133270263672,-213.92112731933597,508.1567077636719,-195.7843017578125,-78.07747650146484,822.9072265625
118.03301239013672,252.28831481933597,175.92652893066406,164.96530151367188,-110.4502182006836,962.2932739257812,137.9332275390625,17.62238311767578,474.07037353515625,223.74945068359372,-247.7769012451172,862.9017944335938,-92.14946746826172,-292.51092529296875,152.24896240234375,-141.1248779296875,-104.54776000976562,983.3941650390624,-106.60420989990234,-215.45677185058597,508.4807434082031,-196.6072540283203,-82.72505950927734,823.457763671875
118.96805572509766,253.1045379638672,181.3878326416016,163.72569274902344,-112.91221618652344,962.4856567382812,138.8301544189453,9.9254732131958,472.9749145507813,223.5271759033203,-242.3378753662109,859.371826171875,-92.2073974609375,-286.2636108398437,151.46371459960938,-142.114013671875,-107.19214630126952,984.6765747070312,-107.67691802978516,-216.7156524658203,508.7936706542969,-197.4516143798828,-87.58195495605469,824.2093505859375
120.12037658691406,252.77359008789065,187.17672729492188,162.48501586914062,-115.24868774414062,962.7800903320312,140.025146484375,1.3972076177597046,471.7872009277344,223.45835876464844,-236.60079956054688,855.9578247070312,-92.4430923461914,-279.7122497558594,150.7453155517578,-143.09811401367188,-109.66482543945312,986.0704956054688,-109.00105285644533,-217.60183715820312,509.061279296875,-198.30735778808597,-92.63497161865234,825.1568603515625
121.47766876220705,251.21575927734372,193.25390625,161.25624084472656,-117.42880249023438,963.1712036132812,141.47970581054688,-7.909833908081055,470.54107666015625,223.5370178222656,-230.58758544921875,852.6892700195312,-92.81646728515624,-272.8382568359375,150.0914764404297,-144.07156372070312,-111.93824005126952,987.5534057617188,-110.5307159423828,-218.01239013671875,509.2561950683594,-199.1642303466797,-97.87007904052734,826.2935791015625
123.01234436035156,248.37466430664065,199.5645751953125,160.05221557617188,-119.42798614501952,963.6549682617188,143.1418914794922,-17.925525665283203,469.2854919433594,223.75579833984372,-224.3221740722656,849.5933227539062,-93.2844467163086,-265.6298828125,149.5006561279297,-145.0292510986328,-113.9898452758789,989.1025390625,-112.20623016357422,-217.84597778320312,509.3606567382813,-200.01182556152344,-103.27244567871094,827.6118774414062
124.68303680419922,244.2245330810547,206.03944396972656,158.8848114013672,-121.22907257080078,964.2285766601562,144.9511260986328,-28.56401252746582,468.082763671875,224.1060943603516,-217.83029174804688,846.6945190429688,-93.80433654785156,-258.0845642089844,148.97195434570312,-145.9668426513672,-115.80219268798828,990.6952514648438,-113.95924377441406,-217.0118408203125,509.3683166503906,-200.8396453857422,-108.82662200927734,829.1031494140625
126.43790435791016,238.77618408203125,212.59788513183597,157.7642364501953,-122.8228988647461,964.8912963867188,146.8429412841797,-39.72636413574219,467.0054321289063,224.5782928466797,-211.13917541503903,844.01416015625,-94.3365707397461,-250.210205078125,148.5048828125,-146.88092041015625,-117.36288452148438,992.3095703125,-115.71898651123048,-215.43792724609372,509.28369140625,-201.6371917724609,-114.51663208007812,830.7581787109375
128.219482421875,232.08001708984372,219.1526031494141,156.69842529296875,-124.20826721191406,965.6439208984376,148.75328063964844,-51.30401611328125,466.1318054199219,225.1620330810547,-204.2773284912109,841.5701904296875,-94.84699249267578,-242.0251922607422,148.09878540039062,-147.7690887451172,-118.66436004638672,993.924560546875,-117.41890716552734,-213.077392578125,509.1207885742188,-202.3940277099609,-120.32613372802734,832.5673828125
129.9703369140625,224.2256317138672,225.6145477294922,155.69268798828125,-125.39134216308594,966.4888916015624,150.62208557128906,-63.18296813964844,465.540771484375,225.8462829589844,-197.27415466308597,839.3768920898438,-95.30859375,-233.5572509765625,147.7522735595703,-148.62979125976562,-119.7034683227539,995.5206909179688,-119.00289154052734,-209.91297912597656,508.8999328613281,-203.0999298095703,-126.23856353759766,834.5213623046875
131.63841247558594,215.33734130859372,231.89694213867188,154.74957275390625,-126.3844985961914,967.4297485351562,152.3960723876953,-75.24845886230469,465.3064575195313,226.6196746826172,-190.1597137451172,837.4446411132812,-95.70272064208984,-224.8412322998047,147.46290588378906,-149.46214294433594,-120.4809112548828,997.0801391601562,-120.43002319335938,-205.95895385742188,508.6447448730469,-203.7449188232422,-132.23727416992188,836.610595703125
133.18084716796875,205.5659637451172,237.917236328125,153.868896484375,-127.20482635498048,968.4703979492188,154.0308837890625,-87.38965606689453,465.49322509765625,227.4706268310547,-182.96429443359372,835.7799072265625,-96.01956939697266,-215.91583251953125,147.22711181640625,-150.26560974121094,-121.000732421875,998.5869140625,-121.67704010009766,-201.2603454589844,508.37884521484375,-204.31939697265625,-138.30567932128906,838.8260498046875
134.5659942626953,195.0769805908203,243.59634399414065,153.04815673828125,-127.87239074707033,969.6144409179688,155.49253845214844,-99.50379180908205,466.1515197753906,228.3874969482422,-175.71807861328125,834.3851318359375,-96.25767517089844,-206.82058715820312,147.04049682617188,-151.03973388671875,-121.2698211669922,1000.0270385742188,-122.7380142211914,-195.8895721435547,508.1235961914063,-204.8142852783203,-144.42733764648438,841.1588134765625
135.7733612060547,184.0362548828125,248.8563232421875,152.2830810546875,-128.4084930419922,970.8639526367188,156.7583465576172,-111.49916076660156,467.3144226074219,229.3587646484375,-168.45082092285156,833.2584838867188,-96.42252349853516,-197.5940093994141,146.89805603027344,-151.7838897705078,-121.29761505126952,1001.3883056640624,-123.62165069580078,-189.94061279296875,507.8966979980469,-205.2210693359375,-150.5861053466797,843.6006469726562
136.79226684570312,172.59512329101562,253.6177215576172,151.56851196289062,-128.8340301513672,972.2185668945312,157.81680297851562,-123.29672241210938,468.9958190917969,230.3731231689453,-161.1915283203125,832.394287109375,-96.52459716796876,-188.27200317382807,146.7946319580078,-152.49703979492188,-121.09585571289062,1002.6605834960938,-124.34722137451172,-183.5216064453125,507.7113342285156,-205.53196716308597,-156.7662353515625,846.1432495117188
137.62013244628906,160.8774871826172,257.79840087890625,150.89910888671875,-129.1680908203125,973.67431640625,158.6665496826172,-134.8303680419922,471.1894226074219,231.4195556640625,-153.9682159423828,831.7827758789062,-96.5773468017578,-178.88638305664062,146.72520446777344,-153.17759704589844,-120.67841339111328,1003.8352661132812,-124.93987274169922,-176.74649047851562,507.5760192871094,-205.7399139404297,-162.95240783691406,848.7786865234375
138.2614288330078,148.97119140625,261.3146667480469,150.2702178955078,-129.4270477294922,975.2232666015624,159.31434631347656,-146.04595947265625,473.8689575195313,232.48736572265625,-146.80772399902344,831.4104614257812,-96.59516143798828,-169.4639129638672,146.68515014648438,-153.82334899902344,-120.06111145019533,1004.9052734375,-125.42642974853516,-169.72616577148438,507.4940185546875,-205.8386993408203,-169.12977600097656,851.4986572265625
138.72706604003906,136.92477416992188,264.0841064453125,149.67828369140625,-129.62388610839844,976.8528442382812,159.77215576171875,-156.89964294433594,476.9893493652344,233.5662384033203,-139.7354278564453,831.26025390625,-96.59169006347656,-160.02598571777344,146.6703643798828,-154.4314422607422,-119.26156616210938,1005.8648681640624,-125.83212280273438,-162.5604705810547,507.463623046875,-205.8229217529297,-175.28402709960938,854.2946166992188
139.03407287597656,124.74992370605467,266.0299377441406,149.12136840820312,-129.76806640625,978.5465087890624,160.0543212890625,-167.3558349609375,480.4888916015625,234.64622497558597,-132.7752227783203,831.31201171875,-96.57862091064452,-150.58876037597656,146.67715454101562,-154.9983673095703,-118.2989501953125,1006.7095336914062,-126.1786117553711,-155.33206176757812,507.4783020019531,-205.6881256103516,-181.4013519287109,857.1572265625
139.20545959472656,112.42784881591795,267.0848693847656,148.59912109375,-129.8655242919922,980.28369140625,160.1750030517578,-177.38502502441406,484.2927856445313,235.7178497314453,-125.94939422607422,831.54248046875,-96.56487274169922,-141.1636505126953,146.70217895507812,-155.51995849609375,-117.19371795654295,1007.4356079101562,-126.4830093383789,-148.1030731201172,507.5276794433594,-205.4306640625,-187.4684600830078,860.0761108398438
139.2694854736328,99.9180679321289,267.1947937011719,148.11294555664062,-129.9192657470703,982.040771484375,160.14649963378906,-186.9617156982422,488.31732177734375,236.7720184326172,-119.27850341796876,831.92626953125,-96.55638122558594,-131.75804138183594,146.7423095703125,-155.99151611328125,-115.96734619140624,1008.0404052734376,-126.75762176513672,-140.91481018066406,507.5990295410156,-205.04782104492188,-193.4724578857422,863.0397338867188
139.2578887939453,87.16764068603516,266.32110595703125,147.66563415527344,-129.9298858642578,983.7919311523438,159.9782257080078,-196.06251525878903,492.4745788574219,237.8000640869141,-112.78143310546876,832.4358520507812,-96.55632781982422,-122.37580108642578,146.79469299316406,-156.4078369140625,-114.64200592041016,1008.5221557617188,-127.0099105834961,-133.79037475585938,507.6790161132813,-204.5377655029297,-199.40089416503903,866.034912109375
139.20428466796875,74.11875915527344,264.4427795410156,147.26097106933594,-129.896240234375,985.5098876953124,159.6766815185547,-204.6646728515625,496.6767883300781,238.79380798339844,-106.47537994384766,833.0425415039062,-96.56570434570312,-113.01808166503906,146.85653686523438,-156.76341247558594,-113.24009704589844,1008.8798217773438,-127.2426986694336,-126.73919677734376,507.7557067871094,-203.8995361328125,-205.2416076660156,869.0469360351562
139.14283752441406,60.71392440795898,261.5583801269531,146.90325927734375,-129.81613159179688,987.1666870117188,159.24586486816406,-212.74514770507807,500.840087890625,239.74554443359372,-100.37582397460938,833.7166748046875,-96.583984375,-103.68406677246094,146.9250946044922,-157.05274963378906,-111.7838897705078,1009.113525390625,-127.45452117919922,-119.76265716552734,507.8197021484375,-203.13299560546875,-210.982666015625,872.0591430664062
139.10719299316406,46.89884567260742,257.6883239746094,146.59693908691406,-129.68695068359375,988.7346801757812,158.68833923339844,-220.2798309326172,504.8868713378906,240.648193359375,-94.49651336669922,834.4285888671875,-96.60960388183594,-94.37183380126952,146.99752807617188,-157.27059936523438,-110.29517364501952,1009.2243041992188,-127.64037322998048,-112.85958862304688,507.8646545410156,-202.2388610839844,-216.61233520507807,875.0531005859375
139.12930297851562,32.623680114746094,252.8764190673828,146.34628295898438,-129.5062713623047,990.18701171875,158.0065155029297,-227.2432556152344,508.7475280761719,241.4952392578125,-88.8494873046875,835.1489868164062,-96.6404266357422,-85.0790786743164,147.07095336914062,-157.41232299804688,-108.7951431274414,1009.214111328125,-127.7927474975586,-106.03062438964844,507.88714599609375,-201.2186279296875,-222.1190643310547,878.0086059570312
139.23797607421875,17.843265533447266,247.19070434570312,146.15542602539062,-129.27247619628906,991.498779296875,157.2041015625,-233.60877990722656,512.3607177734375,242.2809600830078,-83.44506072998047,835.8496704101562,-96.67401123046876,-75.8036880493164,147.142578125,-157.4741668701172,-107.30421447753906,1009.0858154296876,-127.90299987792967,-99.28065490722656,507.8859252929688,-200.0745086669922,-227.4915008544922,880.9037475585938
139.4573974609375,2.5171687602996826,240.72315979003903,146.0281219482422,-128.9853057861328,992.6473999023438,156.2874298095703,-239.34967041015625,515.6732177734375,243.0004425048828,-78.29193115234375,836.5037841796875,-96.70783996582033,-66.54411315917969,147.20993041992188,-157.4535369873047,-105.8418960571289,1008.8431396484376,-127.9626693725586,-92.61941528320312,507.8609619140625,-198.8094024658203,-232.71864318847656,883.7152709960938
139.805908203125,-13.389485359191896,233.58883666992188,145.96771240234375,-128.64633178710938,993.6129760742188,155.26661682128906,-244.44078063964844,518.6389770507812,243.6497802734375,-73.39723205566406,837.0867309570312,-96.7394561767578,-57.29953002929688,147.27096557617188,-157.34922790527344,-104.42643737792967,1008.4901733398438,-127.96468353271484,-86.0602798461914,507.8128967285156,-197.4268951416016,-237.7898406982422,886.4187622070312
140.29527282714844,-29.90384292602539,225.9237365722656,145.97695922851562,-128.25921630859375,994.3790283203124,154.15626525878906,-248.8604278564453,521.2189331054688,244.22610473632807,-68.76666259765625,837.5762329101562,-96.76658630371094,-48.06985855102539,147.32437133789062,-157.1615753173828,-103.07452392578124,1008.031494140625,-127.90430450439452,-79.61797332763672,507.7428283691406,-195.9312438964844,-242.69493103027344,888.989013671875
140.93055725097656,-47.04177474975586,217.88180541992188,146.0579071044922,-127.83004760742188,994.9325561523438,152.97573852539062,-252.59259033203125,523.3804321289062,244.7277984619141,-64.4046401977539,837.9526977539062,-96.78724670410156,-38.85564041137695,147.36964416503906,-156.8924560546875,-101.801025390625,1007.4718627929688,-127.77981567382812,-73.30632019042969,507.6520690917969,-194.32733154296875,-247.4242706298828,891.4008178710938
141.710205078125,-64.80361938476562,209.6304931640625,146.2117462158203,-127.36732482910156,995.2639770507812,151.74896240234375,-255.629150390625,525.0977172851562,245.1544647216797,-60.314453125,838.1995239257812,-96.79976654052734,-29.658069610595703,147.40733337402344,-156.5453338623047,-100.61882781982422,1006.81591796875,-127.5929718017578,-67.13640594482422,507.5419921875,-192.62066650390625,-251.9687957763672,893.6287841796875
142.62635803222656,-83.16976165771484,201.3450469970703,146.43885803222656,-126.88201904296876,995.3677368164062,150.50369262695312,-257.9718322753906,526.352294921875,245.5070953369141,-56.498443603515625,838.30322265625,-96.80286407470705,-20.479005813598636,147.4390869140625,-156.12518310546875,-99.5389404296875,1006.0684814453124,-127.34918975830078,-61.11544799804688,507.4140319824219,-190.81744384765625,-256.3200988769531,895.6483764648438
143.6649627685547,-102.09640502929688,193.20184326171875,146.73870849609375,-126.38742065429688,995.2415161132812,149.27040100097656,-259.6340637207031,527.1342163085938,245.7880859375,-52.95816040039063,838.2534790039062,-96.79558563232422,-11.321015357971191,147.46783447265625,-155.63812255859375,-98.57063293457033,1005.2344360351562,-127.05735778808594,-55.246337890625,507.269287109375,-188.9244384765625,-260.4704895019531,897.436279296875
144.80593872070312,-121.51195526123048,185.3711395263672,147.1099090576172,-125.89893341064452,994.8869018554688,148.08079528808594,-260.64227294921875,527.4429321289062,246.001220703125,-49.69454956054688,838.043212890625,-96.77726745605467,-2.187300682067871,147.49769592285156,-155.0911102294922,-97.72161102294922,1004.3184204101562,-126.72925567626952,-49.52801513671875,507.1085815429688,-186.94900512695312,-264.4128723144531,898.9706420898438
146.02366638183594,-141.3146209716797,178.00985717773438,147.5502166748047,-125.43364715576172,994.3087158203124,146.96607971191406,-261.0370178222656,527.2882690429688,246.1516876220703,-46.70809173583984,837.6685791015625,-96.74752807617188,6.918477535247803,147.5340118408203,-154.4913330078125,-96.9982452392578,1003.3250732421876,-126.37860107421876,-43.9564323425293,506.9322204589844,-184.8990936279297,-268.14093017578125,900.2318725585938
147.28782653808594,-161.371826171875,171.2548370361328,148.0566864013672,-125.00994873046876,993.5151977539062,145.95516967773438,-260.8732604980469,526.6907958984375,246.24606323242188,-43.99895477294922,837.12890625,-96.7061538696289,15.992445945739746,147.583251953125,-153.84556579589844,-96.40593719482422,1002.2592163085938,-126.01974487304688,-38.526100158691406,506.740234375,-182.78309631347656,-271.6488952636719,901.202880859375
148.5650634765625,-181.5219573974609,165.21693420410156,148.62564086914062,-124.64702606201172,992.5180053710938,145.0727996826172,-260.2196350097656,525.6817626953125,246.2922515869141,-41.56711959838867,836.4264526367188,-96.65314483642578,25.03073501586914,147.6527557373047,-153.15960693359375,-95.94938659667967,1001.1254272460938,-125.6662139892578,-33.23187255859375,506.5323181152344,-180.6099548339844,-274.9315795898437,901.8696899414062
149.82119750976562,-201.57798767089844,159.97621154785156,149.25289916992188,-124.36443328857422,991.331787109375,144.33786010742188,-259.1567687988281,524.3024291992188,246.2993621826172,-39.41252899169922,835.5665283203125,-96.58873748779295,34.02948760986328,147.75051879882812,-152.43800354003906,-95.6329116821289,999.9284057617188,-125.32916259765624,-28.070711135864254,506.3080749511719,-178.3889923095703,-277.984130859375,902.2216796875
151.02291870117188,-221.33177185058597,155.57818603515625,149.93380737304688,-124.18167877197266,989.974609375,143.76199340820312,-257.7748413085937,522.6025390625,246.2776336669922,-37.53518295288086,834.55712890625,-96.51354217529295,42.98467254638672,147.8848876953125,-151.6839141845703,-95.46038055419922,998.6729736328124,-125.01588439941406,-23.04320335388184,506.0672912597656,-176.12989807128906,-280.8021545410156,902.2518920898438
152.1385040283203,-240.55929565429688,152.03150939941406,150.66351318359375,-124.11785125732422,988.4671630859376,143.34861755371094,-256.17059326171875,520.6387939453125,246.23831176757807,-35.93523406982422,833.408935546875,-96.42884063720705,51.8917121887207,148.0641632080078,-150.89955139160156,-95.43505859375,997.3641967773438,-124.72854614257812,-18.15464401245117,505.8100891113281,-173.8426513671875,-283.3813171386719,901.9576416015624
153.1379852294922,-259.026611328125,149.30731201171875,151.43702697753906,-124.19124603271484,986.8331298828124,143.09255981445312,-254.4437713623047,518.4723510742188,246.19342041015625,-34.61301040649414,832.1349487304688,-96.33705139160156,60.74499130249024,148.2964324951172,-150.08656311035156,-95.55924224853516,996.0077514648438,-124.46336364746094,-13.415704727172852,505.5371398925781,-171.53746032714844,-285.71746826171875,901.3402709960938
153.9932861328125,-276.4966125488281,147.3411102294922,152.24945068359375,-124.41903686523438,985.0985717773438,142.98037719726562,-252.6934356689453,516.1665649414062,246.15562438964844,-33.56905746459961,830.7504272460938,-96.2421875,69.53718566894531,148.58944702148438,-149.24636840820312,-95.83414459228516,994.60986328125,-124.21027374267578,-8.842724800109863,505.2495422363281,-169.22470092773438,-287.80645751953125,900.4058227539062
154.67959594726562,-292.7376708984375,146.03799438476562,153.09619140625,-124.81697845458984,983.291748046875,142.9914093017578,-251.0143280029297,513.7846069335938,246.1380157470703,-32.80413818359375,829.2723999023438,-96.14996337890624,78.25877380371094,148.95094299316406,-148.38026428222656,-96.25994873046876,993.1774291992188,-123.95320892333984,-4.457669734954834,504.9486999511719,-166.914794921875,-289.64404296875,899.16455078125
155.1780242919922,-307.5345458984375,145.2807159423828,153.97300720214844,-125.39900970458984,981.4426879882812,143.09957885742188,-249.49366760253903,511.38720703125,246.15391540527344,-32.31925964355469,827.7198486328125,-96.0670928955078,86.89823150634766,149.38902282714844,-147.4896240234375,-96.8360824584961,991.71826171875,-123.67080688476562,-0.2877704799175262,504.6359558105469,-164.6182098388672,-291.2259826660156,897.6312866210938
155.47784423828125,-320.6990661621094,144.93890380859375,154.87620544433594,-126.17703247070312,979.5827026367188,143.2757568359375,-248.2083740234375,509.0312805175781,246.2166290283203,-32.11570739746094,826.1128540039062,-96.00016021728516,95.44276428222656,149.91249084472656,-146.5757293701172,-97.56151580810548,990.2408447265624,-123.3376693725586,3.6350412368774414,504.3123474121094,-162.34530639648438,-292.5480041503906,895.8253173828125
155.57723999023438,-332.0794982910156,144.8787384033203,155.8026885986328,-127.1604995727539,977.7439575195312,143.4905242919922,-247.22288513183597,506.7683715820313,246.33924865722656,-32.19502639770508,824.4727783203125,-95.9545669555664,103.8790054321289,150.53114318847656,-145.63978576660156,-98.43513488769533,988.7544555664062,-122.92588806152344,7.27484130859375,503.9785461425781,-160.10629272460938,-293.6059265136719,893.7698364257812
155.483642578125,-341.568115234375,144.9725799560547,156.75003051757812,-128.3561248779297,975.9586181640624,143.7170867919922,-246.5873870849609,504.6439208984375,246.5344390869141,-32.559043884277344,822.8216552734375,-95.93357849121094,112.19349670410156,151.25584411621094,-144.68283081054688,-99.4559555053711,987.2692260742188,-122.40682220458984,10.592422485351562,503.6345520019531,-157.91111755371094,-294.39581298828125,891.4920043945312
155.2140655517578,-349.1075744628906,145.1079864501953,157.7164764404297,-129.76748657226562,974.2587890625,143.93402099609375,-246.33621215820312,502.6963806152344,246.81411743164065,-33.2098388671875,821.181884765625,-95.93785858154295,120.37269592285156,152.0987548828125,-143.7056121826172,-100.62322235107422,985.7955932617188,-121.75302124023438,13.545880317687988,503.280029296875,-155.7694091796875,-294.9140319824219,889.0222778320312
154.794921875,-354.6949768066406,145.1951446533203,158.7009735107422,-131.39468383789062,972.6753540039062,144.1276397705078,-246.48692321777344,500.9567565917969,247.1892852783203,-34.14969253540039,819.575927734375,-95.96543884277344,128.40235900878906,153.07342529296875,-142.70863342285156,-101.93626403808594,984.3445434570312,-120.94024658203124,16.09105682373047,502.9141845703125,-153.6903839111328,-295.1575622558594,886.3938598632812
154.26138305664062,-358.3830871582031,145.1711883544922,159.70309448242188,-133.2340087890625,971.2379760742188,144.29379272460938,-247.0399932861328,499.4484558105469,247.66976928710935,-35.38103485107422,818.0258178710938,-96.01220703125,136.26632690429688,154.19500732421875,-141.69198608398438,-103.39413452148438,982.9271850585938,-119.94954681396484,18.1818790435791,502.5361022949219,-151.6827392578125,-295.1241455078125,883.6424560546875
153.65554809570312,-360.2777099609375,145.00099182128906,160.72296142578125,-135.2776641845703,969.9740600585938,144.43873596191406,-247.9796295166016,498.18756103515625,248.2639617919922,-36.906394958496094,816.5528564453125,-96.07266235351562,143.94473266601562,155.48016357421875,-140.65541076660156,-104.9950714111328,981.5545654296876,-118.76937866210938,19.770626068115234,502.1448974609375,-149.7546844482422,-294.8124389648437,880.80517578125
153.02398681640625,-360.5309448242188,144.67422485351562,161.7611083984375,-137.5136260986328,968.9085083007812,144.57933044433594,-249.27561950683597,497.1834716796875,248.97869873046875,-38.728328704833984,815.17724609375,-96.14090728759766,151.4120330810547,156.9470977783203,-139.59832763671875,-106.7357406616211,980.2374877929688,-117.39754486083984,20.808237075805664,501.73968505859375,-147.913818359375,-294.2221984863281,877.9200439453125
152.4143524169922,-359.3305969238281,144.1992950439453,162.81829833984375,-139.92556762695312,968.06298828125,144.7420196533203,-250.88601684570312,496.4397583007813,249.8189697265625,-40.84932708740234,813.9177856445312,-96.21167755126952,158.63516235351562,158.61563110351562,-138.51983642578125,-108.61042785644533,978.986328125,-115.84284973144533,21.24479866027832,501.3190002441406,-146.1671142578125,-293.35455322265625,875.0253295898438
151.8715057373047,-356.8855285644531,143.59620666503906,163.8953094482422,-142.49310302734375,967.4552001953124,144.9608917236328,-252.7601776123047,495.9549560546875,250.7878570556641,-43.27175521850586,812.7915649414062,-96.28128814697266,165.57183837890625,160.50730895996094,-137.41893005371094,-110.61016082763672,977.8106079101562,-114.12629699707033,21.0304012298584,500.880126953125,-144.5209197998047,-292.21209716796875,872.15869140625
151.4335174560547,-353.40899658203125,142.89041137695312,164.9927215576172,-145.19212341308594,967.0986938476562,145.2746124267578,-254.8413848876953,495.72265625,251.88650512695312,-45.99773025512695,811.8137817382812,-96.3482437133789,172.1691131591797,162.64549255371094,-136.29458618164062,-112.72198486328124,976.7190551757812,-112.2815399169922,20.11653709411621,500.4179382324219,-142.98089599609375,-290.79901123046875,869.356689453125
151.12815856933594,-349.1015319824219,142.1089324951172,166.11065673828125,-147.9952850341797,967.0017700195312,145.72271728515625,-257.0687561035156,495.7312316894531,253.1140289306641,-49.02900695800781,810.9973754882812,-96.41334533691406,178.36224365234375,165.05502319335938,-135.14598083496094,-114.92839813232422,975.71923828125,-110.35447692871094,18.45808982849121,499.9240112304688,-141.5520782470703,-289.1212158203125,866.6537475585938
150.97019958496094,-344.1366577148437,141.27835083007812,167.2487335205078,-150.8727264404297,967.1672973632812,146.34146118164062,-259.3779296875,495.9627990722656,254.4675445556641,-52.366844177246094,810.353271484375,-96.47928619384766,184.0738525390625,167.7616424560547,-133.97271728515625,-117.20709228515624,974.8175659179688,-108.40168762207033,16.015880584716797,499.3858642578125,-140.23883056640625,-287.1863708496094,864.0819091796875
150.96051025390625,-338.6515808105469,140.42413330078125,168.4058837890625,-153.7928009033203,967.5924072265624,147.15945434570312,-261.700439453125,496.3918151855469,255.9423370361328,-56.011863708496094,809.8898315429688,-96.5497817993164,189.21420288085935,170.79107666015625,-132.7749786376953,-119.53099822998048,974.0189208984376,-106.48748779296876,12.75962734222412,498.7869567871094,-139.04493713378906,-285.0039367675781,861.6701049804688
151.08680725097656,-332.7445373535156,139.57070922851562,169.58021545410156,-156.7229461669922,968.2681274414062,148.19371032714844,-263.9620361328125,496.9842529296875,257.53192138671875,-59.963905334472656,809.6130981445312,-96.62842559814452,193.68307495117188,174.1681671142578,-131.5538787841797,-121.86869049072266,973.3270263671876,-104.6795883178711,8.670919418334961,498.10748291015625,-137.9735565185547,-282.5851135253906,859.4436645507812
151.32615661621094,-326.477783203125,138.74075317382812,170.76901245117188,-159.63050842285156,969.1798706054688,149.44659423828125,-266.0809936523437,497.69769287109375,259.2281799316406,-64.22189331054688,809.526611328125,-96.71730041503906,197.3734893798828,177.91561889648438,-130.3116455078125,-124.18511199951172,972.7442626953124,-103.04346466064452,3.74573016166687,497.3265075683594,-137.02734375,-279.9427185058594,857.4237060546875
151.6484832763672,-319.8843688964844,137.95384216308594,171.96853637695312,-162.48358154296875,970.3074340820312,150.9043426513672,-267.9668273925781,498.4830017089844,261.0216064453125,-68.78369903564453,809.631591796875,-96.81553649902344,200.17691040039065,182.05224609375,-129.0519561767578,-126.44271850585938,972.2720947265624,-101.6361312866211,-2.004051923751831,496.4248962402344,-136.2084503173828,-277.0910949707031,855.6272583007812
152.0206298828125,-312.9767761230469,137.2253875732422,173.1741180419922,-165.2517547607422,971.6261596679688,152.5371856689453,-269.52105712890625,499.2875671386719,262.9014587402344,-73.64605712890625,809.9273071289062,-96.91805267333984,201.98928833007807,186.590087890625,-127.78014373779295,-128.6029052734375,971.9109497070312,-100.5001449584961,-8.550385475158691,495.3895263671875,-135.5186004638672,-274.0458068847656,854.066650390625
152.40994262695312,-305.7563171386719,136.56591796875,174.380126953125,-167.90655517578125,973.10791015625,154.3014678955078,-270.6397399902344,500.0592346191406,264.85601806640625,-78.80449676513672,810.4108276367188,-97.01483154296876,202.7177581787109,191.5309295654297,-126.50328063964844,-130.6276092529297,971.6608276367188,-99.65910339355467,-15.850136756896973,494.2173156738281,-134.9591522216797,-270.8234558105469,852.7496948242188
152.7873077392578,-298.22125244140625,135.98085021972656,175.5802459716797,-170.4217987060547,974.7220458984376,156.14341735839844,-271.2186279296875,500.75048828125,266.8727111816406,-84.25328063964844,811.0778198242188,-97.09095001220705,202.2874755859375,196.86251831054688,-125.2300262451172,-132.48098754882812,971.5214233398438,-99.1153335571289,-23.84718513488769,492.9197692871094,-134.5311737060547,-267.44122314453125,851.6796875
153.1292724609375,-290.3731689453125,135.47091674804688,176.76771545410156,-172.7738037109375,976.4369506835938,158.0042266845703,-271.16021728515625,501.3218078613281,268.9383544921875,-89.98544311523438,811.9228515625,-97.12750244140624,200.6480255126953,202.55528259277344,-123.97025299072266,-134.1311492919922,971.4925537109376,-98.8503646850586,-32.47525405883789,491.5260009765625,-134.2354278564453,-263.91668701171875,850.8556518554688
153.41909790039062,-282.22076416015625,135.032958984375,177.93577575683594,-174.94137573242188,978.2213134765624,159.8258514404297,-270.3817443847656,501.7445068359375,271.039306640625,-95.99279022216795,812.9393920898438,-97.1031265258789,197.77825927734372,208.56021118164065,-122.734375,-135.5520477294922,971.5741577148438,-98.82794189453124,-41.66100692749024,490.0845642089844,-134.0724639892578,-260.2674255371094,850.2725219726562
153.64712524414062,-273.7817077636719,134.66079711914062,179.07809448242188,-176.90589904785156,980.044921875,161.5566864013672,-268.82305908203125,502.001953125,273.1615600585937,-102.26596069335938,814.1207885742188,-96.99574279785156,193.6887664794922,214.80880737304688,-121.53254699707033,-136.72512817382812,971.76708984375,-98.99918365478516,-51.32701110839844,488.6626892089844,-134.04246520996094,-256.5107116699219,849.9216918945312
153.81024169921875,-265.082275390625,134.34617614746094,180.189208984375,-178.65135192871094,981.8797607421876,163.156494140625,-266.4529113769531,502.0902404785156,275.2909851074219,-108.79435729980467,815.4602661132812,-96.7843017578125,188.4210357666016,221.21473693847656,-120.3736343383789,-137.640625,972.07275390625,-99.3086929321289,-61.39429473876953,487.3424987792969,-134.1452178955078,-252.66329956054688,849.791259765625
153.9110870361328,-256.1553039550781,134.07968139648438,181.26486206054688,-180.1644287109375,983.7003173828124,164.5996856689453,-263.2724914550781,502.0173645019531,277.413330078125,-115.56617736816406,816.9512939453125,-96.45064544677734,182.0435943603516,227.6768951416016,-119.26434326171876,-138.29843139648438,972.4937133789062,-99.70057678222656,-71.78449249267578,486.2150268554688,-134.3799591064453,-248.7411956787109,849.8665771484375
153.95687866210938,-247.0370178222656,133.8516845703125,182.30230712890625,-181.43458557128903,985.4841918945312,165.87677001953125,-259.31549072265625,501.8016052246094,279.51434326171875,-122.56826782226562,818.588134765625,-95.98121643066406,174.64500427246094,234.0829162597656,-118.2087631225586,-138.70802307128906,973.0331420898438,-100.1235122680664,-82.42137145996094,485.3724060058594,-134.74520874023438,-244.75942993164065,850.130615234375
153.95822143554688,-237.76417541503903,133.6531982421875,183.3004608154297,-182.4542236328125,987.2117919921876,166.99351501464844,-254.6445770263672,501.4686584472656,281.5799255371094,-129.7860870361328,820.3655395507812,-95.36866760253906,166.32492065429688,240.3125457763672,-117.20848846435548,-138.8876495361328,973.6943969726562,-100.5344696044922,-93.23176574707033,484.89935302734375,-135.23861694335938,-240.7320098876953,850.5643310546875
153.9276885986328,-228.371337890625,133.47654724121094,184.259765625,-183.21885681152344,988.866455078125,167.9678955078125,-249.3450927734375,501.0485534667969,283.5961608886719,-137.20367431640625,822.2793579101562,-94.61284637451172,157.1846160888672,246.2403259277344,-116.26293182373048,-138.86264038085938,974.4808349609376,-100.90074157714844,-104.14572143554688,484.8654479980469,-135.8567352294922,-236.67176818847656,851.147216796875
153.87832641601562,-218.88917541503903,133.3159942626953,185.1821136474609,-183.7271270751953,990.4342651367188,168.82554626464844,-243.51626586914065,500.5723571777344,285.54937744140625,-144.80364990234375,824.3260498046875,-93.7213897705078,147.3188018798828,251.7381134033203,-115.36995697021484,-138.66348266601562,975.3947143554688,-101.2001953125,-115.09603881835938,485.31878662109375,-136.59487915039062,-232.59034729003903,851.8573608398438
153.82211303710938,-209.3437042236328,133.1680145263672,186.07034301757807,-183.98089599609372,991.9035034179688,169.5938720703125,-237.2617034912109,500.06927490234375,287.4262390136719,-152.56727600097656,826.5030517578125,-92.70967864990234,136.8106689453125,256.6785888671875,-114.52649688720705,-138.32366943359375,976.4363403320312,-101.42005157470705,-126.01750946044922,486.2821350097656,-137.4469451904297,-228.49819946289065,852.6720581054688
153.76846313476562,-199.75601196289065,133.03118896484375,186.92794799804688,-183.9851837158203,993.264404296875,170.29632568359375,-230.6802978515625,499.5643310546875,289.2137451171875,-160.4746551513672,828.8080444335938,-91.59971618652344,125.73026275634766,260.9403381347656,-113.72914123535156,-137.8775177001953,977.6034545898438,-101.5552749633789,-136.8466339111328,487.7515869140625,-138.4052734375,-224.40463256835935,853.5676879882812
153.7232208251953,-190.14215087890625,132.90603637695312,187.75851440429688,-183.74806213378903,994.5086669921876,170.9477081298828,-223.8583984375,499.0768737792969,290.89947509765625,-168.5047607421875,831.2391357421875,-90.41817474365234,114.13575744628906,264.4141540527344,-112.97468566894533,-137.35838317871094,978.890380859375,-101.6065902709961,-147.5217742919922,489.6980895996094,-139.46063232421875,-220.31787109375,854.5203247070312
153.68841552734375,-180.51361083984372,132.79454040527344,188.5653533935547,-183.28050231933597,995.629150390625,171.551513671875,-216.86459350585935,498.6198120117188,292.4714050292969,-176.63560485839844,833.7941284179688,-89.1939468383789,102.07550811767578,267.0089111328125,-112.26055145263672,-136.7969970703125,980.2872314453124,-101.57808685302734,-157.9835968017578,492.0712585449219,-140.6022491455078,-216.24514770507807,855.5059204101562
153.6624298095703,-170.8778533935547,132.69964599609375,189.35104370117188,-182.59622192382807,996.61962890625,172.10037231445312,-209.74722290039065,498.19970703125,293.9181823730469,-184.8443603515625,836.4705200195312,-87.95571899414062,89.58978271484375,268.65631103515625,-111.58507537841795,-136.22030639648438,981.7799072265624,-101.4747314453125,-168.17547607421875,494.8048706054688,-141.81787109375,-212.19288635253903,856.5003051757812
153.64080810546875,-161.23916625976562,132.62460327148438,190.1171417236328,-181.7115173339844,997.4744873046876,172.57908630371094,-202.53469848632807,497.8177490234375,295.22906494140625,-193.10757446289065,839.2648315429688,-86.72980499267578,76.71150207519531,269.3134460449219,-110.94767761230467,-135.65066528320312,983.3502197265624,-101.2999038696289,-178.0443115234375,497.8234558105469,-143.0940704345703,-208.1668243408203,857.479736328125
153.617431640625,-151.59934997558594,132.5723876953125,190.8639068603516,-180.6450653076172,998.1887817382812,172.9700164794922,-195.23838806152344,497.4710388183594,296.3941650390625,-201.4012756347656,842.1724853515625,-85.53857421875,63.46611785888672,268.9629821777344,-110.3488998413086,-135.1053466796875,984.97607421875,-101.0535125732422,-187.54116821289065,501.0486450195313,-144.41644287109375,-204.17210388183597,858.4210815429688
153.5857391357422,-141.9583282470703,132.545166015625,191.59011840820312,-179.4175567626953,998.7584228515624,173.2586212158203,-187.857666015625,497.1540222167969,297.404296875,-209.7011260986328,845.1874389648438,-84.39948272705078,49.87099075317383,267.6117553710937,-109.79035186767578,-134.59654235839844,986.63232421875,-100.7308120727539,-196.62164306640625,504.4046325683594,-145.77003479003906,-200.21353149414065,859.3021850585938
153.53973388671875,-132.31491088867188,132.54391479492188,192.2928924560547,-178.0511016845703,999.180419921875,173.43768310546875,-180.38633728027344,496.8597106933594,298.2513427734375,-217.98260498046875,848.3017578125,-83.32484436035156,35.93497085571289,265.2881774902344,-109.2745132446289,-134.1316375732422,988.2916259765624,-100.32256317138672,-205.2460174560547,507.8218994140625,-147.1397247314453,-196.2956695556641,860.1019897460938
153.4747314453125,-122.66739654541016,132.56826782226562,192.96774291992188,-176.56874084472656,999.4526977539062,173.5087432861328,-172.81900024414062,496.58050537109375,298.9281616210937,-226.22113037109372,851.5057373046875,-82.32234191894531,21.658143997192383,262.0392150878906,-108.80451202392578,-133.71368408203125,989.9252319335938,-99.8165283203125,-213.379150390625,511.2388305664063,-148.5107421875,-192.42303466796875,860.8010864257812
153.38768005371094,-113.01422882080078,132.61654663085938,193.6087188720703,-174.99395751953125,999.5746459960938,173.48095703125,-165.15602111816406,496.3087158203125,299.4286804199219,-234.39212036132807,854.78759765625,-81.39610290527344,7.031898021697998,257.9274597167969,-108.38388061523438,-133.3421630859375,991.5042724609376,-99.2000961303711,-220.99061584472656,514.6010131835938,-149.86907958984375,-188.6001739501953,861.3819580078125
153.27688598632812,-103.35433197021484,132.68589782714844,194.2087554931641,-173.35018920898438,999.5470581054688,173.3684844970703,-157.4065399169922,496.036865234375,299.7481994628906,-242.4712371826172,858.133544921875,-80.54810333251953,-7.960666656494141,253.02853393554688,-108.01626586914062,-133.01377868652344,993.0000610351562,-98.4630355834961,-228.05416870117188,517.8594360351562,-151.2018585205078,-184.8318634033203,861.8289794921875
153.14169311523438,-93.68734741210938,132.77267456054688,194.76004028320312,-171.66065979003906,999.3717651367188,173.18711853027344,-149.58982849121094,495.7578430175781,299.8831481933594,-250.43438720703125,861.5278930664062,-79.77947998046875,-23.34363555908203,247.42950439453125,-107.70518493652344,-132.72332763671875,994.3851928710938,-97.59979248046876,-234.54693603515625,520.9679565429688,-152.49778747558594,-181.1231384277344,862.1290893554688
152.98194885253906,-84.013671875,132.87261962890625,195.2544708251953,-169.9480438232422,999.0521240234376,172.9513397216797,-141.73507690429688,495.4653015136719,299.8314208984375,-258.2579650878906,864.9530639648438,-79.09154510498047,-39.14613723754883,241.2275848388672,-107.45372772216795,-132.46466064453125,995.6341552734376,-96.61124420166016,-240.44859313964844,523.881103515625,-153.74729919433594,-177.4794158935547,862.2715454101562
152.79757690429688,-74.33454132080078,132.9812469482422,195.6842041015625,-168.23431396484375,998.592529296875,172.67222595214844,-133.8802490234375,495.1535034179688,299.5921630859375,-265.9189147949219,868.3897094726562,-78.4864730834961,-55.39882278442383,234.5298614501953,-107.26436614990234,-132.23143005371094,996.7236938476562,-95.50569915771484,-245.7409820556641,526.5524291992188,-154.9429168701172,-173.906494140625,862.248291015625
152.58847045898438,-64.65206146240234,133.0940704345703,196.0421142578125,-166.5406036376953,997.9981079101562,172.35679626464844,-126.0698699951172,494.8175659179688,299.16607666015625,-273.39483642578125,871.817138671875,-77.96690368652344,-72.12909698486328,227.45285034179688,-107.13874053955078,-132.0179901123047,997.6331176757812,-94.29901885986328,-250.40835571289065,528.9342651367188,-156.0792694091797,-170.41062927246094,862.0537109375
152.35446166992188,-54.96927261352539,133.2069091796875,196.3223419189453,-164.8870391845703,997.2750854492188,172.0085906982422,-118.35163116455078,494.4537963867188,298.5551452636719,-280.6640319824219,875.21337890625,-77.5347900390625,-89.35559844970703,220.12196350097656,-107.07750701904295,-131.8199462890625,998.3448486328124,-93.01394653320312,-254.4383087158203,530.978515625,-157.1531982421875,-166.99853515625,861.6849975585938
152.09547424316406,-45.29010009765625,133.31634521484375,196.5207061767578,-163.29251098632812,996.4301147460938,171.62916564941406,-110.77263641357422,494.0599060058594,297.7628479003906,-287.7057800292969,878.5555419921875,-77.19015502929688,-107.08277130126952,212.6702880859375,-107.08028411865234,-131.63478088378906,998.8446044921876,-91.67882537841795,-257.8230285644531,532.6386108398438,-158.16363525390625,-163.6773223876953,861.1415405273438
151.81170654296875,-35.61930084228516,133.4200897216797,196.63507080078125,-161.77455139160156,995.4705200195312,171.22006225585938,-103.37601470947266,493.63525390625,296.7939453125,-294.500244140625,881.820068359375,-76.9302978515625,-125.2964096069336,205.23622131347656,-107.14566040039062,-131.46234130859375,999.121826171875,-90.32594299316406,-260.5609436035156,533.8724365234375,-159.11155700683594,-160.45455932617188,860.4251098632812
151.50405883789062,-25.962432861328125,133.51739501953125,196.6655120849609,-160.34912109375,994.4041748046876,170.78460693359375,-96.19844818115234,493.1808471679688,295.65460205078125,-301.028564453125,884.983154296875,-76.74939727783203,-143.96041870117188,197.96017456054688,-107.27130126953124,-131.3050994873047,999.1697387695312,-88.9898681640625,-262.6582946777344,534.6453247070312,-159.99974060058594,-157.33816528320312,859.5394897460938
151.17431640625,-16.32590675354004,133.60948181152344,196.61441040039065,-159.03041076660156,993.23974609375,170.3292999267578,-89.26889038085938,492.6990661621094,294.3521423339844,-307.2731018066406,888.02099609375,-76.63856506347656,-163.01490783691406,190.9806365966797,-107.45413208007812,-131.1684112548828,998.9859008789062,-87.70561981201172,-264.1308288574219,534.9332275390625,-160.83258056640625,-154.33645629882812,858.4903564453125
150.82571411132812,-6.717057704925537,133.69989013671875,196.48629760742188,-157.8307342529297,991.9864501953124,169.8646697998047,-82.60820770263672,492.1933288574219,292.8949890136719,-313.2173156738281,890.9098510742188,-76.58623504638672,-182.375244140625,184.4296417236328,-107.69051361083984,-131.0605010986328,998.5721435546876,-86.50701904296875,-265.005126953125,534.7256469726562,-161.61578369140625,-151.45803833007812,857.2848510742188
150.46319580078125,2.8557775020599365,133.79476928710938,196.2876434326172,-156.7604522705078,990.6542358398438,169.40501403808594,-76.22974395751953,491.6677551269531,291.2926025390625,-318.8458557128906,893.626708984375,-76.57886505126953,-201.9322662353516,178.42762756347656,-107.97648620605467,-130.99220275878906,997.934814453125,-85.42509460449219,-265.31951904296875,534.028076171875,-162.35614013671875,-148.7117919921875,855.931640625
150.0936737060547,12.383252143859863,133.9028778076172,196.02651977539065,-155.8280029296875,989.2538452148438,168.96713256835938,-70.14091491699219,491.1268310546875,289.5552978515625,-324.1446533203125,896.1494750976562,-76.6016845703125,-221.55328369140625,173.07830810546875,-108.30789184570312,-130.97665405273438,997.0848999023438,-84.48664855957031,-265.12457275390625,532.86328125,-163.0612030029297,-146.1068572998047,854.4403686523438
149.72618103027344,21.85509490966797,134.0354461669922,195.7121124267578,-155.04000854492188,987.7962646484376,168.56837463378906,-64.34542083740234,490.57513427734375,287.6940612792969,-329.1007080078125,898.45703125,-76.63947296142578,-241.08401489257807,168.46343994140625,-108.6806182861328,-131.0288543701172,996.0376586914062,-83.71304321289062,-264.4832763671875,531.2714233398438,-163.73910522460938,-143.65255737304688,852.8218994140625
149.37155151367188,31.26032066345215,134.2056884765625,195.35411071777344,-154.40155029296875,986.2930908203124,168.22450256347656,-58.84554290771485,490.0169067382813,285.72052001953125,-333.70220947265625,900.5297241210938,-76.67718505859375,-260.3510437011719,164.63763427734375,-109.09071350097656,-131.165283203125,994.8125610351562,-83.119140625,-263.4707946777344,529.3084106445312,-164.39834594726562,-141.35841369628906,851.0878295898438
149.0417022705078,40.58760070800781,134.42799377441406,194.9620819091797,-153.91641235351562,984.7560424804688,167.94766235351562,-53.64426803588867,489.45550537109375,283.64678955078125,-337.9384155273437,902.3494873046876,-76.70059204101562,-279.16552734375,161.62423706054688,-109.5344696044922,-131.40342712402344,993.4329833984376,-82.71253967285156,-262.17388916015625,527.0430297851562,-165.0475311279297,-139.23410034179688,849.2506103515625
148.7480010986328,49.82594680786133,134.7170867919922,194.54495239257807,-153.5873565673828,983.1966552734376,167.74456787109375,-48.74687194824219,488.8929748535156,281.4853210449219,-341.799560546875,903.9002685546876,-76.69702911376953,-297.3279113769531,159.41238403320312,-110.00852966308594,-131.76132202148438,991.9254760742188,-82.49303436279297,-260.6900939941406,524.5528564453125,-165.6952667236328,-137.28939819335938,847.3236083984375
148.49942016601562,58.96529769897461,135.08717346191406,194.1104888916016,-153.4163360595703,981.62646484375,167.61521911621094,-44.16190719604492,488.3296508789063,279.2488098144531,-345.2768249511719,905.1681518554688,-76.65583801269531,-314.6335144042969,157.95631408691406,-110.50989532470705,-132.2571258544922,990.319580078125,-82.45236206054688,-259.1261291503906,521.9199829101562,-166.3500213623047,-135.53421020507812,845.32080078125
148.3009796142578,67.99671173095703,135.5518035888672,193.6650238037109,-153.4047088623047,980.0563354492188,167.55201721191406,-39.90161895751953,487.7637634277344,276.9501953125,-348.3622131347656,906.1414794921876,-76.56851196289062,-330.8785095214844,157.17721557617188,-111.03595733642578,-132.90847778320312,988.6468505859376,-82.5743637084961,-257.5953674316406,519.2273559570312,-167.02000427246094,-133.97853088378906,843.257080078125
148.15296936035156,76.9121322631836,136.1239776611328,193.2130584716797,-153.55348205566406,978.49658203125,167.53945922851562,-35.98189926147461,487.1914978027344,274.6025695800781,-351.0485534667969,906.8112182617188,-76.42867279052734,-345.8671569824219,156.96774291992188,-111.58446502685548,-133.73202514648438,986.9401245117188,-82.83545684814453,-256.21368408203125,516.5554809570312,-167.71302795410156,-132.63238525390625,841.1480712890625
148.05076599121094,85.70378875732422,136.81649780273438,192.75714111328125,-153.863525390625,976.9566650390624,167.55458068847656,-32.42201232910156,486.6072082519531,272.2191162109375,-353.3293151855469,907.1710205078124,-76.2319107055664,-359.4197692871094,157.1990509033203,-112.15350341796876,-134.7427215576172,985.23291015625,-83.20547485351562,-255.09410095214844,513.9796752929688,-168.4364776611328,-131.50582885742188,839.01025390625
147.98532104492188,94.36334991455078,137.6424560546875,192.29771423339844,-154.3357391357422,975.4450073242188,167.56802368164062,-29.24420928955078,486.0038757324219,269.8131408691406,-355.19873046875,907.2174072265624,-75.97569274902344,-371.3810729980469,157.7300567626953,-112.7415008544922,-135.9532012939453,983.5584106445312,-83.64910888671875,-254.3402557373047,511.5669860839844,-169.19711303710938,-130.60888671875,836.86083984375
147.94436645507812,102.8808135986328,138.61581420898438,191.8329925537109,-154.97122192382812,973.9689331054688,167.5460205078125,-26.47347068786621,485.3735961914063,267.39801025390625,-356.6516418457031,906.949951171875,-75.65950775146484,-381.62896728515625,158.4177703857422,-113.3471908569336,-137.37306213378906,981.9488525390624,-84.1281509399414,-254.03988647460935,509.3737487792969,-170.00103759765625,-129.95152282714844,834.7177734375
147.9139862060547,111.24329376220705,139.7517547607422,191.3589782714844,-155.77130126953125,972.5347900390624,167.4531707763672,-24.137439727783203,484.70843505859375,264.9871826171875,-357.6834411621094,906.37109375,-75.2850341796875,-390.0821228027344,159.1278076171875,-113.96964263916016,-139.00816345214844,980.4348754882812,-84.60459899902344,-254.25909423828125,507.4432067871094,-170.8534698486328,-129.54351806640625,832.5997314453125
147.88040161132812,119.43387603759766,141.06715393066406,190.86959838867188,-156.73728942871094,971.1477661132812,167.2559051513672,-22.26653861999512,484.00103759765625,262.59423828125,-358.29022216796875,905.4865112304688,-74.8563461303711,-396.70599365234375,159.74423217773438,-114.6082534790039,-140.85989379882812,979.0448608398438,-85.04387664794922,-255.0375518798828,505.8045654296875,-171.7587127685547,-129.39439392089844,830.52587890625
147.83164978027344,127.43061065673828,142.58099365234375,190.3572540283203,-157.8699951171875,969.8126220703124,166.92620849609375,-20.894182205200195,483.2453002929688,260.23272705078125,-358.4687194824219,904.304931640625,-74.37994384765625,-401.5162658691406,160.1772003173828,-115.26277160644533,-142.92449951171875,977.8047485351562,-85.41786193847656,-256.3850402832031,504.47308349609375,-172.71987915039062,-129.51332092285156,828.5157470703125
147.75900268554688,135.2056121826172,144.31455993652344,189.81336975097656,-159.16915893554688,968.5339965820312,166.44546508789062,-20.0568904876709,482.4367370605469,257.9163513183594,-358.2162780761719,902.8383178710938,-73.86473846435547,-404.5784301757813,160.36770629882812,-115.93327331542967,-145.19253540039062,976.7376098632812,-85.70765686035156,-258.2799072265625,503.4513854980469,-173.73890686035156,-129.908935546875,826.5892333984375
147.65774536132812,142.7244110107422,146.29165649414062,189.22911071777344,-160.63253784179688,967.3168334960938,165.80760192871094,-19.794151306152344,481.5729675292969,255.6587371826172,-357.5309753417969,901.1014404296876,-73.32217407226562,-406.0039978027344,160.2882843017578,-116.6201400756836,-147.6485595703125,975.8632202148438,-85.90580749511719,-260.6698303222656,502.7314453125,-174.81626892089844,-130.5892333984375,824.7662353515625
147.52725219726562,149.94534301757812,148.5385284423828,188.59600830078125,-162.255126953125,966.1666870117188,165.0214080810547,-20.14792251586914,480.6534118652344,253.4734039306641,-356.4117126464844,899.1121826171875,-72.76659393310547,-405.94244384765625,159.93991088867188,-117.32398986816406,-150.27098083496094,975.1983032226562,-86.0180435180664,-263.47528076171875,502.2973937988281,-175.9510498046875,-131.56137084960938,823.06640625
147.3704376220703,156.81918334960938,151.0832977294922,187.9066162109375,-164.0284423828125,965.0899047851562,164.11148071289062,-21.16154670715332,479.67913818359375,251.37371826171875,-354.85821533203125,896.89111328125,-72.21553802490234,-404.5698852539063,159.34579467773438,-118.04566192626952,-153.03236389160156,974.7556762695312,-86.0638656616211,-266.5951843261719,502.1278381347656,-177.1407470703125,-132.8314666748047,821.50927734375
147.19296264648438,163.28839111328125,153.95449829101562,187.1550445556641,-165.93968200683594,964.0935668945312,163.1177978515625,-22.878019332885746,478.65234375,249.37271118164065,-352.8713073730469,894.4613647460938,-71.68994903564453,-402.0746765136719,158.54432678222656,-118.78609466552734,-155.90005493164062,974.54443359375,-86.07594299316406,-269.9140930175781,502.1974792480469,-178.38136291503906,-134.4044647216797,820.1134033203125
147.0023956298828,169.2864990234375,157.17881774902344,186.3376922607422,-167.97125244140625,963.185546875,162.09371948242188,-25.337556838989254,477.57562255859375,247.48292541503903,-350.452880859375,891.8485107421875,-71.2134780883789,-398.6421508789063,157.58258056640625,-119.54627990722656,-158.837158203125,974.5692749023438,-86.09798431396484,-273.3099365234375,502.477783203125,-179.66738891601562,-136.283935546875,818.896728515625
146.80763244628906,174.73770141601562,160.7787322998047,185.45362854003903,-170.10032653808594,962.374267578125,161.1024169921875,-28.57465362548828,476.45123291015625,245.71632385253903,-347.60626220703125,889.080078125,-70.81049346923828,-394.4404602050781,156.5106658935547,-120.32718658447266,-161.8039093017578,974.8302612304688,-86.18103790283203,-276.6611328125,502.9363098144531,-180.99197387695312,-138.47190856933594,817.8758544921875
146.61830139160156,179.5569305419922,164.7705535888672,184.5047607421875,-172.29893493652344,961.6679077148438,160.2120361328125,-32.6148567199707,475.2808227539063,244.083984375,-344.33624267578125,886.1851196289062,-70.50341796875,-389.6109619140625,155.3770294189453,-121.1296157836914,-164.75929260253906,975.32275390625,-86.37853240966797,-279.8523864746094,503.5353088378906,-182.346923828125,-140.9686737060547,817.06591796875
146.444091796875,183.651123046875,169.16348266601562,183.49575805664065,-174.53451538085938,961.07421875,159.48985290527344,-37.47153472900391,474.0655212402344,242.5960693359375,-340.6493835449219,883.1942749023438,-70.3099136352539,-384.2634582519531,154.2252960205078,-121.9541015625,-167.66256713867188,976.037109375,-86.74029541015625,-282.7787475585937,504.2307434082031,-183.72300720214844,-143.77272033691406,816.480224609375
146.2938995361328,186.9222869873047,173.9593505859375,182.43370056152344,-176.77102661132812,960.60009765625,158.99571228027344,-43.143157958984375,472.8070068359375,241.2615509033203,-336.5540771484375,880.1387939453125,-70.24061584472656,-378.4758605957031,153.09230041503906,-122.8007583618164,-170.47488403320312,976.958984375,-87.3064956665039,-285.34698486328125,504.9729614257813,-185.11001586914065,-146.88055419921875,816.1300048828125
146.1750030517578,189.2717742919922,179.15184020996094,181.3275451660156,-178.9704132080078,960.2512817382812,158.7759552001953,-49.611576080322266,471.5095825195313,240.08811950683597,-332.0607604980469,877.0504760742188,-70.29808807373047,-372.2973937988281,152.00701904296875,-123.66912078857422,-173.16050720214844,978.0702514648438,-88.1023941040039,-287.4754638671875,505.7095336914063,-186.4970550537109,-150.2865753173828,816.024169921875
146.09219360351562,190.60569763183597,184.7246856689453,180.1874847412109,-181.0943756103516,960.0322875976562,158.8584442138672,-56.84156036376953,470.1828918457031,239.0820159912109,-327.1819763183594,873.9611206054688,-70.47698974609375,-365.7539367675781,150.99063110351562,-124.55806732177734,-175.68768310546875,979.3494873046876,-89.13473510742188,-289.0924987792969,506.3904113769531,-187.8726501464844,-153.9830780029297,816.1690063476562
146.04721069335938,190.841064453125,190.6492156982422,179.02438354492188,-183.1059417724609,959.9469604492188,159.2497100830078,-64.78174591064453,468.8449096679688,238.2479705810547,-321.9324035644531,870.9021606445312,-70.76522064208984,-358.85498046875,150.05711364746094,-125.46575927734376,-178.02902221679688,980.7730712890624,-90.39036560058594,-290.1342468261719,506.9739685058594,-189.22494506835935,-157.96014404296875,816.5682373046875
146.0382537841797,189.91238403320312,196.8819732666016,177.84921264648438,-184.97119140625,959.9985961914062,159.93484497070312,-73.36670684814453,467.5239562988281,237.5891265869141,-316.3288269042969,867.9041137695312,-71.14549255371094,-351.6008605957031,149.21444702148438,-126.38971710205078,-180.16163635253903,982.3163452148438,-91.83751678466795,-290.54315185546875,507.43212890625,-190.54193115234372,-162.2056884765625,817.2227783203125
146.05967712402344,187.77813720703125,203.36322021484372,176.67257690429688,-186.66064453125,960.1903686523438,160.88006591796875,-82.52001953125,466.2597961425781,237.10699462890625,-310.3900756835937,864.996337890625,-71.59690856933594,-343.9895935058594,148.4657440185547,-127.32699584960938,-182.0668029785156,983.9544067382812,-93.42933654785156,-290.2677307128906,507.7534790039063,-191.81153869628903,-166.70553588867188,818.131103515625
146.10179138183594,184.4260711669922,210.01731872558597,175.50433349609375,-188.15069580078125,960.5255737304688,162.037109375,-92.15765380859376,465.1028442382813,236.8014678955078,-304.13690185546875,862.2066040039062,-72.09683990478516,-336.0221862792969,147.81056213378906,-128.2744598388672,-183.7296142578125,985.662841796875,-95.10919189453124,-289.26416015625,507.9431762695313,-193.0218505859375,-171.4434814453125,819.2889404296875
146.15194702148438,179.8765411376953,216.75506591796875,174.35337829589844,-189.42469787597656,961.0081176757812,163.34849548339844,-102.1915054321289,464.1119995117188,236.6708221435547,-297.5918273925781,859.5606689453125,-72.62283325195312,-327.70672607421875,147.2457275390625,-129.22900390625,-185.1384429931641,987.418212890625,-96.81688690185548,-287.49884033203125,508.0205078125,-194.16128540039065,-176.4015655517578,820.6897583007812
146.1966094970703,174.18316650390625,223.47715759277344,173.2272491455078,-190.4736785888672,961.6422729492188,164.75244140625,-112.5326919555664,463.351318359375,236.7117462158203,-290.77899169921875,857.0818481445312,-73.15445709228516,-319.0605163574219,146.76597595214844,-130.18775939941406,-186.28456115722656,989.1983642578124,-98.49506378173828,-284.9517517089844,508.0140075683594,-195.21868896484372,-181.56021118164065,822.324951171875
146.22396850585938,167.4297332763672,230.07815551757807,172.13189697265625,-191.2965240478516,962.4324951171876,166.1874542236328,-123.09454345703124,462.8855590820313,236.9193878173828,-283.7238464355469,854.79052734375,-73.6747055053711,-310.1109619140625,146.36447143554688,-131.148193359375,-187.16180419921875,990.9824829101562,-100.09493255615234,-281.6199951171875,507.9556884765625,-196.18360900878903,-186.8985748291016,824.1837768554688
146.22625732421875,159.72328186035156,236.4500732421875,171.07147216796875,-191.89962768554688,963.3828125,167.5958709716797,-133.7952423095703,462.77545166015625,237.2873992919922,-276.4530029296875,852.7041015625,-74.17062377929688,-300.8945617675781,146.033203125,-132.10818481445312,-187.76632690429688,992.7509765625,-101.58050537109376,-277.5205993652344,507.8752136230469,-197.04638671875,-192.39480590820312,826.2542114257812
146.20095825195312,151.18399047851562,242.48471069335935,170.04820251464844,-192.2960662841797,964.4959716796876,168.9268798828125,-144.55966186523438,463.0729675292969,237.80799865722656,-268.9940185546875,850.8363037109375,-74.63330078125,-291.4539489746094,145.76345825195312,-133.06581115722656,-188.09646606445312,994.48583984375,-102.9305191040039,-272.6918029785156,507.7960205078125,-197.79830932617188,-198.0263214111328,828.5225219726562
146.1508026123047,141.93380737304688,248.0748291015625,169.0624237060547,-192.50454711914065,965.7726440429688,170.1385040283203,-155.3203582763672,463.81689453125,238.47206115722656,-261.37506103515625,849.1972045898438,-75.05764770507812,-281.8344421386719,145.54635620117188,-134.01930236816406,-188.15283203125,996.1702880859376,-104.13802337646484,-267.192138671875,507.7333679199219,-198.4317779541016,-203.7702178955078,830.9741821289062
146.0826873779297,132.0860595703125,253.1151885986328,168.11279296875,-192.5479888916016,967.2100830078124,171.19854736328125,-166.0176239013672,465.0295715332031,239.2691802978516,-253.6247711181641,847.7925415039062,-75.44192504882812,-272.0806884765625,145.37327575683594,-134.96673583984375,-187.93826293945312,997.7890014648438,-105.20797729492188,-261.0973815917969,507.6947937011719,-198.9403076171875,-209.6034698486328,833.5936279296875
146.0058135986328,121.7376937866211,257.504638671875,167.19668579101562,-192.4518585205078,968.8016967773438,172.0845184326172,-176.5986328125,466.71478271484375,240.18771362304688,-245.77198791503903,846.6240234375,-75.78722381591797,-262.23419189453125,145.23622131347656,-135.90574645996094,-187.4579925537109,999.3281860351562,-106.15377807617188,-254.4955291748047,507.6818542480469,-199.31871032714844,-215.50323486328125,836.3646850585938
145.92977905273438,110.96524810791016,261.149169921875,166.31076049804688,-192.24253845214844,970.5359497070312,172.7825164794922,-187.0164031982422,468.857177734375,241.2149810791016,-237.8455047607422,845.68896484375,-76.09676361083984,-252.33132934570312,145.12831115722656,-136.8333282470703,-186.71983337402344,1000.7756958007812,-106.99337768554688,-247.4810943603516,507.6923522949219,-199.56295776367188,-221.4470977783203,839.2706909179688
145.8629913330078,99.82422637939452,263.9657897949219,165.451416015625,-191.9457092285156,972.3965454101562,173.28558349609375,-197.2283477783203,471.4231872558594,242.33724975585935,-229.8739318847656,844.9804077148438,-76.3752212524414,-242.4022674560547,145.0438690185547,-137.74557495117188,-185.734130859375,1002.1211547851562,-107.74571228027344,-240.14881896972656,507.7225036621094,-199.6702880859375,-227.41329956054688,842.2946166992188
145.81190490722656,88.35098266601562,265.88629150390625,164.61541748046875,-191.5849151611328,974.3623046875,173.59164428710938,-207.1951446533203,474.3634948730469,243.5399627685547,-221.88540649414065,844.4869995117188,-76.62770080566406,-232.47059631347656,144.97857666015625,-138.63748168945312,-184.5137939453125,1003.3561401367188,-108.42799377441406,-232.58782958984372,507.768310546875,-199.63909912109372,-233.3807830810547,845.4192504882812
145.78115844726562,76.56585693359375,266.8608093261719,163.80030822753906,-191.1804962158203,976.4075927734376,173.70175170898438,-216.8798675537109,477.6164855957031,244.80783081054688,-213.907470703125,844.1936645507812,-76.85877990722656,-222.5535888671875,144.92922973632812,-139.5029754638672,-183.0741271972656,1004.4739990234376,-109.053955078125,-224.8765106201172,507.8265075683594,-199.4688415527344,-239.3294219970703,848.6270141601562
145.77438354492188,64.47666931152344,266.8604736328125,163.0048065185547,-190.7487335205078,978.5033569335938,173.6184844970703,-226.2471923828125,481.1126708984375,246.12503051757807,-205.9668884277344,844.08154296875,-77.07168579101562,-212.6627655029297,144.8937225341797,-140.3349151611328,-181.43267822265625,1005.469970703125,-109.63316345214844,-217.0787353515625,507.89459228515625,-199.1599273681641,-245.23992919921875,851.900146484375
145.79513549804688,52.082061767578125,265.8783569335937,162.2290496826172,-190.301513671875,980.6180419921876,173.34490966796875,-235.26271057128903,484.779052734375,247.4754180908203,-198.0894927978516,844.1285400390625,-77.26793670654297,-202.80455017089844,144.87083435058594,-141.1253204345703,-179.60891723632812,1006.3411865234376,-110.1712875366211,-209.24203491210935,507.97076416015625,-198.7136383056641,-251.09402465820312,855.2207641601562
145.8474578857422,39.374454498291016,263.9284973144531,161.47476196289062,-189.8463134765625,982.71875,172.8840789794922,-243.89268493652344,488.5434875488281,248.8427276611328,-190.30007934570312,844.3099975585938,-77.447265625,-192.98118591308597,144.86004638671875,-141.86563110351562,-177.6240692138672,1007.0863647460938,-110.6709213256836,-201.39794921875,508.0532836914063,-198.1319580078125,-256.8742980957031,858.5706787109375
145.9360809326172,26.342182159423828,261.0439758300781,160.74525451660156,-189.38661193847656,984.7722778320312,172.2390899658203,-252.10372924804688,492.3375854492188,250.21078491210935,-182.6222686767578,844.59912109375,-77.60784149169922,-183.1915740966797,144.861328125,-142.547119140625,-175.50067138671875,1007.705810546875,-111.13243865966795,-193.5645446777344,508.1402282714844,-197.41744995117188,-262.5643005371094,861.9315185546875
146.06631469726562,12.97040843963623,257.2744445800781,160.0453338623047,-188.92247009277344,986.74609375,171.4134063720703,-259.8629150390625,496.0987854003906,251.56381225585935,-175.0784454345703,844.9676513671875,-77.74664306640625,-173.43240356445312,144.87490844726562,-143.16139221191406,-173.26217651367188,1008.2008056640624,-111.55445861816406,-185.75030517578125,508.2294006347656,-196.57325744628903,-268.1483154296875,865.28466796875
146.2437286376953,-0.758823812007904,252.6837921142578,159.38099670410156,-188.45114135742188,988.6094360351562,170.41171264648438,-267.137939453125,499.7710571289063,252.88656616210935,-167.689697265625,845.3866577148438,-77.86003112792969,-163.69932556152344,144.90113830566406,-143.70079040527344,-170.93275451660156,1008.5738525390624,-111.93389129638672,-177.95858764648438,508.3185729980469,-195.6028594970703,-273.6114501953125,868.611328125
146.47349548339844,-14.866769790649414,247.34825134277344,158.75906372070312,-187.9677276611328,990.333740234375,169.2406768798828,-273.8973388671875,503.304443359375,254.16465759277344,-160.47569274902344,845.8271484375,-77.94428253173828,-153.98780822753906,144.94032287597656,-144.1588592529297,-168.5369873046875,1008.8279418945312,-112.26600646972656,-170.1913604736328,508.4061584472656,-194.51019287109372,-278.9394226074219,871.892578125
146.75958251953125,-29.377758026123047,241.3549041748047,158.1868438720703,-187.4658966064453,991.8932495117188,167.91009521484375,-280.11083984375,506.6543884277344,255.3847198486328,-153.4547576904297,846.2606201171875,-77.99614715576172,-144.29380798339844,144.99253845214844,-144.53074645996094,-166.0996856689453,1008.9666137695312,-112.54469299316406,-162.45201110839844,508.4913940429688,-193.29946899414065,-284.1185607910156,875.109130859375
147.1039276123047,-44.31804656982422,234.8005828857422,157.6716766357422,-186.93870544433597,993.265625,166.43380737304688,-285.7499084472656,509.7806091308594,256.5346374511719,-146.643798828125,846.6598510742188,-78.01338195800781,-134.6138458251953,145.05751037597656,-144.81353759765625,-163.64564514160156,1008.9935913085938,-112.76325988769533,-154.74710083007812,508.5740356445313,-191.9752349853516,-289.1356811523437,878.24169921875
147.50567626953125,-59.71348571777344,227.79087829589844,157.22055053710938,-186.3792724609375,994.4317626953124,164.8304901123047,-290.7886047363281,512.6463623046875,257.603759765625,-140.05845642089844,846.9993286132812,-77.99518585205078,-124.94493103027344,145.13455200195312,-145.00634765625,-161.19918823242188,1008.9125366210938,-112.91552734375,-147.087158203125,508.6541442871094,-190.54226684570312,-293.9782409667969,881.270751953125
147.9606475830078,-75.58599853515625,220.43927001953125,156.8397674560547,-185.78152465820312,995.3763427734376,163.12388610839844,-295.2042541503906,515.2177734375,258.58306884765625,-133.71310424804688,847.2557373046875,-77.94247436523438,-115.2844467163086,145.22244262695312,-145.1103973388672,-158.78350830078125,1008.7268676757812,-112.99723815917967,-139.48658752441406,508.7312316894531,-189.005615234375,-298.6341247558594,884.1768798828125
148.46131896972656,-91.94935607910156,212.86587524414065,156.53463745117188,-185.14080810546875,996.087646484375,161.3427276611328,-298.9789733886719,517.4642333984375,259.4652404785156,-127.62100219726562,847.4083251953125,-77.8580093383789,-105.630126953125,145.3194122314453,-145.12892150878906,-156.42015075683594,1008.439697265625,-113.00724029541016,-131.96299743652344,508.8040161132813,-187.3705596923828,-303.0919494628906,886.940673828125
148.99676513671875,-108.80499267578124,205.19583129882807,156.30918884277344,-184.454345703125,996.5574951171876,159.5199737548828,-302.10076904296875,519.3585815429688,260.2449645996094,-121.79444122314452,847.4393310546875,-77.74626159667969,-95.98004150390624,145.42320251464844,-145.06703186035156,-154.1285400390625,1008.0537109375,-112.94831848144533,-124.53580474853516,508.8701171875,-185.6427001953125,-307.3407897949219,889.5430908203125
149.5531005859375,-126.13848114013672,197.55686950683597,156.16607666015625,-183.72169494628903,996.781494140625,157.6916961669922,-304.56512451171875,520.8779296875,260.9187927246094,-116.24485778808594,847.333984375,-77.6131362915039,-86.33255004882812,145.5312042236328,-144.9314422607422,-151.92572021484375,1007.5714721679688,-112.82770538330078,-117.2249984741211,508.9259033203125,-183.82785034179688,-311.370361328125,891.96533203125
150.11395263671875,-143.91676330566406,190.07652282714844,156.10638427734375,-182.94503784179688,996.7589111328124,155.89547729492188,-306.3764038085937,522.0048828125,261.4853210449219,-110.98297119140624,847.0809326171875,-77.46537780761719,-76.6864013671875,145.64065551757812,-144.73020935058594,-149.82618713378906,1006.9951171875,-112.6569595336914,-110.04984283447266,508.9666442871094,-181.93218994140625,-315.1710205078125,894.189453125
150.6616973876953,-162.08619689941406,182.87875366210935,156.12974548339844,-182.1293792724609,996.4922485351562,154.1685333251953,-307.5492248535156,522.728759765625,261.9452514648437,-106.01891326904295,846.672119140625,-77.31004333496094,-67.04082489013672,145.7488250732422,-144.4722137451172,-147.84170532226562,1006.32666015625,-112.45136260986328,-103.02799987792967,508.986572265625,-179.96224975585938,-318.73358154296875,896.1981811523438
151.17901611328125,-180.5716552734375,176.0804901123047,156.23426818847656,-181.28265380859372,995.9877319335938,152.54576110839844,-308.1095275878906,523.0467529296875,262.30126953125,-101.36236572265624,846.1028442382812,-77.1538314819336,-57.39577102661133,145.85321044921875,-144.1666259765625,-145.981201171875,1005.568115234375,-112.2286376953125,-96.17520141601562,508.9789123535156,-177.92498779296875,-322.04962158203125,897.9754028320312
151.64984130859375,-199.2759552001953,169.78782653808594,156.416748046875,-180.41555786132807,995.254638671875,151.0575714111328,-308.0955810546875,522.9651489257812,262.5579528808594,-97.02256774902344,845.371826171875,-77.00257873535156,-47.75221633911133,145.9518585205078,-143.8223419189453,-144.2510223388672,1004.7214965820312,-112.0072021484375,-89.50524139404297,508.9363403320313,-175.82789611816406,-325.11114501953125,899.50634765625
152.05946350097656,-218.0792999267578,164.09210205078125,156.67271423339844,-179.54136657714844,994.3057861328124,149.7281036376953,-307.5582275390625,522.4996948242188,262.7218017578125,-93.00840759277344,844.4808349609375,-76.86077880859375,-38.112525939941406,146.04359436035156,-143.447265625,-142.6553497314453,1003.7891235351562,-111.80422973632812,-83.0303726196289,508.8511657714844,-173.6790313720703,-327.9107971191406,900.77783203125
152.39431762695312,-236.8395538330078,159.06597900390625,156.9966583251953,-178.67547607421875,993.1569213867188,148.57351684570312,-306.5604858398437,521.6763916015625,262.8009338378906,-89.32833099365234,843.434814453125,-76.7313461303711,-28.480920791625977,146.12843322753906,-143.0479278564453,-141.19662475585938,1002.7737426757812,-111.63373565673828,-76.76199340820312,508.7157287597656,-171.48707580566406,-330.441650390625,901.7786865234376
152.64242553710938,-255.3939514160156,154.7598419189453,157.3822784423828,-177.8350830078125,991.8271484375,147.60089111328125,-305.1764831542969,520.5302734375,262.804931640625,-85.9902572631836,842.2415771484375,-76.61554718017578,-18.863964080810547,146.20787048339844,-142.62921142578125,-139.8760528564453,1001.6786499023438,-111.5048828125,-70.71154022216797,508.5230712890625,-169.26133728027344,-332.6973876953125,902.4998168945312
152.7932586669922,-273.5611267089844,151.1982879638672,157.82264709472656,-177.03868103027344,990.3384399414062,146.8077850341797,-303.4899597167969,519.10498046875,262.74462890625,-83.00145721435547,840.9114379882812,-76.51334381103516,-9.270988464355469,146.28530883789062,-142.1945343017578,-138.6936492919922,1000.5079956054688,-111.42078399658205,-64.89112091064453,508.2672729492188,-167.0118408203125,-334.6719665527344,902.9345703125
152.83689880371094,-291.1432189941406,148.37738037109375,158.31060791015625,-176.3056640625,988.7155151367188,146.1824493408203,-301.5918884277344,517.4505615234375,262.6318664550781,-80.36839294433594,839.457275390625,-76.4241714477539,0.2855757772922516,146.3663787841797,-141.7461395263672,-137.64845275878906,999.26708984375,-111.3777084350586,-59.31383895874024,507.9444580078125,-164.74920654296875,-336.3598022460937,903.0789184570312
152.76376342773438,-307.9297180175781,146.26356506347656,158.8389434814453,-175.65597534179688,986.9855346679688,145.70484924316406,-299.5776062011719,515.6218872070312,262.4792785644531,-78.09661865234375,837.8938598632812,-76.34772491455078,9.79030418395996,146.45950317382812,-141.28530883789062,-136.73880004882812,997.962646484375,-111.364990234375,-53.99367141723633,507.5531311035156,-162.4846649169922,-337.7556457519531,902.931884765625
152.5653533935547,-323.70440673828125,144.7951202392578,159.4007110595703,-175.10963439941406,985.1775512695312,145.34841918945312,-297.5430603027344,513.6758422851562,262.2999572753906,-76.1906509399414,836.2378540039062,-76.28417205810547,19.225799560546875,146.5762939453125,-140.8125,-135.9626922607422,996.602783203125,-111.3654556274414,-48.945098876953125,507.094970703125,-160.2300262451172,-338.8544921875,902.4954833984376
152.2354278564453,-338.2553100585937,143.88571166992188,159.9894256591797,-174.68637084960938,983.322265625,145.082275390625,-295.580810546875,511.6692504882813,262.1072692871094,-74.65388488769531,834.50732421875,-76.23387145996094,28.5742130279541,146.7313690185547,-140.3275146484375,-135.31826782226562,995.197021484375,-111.35643005371094,-44.18263244628906,506.5749816894531,-157.99746704101562,-339.6517333984375,901.7749633789062
151.77122497558594,-351.3851623535156,143.43031311035156,160.59921264648438,-174.40513610839844,981.4514770507812,144.87391662597656,-293.775634765625,509.6564636230469,261.91455078125,-73.48847961425781,832.7218017578125,-76.19719696044922,37.81870269775391,146.94186401367188,-139.82952880859375,-134.80421447753906,993.7562255859376,-111.3111801147461,-39.720436096191406,506.0017395019531,-155.79959106445312,-340.1430358886719,900.7789306640624
151.17477416992188,-362.9224243164063,143.31289672851562,161.22506713867188,-174.2835693359375,979.59716796875,144.69195556640625,-292.2001647949219,507.6874694824219,261.7349853515625,-72.69532775878906,830.9014892578125,-76.17432403564453,46.94454193115234,147.22640991210938,-139.31724548339844,-134.4200897216797,992.29248046875,-111.2006607055664,-35.57223129272461,505.3870849609375,-153.64915466308594,-340.3244323730469,899.5194091796875
150.45396423339844,-372.7308654785156,143.41525268554688,161.86289978027344,-174.33749389648438,977.7916259765624,144.50889587402344,-290.9113464355469,505.8062438964844,261.5812072753906,-72.27399444580078,829.0671997070312,-76.1651611328125,55.93962097167969,147.60421752929688,-138.78887939453125,-134.1665496826172,990.81884765625,-110.99537658691406,-31.751585006713867,504.74560546875,-151.55902099609375,-340.1924743652344,898.0115356445312
149.62327575683594,-380.717529296875,143.62608337402344,162.50970458984375,-174.58023071289062,976.066162109375,144.30335998535156,-289.9477844238281,504.0494384765625,261.4653015136719,-72.2227554321289,827.2401733398438,-76.16925048828125,64.79428100585938,148.0941162109375,-138.24227905273438,-134.0454864501953,989.3485717773438,-110.66728973388672,-28.272655487060547,504.093505859375,-149.54200744628906,-339.7441711425781,896.2735595703125
148.70408630371094,-386.8381958007813,143.84898376464844,163.16360473632812,-175.02197265625,974.4511108398438,144.0619659423828,-289.3285217285156,502.4459533691406,261.3984069824219,-72.53870391845703,825.4413452148438,-76.18582153320312,73.5004653930664,148.71409606933594,-137.67491149902344,-134.0599822998047,987.8951416015624,-110.19156646728516,-25.15138435363769,503.44720458984375,-147.61073303222656,-338.977294921875,894.3267211914062
147.72434997558594,-391.1002807617188,144.00845336914062,163.82394409179688,-175.6691131591797,972.9751586914062,143.7803955078125,-289.0536499023437,501.0169677734375,261.3906555175781,-73.21778869628906,823.6913452148438,-76.21371459960938,82.05021667480469,149.48104858398438,-137.08389282226562,-134.21392822265625,986.4715576171876,-109.54830169677734,-22.40690803527832,502.8218688964844,-145.77749633789062,-337.89044189453125,892.1947631835938
146.71786499023438,-393.56292724609375,144.05284118652344,164.49127197265625,-176.5236053466797,971.6647338867188,143.46397399902344,-289.1063842773437,499.7766723632813,261.45098876953125,-74.25497436523438,822.0100708007812,-76.25151824951172,90.4337158203125,150.41104125976562,-136.46609497070312,-134.51162719726562,985.0899658203124,-108.72411346435548,-20.063003540039062,502.2296447753906,-144.05406188964844,-336.483154296875,889.9036865234375
145.72259521484375,-394.3336181640625,143.95420837402344,165.1673126220703,-177.58242797851562,970.5435791015624,143.12745666503906,-289.45635986328125,498.7335815429688,261.58709716796875,-75.6443099975586,820.4161987304688,-76.2978744506836,98.63719177246094,151.51966857910156,-135.8181915283203,-134.95701599121094,983.7611694335938,-107.71373748779295,-18.14933586120605,501.6784362792969,-142.45155334472656,-334.7561340332031,887.4814453125
144.77842712402344,-393.5615234375,143.70504760742188,165.8549041748047,-178.83717346191406,969.6322631835938,142.79437255859375,-290.0636291503906,497.8918762207031,261.80517578125,-77.37911224365234,818.9273071289062,-76.35206604003906,106.64078521728516,152.82272338867188,-135.1367950439453,-135.55287170410156,982.4948120117188,-106.52146911621094,-16.702213287353516,501.1710815429688,-140.98025512695312,-332.7113647460937,884.957275390625
143.9241180419922,-391.4275817871094,143.31283569335938,166.55776977539062,-180.27386474609372,968.9476928710938,142.4956817626953,-290.8827209472656,497.2525634765625,262.1100158691406,-79.4520492553711,817.5593872070312,-76.41448211669922,114.4166030883789,154.336669921875,-134.4186248779297,-136.29977416992188,981.2987060546876,-105.1623764038086,-15.764665603637695,500.7050476074219,-139.6494903564453,-330.3523254394531,882.3612670898438
143.19403076171875,-388.1311340332031,142.7941131591797,167.2803497314453,-181.873046875,968.5029296875,142.26795959472656,-291.8656616210937,496.8143310546875,262.50494384765625,-81.85531616210938,816.3264770507812,-76.48699951171875,121.9270248413086,156.07907104492188,-133.6607666015625,-137.19520568847656,980.17919921875,-103.66313934326172,-15.385607719421388,500.27239990234375,-138.46739196777344,-327.6839904785156,879.7240600585938
142.6147918701172,-383.8749694824219,142.16995239257812,168.0274658203125,-183.610107421875,968.306396484375,142.15084838867188,-292.9639892578125,496.5733642578125,262.9916381835937,-84.58075714111328,815.2410888671875,-76.57286071777344,129.1234588623047,158.06884765625,-132.8608856201172,-138.23263549804688,979.140869140625,-102.06217193603516,-15.618042945861816,499.8601989746094,-137.44078063964844,-324.7131042480469,877.0760498046875
142.20237731933594,-378.8497009277344,141.4635009765625,168.80398559570312,-185.4561309814453,968.36181640625,142.18418884277344,-294.1292419433594,496.5228271484375,263.5703125,-87.61991882324219,814.3134765625,-76.67621612548828,135.9454345703125,160.32632446289062,-132.01742553710938,-139.40074157714844,978.1867065429688,-100.40885925292967,-16.516368865966797,499.4506530761719,-136.5750732421875,-321.44805908203125,874.4468994140625
141.96031188964844,-373.2205505371094,140.69912719726562,169.61436462402344,-187.3788299560547,968.667724609375,142.40438842773438,-295.31170654296875,496.651123046875,264.23974609375,-90.964111328125,813.5521850585938,-76.80130767822266,142.3203582763672,162.8729705810547,-131.12991333007812,-140.68301391601562,977.3182373046876,-98.76172637939452,-18.132991790771484,499.0216369628906,-135.8740997314453,-317.8990478515625,871.864990234375
141.87945556640625,-367.1186218261719,139.90237426757812,170.462158203125,-189.34390258789065,969.21728515625,142.84068298339844,-296.4583435058594,496.9403381347656,264.997314453125,-94.60443878173828,812.9637451171875,-76.95169067382812,148.16424560546875,165.73094177246094,-130.19906616210938,-142.05752563476562,976.5355224609376,-97.1855010986328,-20.51448631286621,498.5470581054688,-135.34005737304688,-314.0780944824219,869.35693359375
141.9393768310547,-360.6377868652344,139.09909057617188,171.3496551513672,-191.3163909912109,969.998291015625,143.51129150390625,-297.5099792480469,497.3648376464844,265.8389892578125,-98.53181457519533,812.5527954101562,-77.12959289550781,153.38352966308594,168.9224090576172,-129.2268829345703,-143.49705505371094,975.837646484375,-95.7469711303711,-23.697662353515625,497.9981384277344,-134.9735107421875,-309.9989013671875,866.9469604492188
142.11106872558594,-353.8369140625,138.31381225585938,172.2775115966797,-193.2619171142578,970.9932250976562,144.42037963867188,-298.39874267578125,497.8907470703125,266.7596130371094,-102.73690795898438,812.322265625,-77.33547973632812,157.87811279296875,172.4685516357422,-128.21685791015625,-144.96954345703125,975.22314453125,-94.50979614257812,-27.705854415893555,497.3453063964844,-134.77330017089844,-305.67681884765625,864.6566772460938
142.36050415039062,-346.74530029296875,137.56825256347656,173.24452209472656,-195.14773559570312,972.1800537109376,145.55642700195312,-299.0464782714844,498.4775085449219,267.7528381347656,-107.21017456054688,812.2735595703125,-77.56768798828125,161.5451202392578,176.38783264160156,-127.17382049560548,-146.4388885498047,974.6903076171876,-93.5288314819336,-32.545833587646484,496.5615234375,-134.73663330078125,-301.128662109375,862.5044555664062
142.65255737304688,-339.37060546875,136.8797607421875,174.2476348876953,-196.94354248046875,973.5324096679688,146.8921661376953,-299.3654479980469,499.08050537109375,268.8113708496094,-111.94183349609376,812.4066162109375,-77.8220443725586,164.2834930419922,180.6937561035156,-126.1038818359375,-147.8663330078125,974.2376708984376,-92.8447265625,-38.20571899414063,495.6261596679688,-134.85914611816406,-296.3726501464844,860.505615234375
142.95469665527344,-331.7080078125,136.2605438232422,175.2820587158203,-198.6218719482422,975.0213012695312,148.38662719726562,-299.2611083984375,499.6548767089844,269.9268493652344,-116.92179107666016,812.7203369140625,-78.09161376953125,165.99925231933594,185.39157104492188,-125.01409149169922,-149.21212768554688,973.8645629882812,-92.4796905517578,-44.654335021972656,494.5298461914063,-135.13504028320312,-291.4280700683594,858.6720581054688
143.23951721191406,-323.7490234375,135.71714782714844,176.3415985107422,-200.15830993652344,976.61572265625,149.98886108398438,-298.63739013671875,500.1595458984375,271.090087890625,-122.13959503173828,813.212646484375,-78.36681365966797,166.6112060546875,190.47463989257807,-123.91199493408205,-150.43727111816406,973.5714721679688,-92.4350814819336,-51.8421516418457,493.2785339355469,-135.55728149414062,-286.3150329589844,857.0122680664062
143.48634338378906,-315.4884948730469,135.250732421875,177.41909790039062,-201.53140258789065,978.2841796875,151.64324951171875,-297.40380859375,500.5605163574219,272.2911071777344,-127.5842742919922,813.8809204101562,-78.63609313964844,166.05679321289062,195.9206085205078,-122.80514526367188,-151.50550842285156,973.3604736328124,-92.69117736816406,-59.70367431640625,491.8974914550781,-136.11770629882812,-281.0543212890625,855.5316162109375
143.68182373046875,-306.9296569824219,134.8577423095703,178.5070037841797,-202.7224578857422,979.9960327148438,153.29559326171875,-295.4833679199219,500.8334045410156,273.519287109375,-133.244140625,814.7221069335938,-78.88721466064453,164.29766845703125,201.68862915039065,-121.70049285888672,-152.3854217529297,973.2352905273438,-93.209228515625,-68.16088104248047,490.43310546875,-136.80731201171875,-275.6669311523437,854.232666015625
143.8199005126953,-298.0865173339844,134.53082275390625,179.59805297851562,-203.71530151367188,981.7222290039062,154.89910888671875,-292.8202514648437,500.9646911621094,274.7633056640625,-139.10662841796875,815.7330932617188,-79.10880279541016,161.32443237304688,207.71810913085935,-120.60382843017578,-153.0524444580078,973.2015380859376,-93.93551635742188,-77.12718200683594,488.9524536132813,-137.61634826660156,-270.1741027832031,853.114990234375
143.9011688232422,-288.9837646484375,134.25990295410156,180.6858062744141,-204.49610900878903,983.436279296875,156.41966247558594,-289.385986328125,500.9521789550781,276.0114440917969,-145.15818786621094,816.910888671875,-79.29163360595703,157.15956115722656,213.92971801757807,-119.51956939697266,-153.4901580810547,973.2666625976562,-94.80683135986328,-86.5112533569336,487.54010009765625,-138.53453063964844,-264.5968322753906,852.1760864257812
143.93174743652344,-279.65435791015625,134.0334930419922,181.7652130126953,-205.0532989501953,985.114990234375,157.8389129638672,-285.1830139160156,500.8041076660156,277.251708984375,-151.38409423828125,818.2525024414062,-79.4296646118164,151.85772705078125,220.22869873046875,-118.45081329345705,-153.69097900390625,973.4393310546876,-95.75660705566406,-96.22054290771484,486.2921752929688,-139.5511016845703,-258.955810546875,851.4111328125
143.9219512939453,-270.1363525390625,133.83990478515625,182.83303833007807,-205.3774871826172,986.7386474609376,159.15501403808594,-280.2449951171875,500.5375061035156,278.4718017578125,-157.76849365234375,819.7554321289062,-79.52062225341797,145.5027313232422,226.5095977783203,-117.39952087402344,-153.65609741210938,973.7294921875,-96.72071838378906,-106.1639175415039,485.3087768554688,-140.65499877929688,-253.2711181640625,850.8137817382812
143.88461303710938,-260.4691772460937,133.66839599609375,183.887939453125,-205.46153259277344,988.2909545898438,160.3804473876953,-274.6334228515625,500.1755981445313,279.659423828125,-164.2943572998047,821.4171142578125,-79.56660461425781,138.20127868652344,232.6610107421875,-116.36681365966795,-153.39492797851562,974.1471557617188,-97.64252471923828,-116.253662109375,484.6855773925781,-141.83480834960938,-247.5621795654297,850.3757934570312
143.83340454101562,-250.69058227539065,133.50997924804688,184.9304962158203,-205.3006591796875,989.7592163085938,161.53712463378906,-268.4317932128906,499.7448120117188,280.80230712890625,-170.943603515625,823.2351684570312,-79.57429504394531,130.07373046875,238.5690460205078,-115.35321044921876,-152.924072265625,974.7015380859376,-98.4762954711914,-126.40652465820312,484.505126953125,-143.07888793945312,-241.84747314453125,850.0877075195312
143.78115844726562,-240.833984375,133.3580322265625,185.96290588378903,-204.89268493652344,991.1337280273438,162.64974975585938,-261.73760986328125,499.2718505859375,281.888427734375,-177.6971435546875,825.2071533203125,-79.55467987060547,121.24310302734376,244.11892700195312,-114.3588638305664,-152.26585388183594,975.400390625,-99.1888656616211,-136.54397583007812,484.8299865722656,-144.37525939941406,-236.14454650878903,849.9388427734375
143.73846435546875,-230.92710876464844,133.20858764648438,186.9885406494141,-204.23825073242188,992.407470703125,163.73831176757812,-254.65370178222656,498.7814025878906,282.9061279296875,-184.53515625,827.3304443359375,-79.52202606201172,111.82420349121094,249.1954803466797,-113.38369750976562,-151.44662475585938,976.2487182617188,-99.75955963134766,-146.5912322998047,485.6974182128906,-145.711669921875,-230.46975708007807,849.9170532226562
143.71253967285156,-220.9913787841797,133.06027221679688,188.0114288330078,-203.3409576416016,993.5751953125,164.81167602539062,-247.279541015625,498.2939758300781,283.84423828125,-191.43716430664065,829.6017456054688,-79.49238586425781,101.91511535644533,253.68460083007807,-112.42765045166016,-150.4949951171875,977.2477416992188,-100.17932891845705,-156.4765167236328,487.1168212890625,-147.07554626464844,-224.83831787109372,850.0094604492188
143.70654296875,-211.0424346923828,132.91403198242188,189.0355529785156,-202.20755004882807,994.63330078125,165.8636016845703,-239.7040863037109,497.8248596191406,284.6922302246094,-198.3823089599609,832.0171508789062,-79.48223876953125,91.5919418334961,257.47674560546875,-111.49080657958984,-149.44021606445312,978.39453125,-100.44947814941406,-166.13125610351562,489.0695495605469,-148.45399475097656,-219.2642059326172,850.2019653320312
143.719482421875,-201.0911102294922,132.77259826660156,190.0643615722656,-200.84783935546875,995.5789184570312,166.87257385253906,-232.0002899169922,497.3834533691406,285.4403381347656,-205.3495635986328,834.5718383789062,-79.50743103027344,80.9072265625,260.472412109375,-110.57361602783205,-148.310546875,979.6810913085938,-100.57984924316406,-175.49147033691406,491.5106201171875,-149.83392333984375,-213.76007080078125,850.479736328125
143.74676513671875,-191.14456176757807,132.63987731933594,191.1001892089844,-199.2745513916016,996.4093627929688,167.80589294433594,-224.22206115722656,496.9736633300781,286.0797119140625,-212.3180389404297,837.2598266601562,-79.58206939697266,69.89144897460938,262.58868408203125,-109.67701721191406,-147.13214111328125,981.094482421875,-100.58656311035156,-184.5005340576172,494.3724060058594,-151.20205688476562,-208.3372802734375,850.8272094726562
143.7811737060547,-181.20726013183597,132.5201416015625,192.1439514160156,-197.5030975341797,997.1221313476562,168.62705993652344,-216.4032745361328,496.5949096679688,286.6024475097656,-219.2671813964844,840.0741577148438,-79.71753692626953,58.55669021606445,263.7653503417969,-108.80261993408205,-145.927978515625,982.6167602539062,-100.48912048339844,-193.112060546875,497.5698852539063,-152.54510498046875,-203.00596618652344,851.228271484375
143.814208984375,-171.28173828125,132.41746520996094,193.1948699951172,-195.5510406494141,997.7145385742188,169.30450439453125,-208.5593719482422,496.2435607910156,287.0017395019531,-226.17706298828125,843.0064086914062,-79.92202758789062,46.90088653564453,263.9690246582031,-107.95272827148438,-144.71743774414062,984.2256469726562,-100.30669403076172,-201.29132080078125,501.0078125,-153.84999084472656,-197.77505493164065,851.6666259765625
143.8374786376953,-161.369140625,132.3351287841797,194.25035095214844,-193.4375,998.184326171875,169.8186798095703,-200.6915283203125,495.9143981933594,287.27178955078125,-233.0285797119141,846.04736328125,-80.2006607055664,34.91191864013672,263.1948547363281,-107.13040924072266,-143.5159149169922,985.8952026367188,-100.05465698242188,-209.01483154296875,504.5884399414063,-155.1039581298828,-192.6522979736328,852.1258544921875
143.84378051757812,-151.4695281982422,132.27517700195312,195.30601501464844,-191.1822967529297,998.529296875,170.165771484375,-192.79283142089844,495.6016845703125,287.4078369140625,-239.80377197265625,849.1866455078125,-80.55585479736328,22.571752548217773,261.4657592773437,-106.33943176269533,-142.33494567871094,987.59716796875,-99.74200439453124,-216.2684326171875,508.2188415527344,-156.2948455810547,-187.6443634033203,852.5897827148438
143.8278045654297,-141.58226013183594,132.23829650878906,196.35585021972656,-188.8052215576172,998.7481689453124,170.35691833496094,-184.8550567626953,495.2995910644531,287.40606689453125,-246.4858856201172,852.4132690429688,-80.98786163330078,9.85986042022705,258.82965087890625,-105.5841827392578,-141.18246459960938,989.3019409179688,-99.37013244628906,-223.04415893554688,511.8164978027344,-157.4111785888672,-182.75698852539065,853.0427856445312
143.78652954101562,-131.70660400390625,132.22377014160156,197.3924865722656,-186.3253936767578,998.8401489257812,170.41453552246094,-176.87460327148438,495.0025329589844,287.2636413574219,-253.0596618652344,855.7158203125,-81.4954833984375,-3.244651556015014,255.35499572753903,-104.8695068359375,-140.063232421875,990.9798583984376,-98.93319702148438,-229.3371734619141,515.3123779296875,-158.4424591064453,-177.9949188232422,853.4701538085938
143.71893310546875,-121.8423843383789,132.22982788085938,198.40765380859372,-183.7608184814453,998.8054809570312,170.36709594726562,-168.85598754882812,494.7051696777344,286.9784240722656,-259.51141357421875,859.0829467773438,-82.07672119140625,-16.762067794799805,251.1255340576172,-104.2005386352539,-138.97938537597656,992.602294921875,-98.42023468017578,-235.14356994628903,518.6511840820312,-159.3792266845703,-173.36216735839844,853.8580932617188
143.62554931640625,-111.99028778076172,132.25384521484375,199.39273071289065,-181.12799072265625,998.6449584960938,170.24424743652344,-160.81304931640625,494.4025268554688,286.5489501953125,-265.8291015625,862.50341796875,-82.72921752929688,-30.711578369140625,246.23501586914065,-103.58246612548828,-137.93106079101562,994.142822265625,-97.8183822631836,-240.4592742919922,521.789794921875,-160.213134765625,-168.8619384765625,854.1943969726562
143.50779724121094,-102.15179443359376,132.29275512695312,200.33929443359372,-178.44180297851562,998.3602905273438,170.07278442382812,-152.76797485351562,494.0899658203125,285.9742736816406,-272.0023498535156,865.9668579101562,-83.44976043701172,-45.11051177978516,240.7819976806641,-103.02032470703124,-136.9169464111328,995.577880859375,-97.1159896850586,-245.27931213378903,524.6939086914062,-160.9371337890625,-164.496826171875,854.4681396484375
143.3673553466797,-92.32907104492188,132.34336853027344,201.239501953125,-175.7152099609375,997.9533081054688,169.87417602539062,-144.7490692138672,493.76312255859375,285.25390625,-278.0223999023437,869.4638671875,-84.23330688476562,-59.97311782836914,234.86489868164065,-102.51880645751952,-135.93487548828125,996.88720703125,-96.30482482910156,-249.5974884033203,527.3359985351562,-161.5453643798828,-160.2688446044922,854.6702270507812
143.2057342529297,-82.52467346191406,132.40260314941406,202.0865020751953,-172.95928955078125,997.4262084960938,169.6634521484375,-136.78770446777344,493.4181823730469,284.3876342773437,-283.8821105957031,872.9861450195312,-85.07254028320312,-75.30972290039062,228.57745361328125,-102.08204650878906,-134.98233032226562,998.0542602539062,-95.38109588623048,-253.4066467285156,529.6931762695312,-162.03317260742188,-156.1795196533203,854.7931518554688
143.0239715576172,-72.74131774902344,132.46768188476562,202.87457275390625,-170.18304443359375,996.78125,169.4495391845703,-128.91506958007812,493.0517883300781,283.3755187988281,-289.5758056640625,876.52685546875,-85.9583969116211,-91.12667083740234,222.00433349609372,-101.71351623535156,-134.0569305419922,999.0660400390624,-94.34529876708984,-256.6992492675781,531.7467651367188,-162.39700317382812,-152.22994995117188,854.8309936523438
142.82247924804688,-62.98152923583984,132.5362548828125,203.5991973876953,-167.39349365234375,996.0203857421876,169.2365264892578,-121.1588897705078,492.6614379882813,282.2176513671875,-295.0992126464844,880.080810546875,-86.88123321533203,-107.42694091796876,215.2175750732422,-101.41594696044922,-133.15663146972656,999.9129638671876,-93.20105743408205,-259.4679870605469,533.48193359375,-162.6343231201172,-148.42092895507812,854.779541015625
142.6011505126953,-53.24745559692383,132.6063995361328,204.25711059570312,-164.5956573486328,995.14501953125,169.0253143310547,-113.54117584228516,492.2455139160156,280.91424560546875,-300.4493408203125,883.64404296875,-87.83208465576172,-124.2109832763672,208.2741241455078,-101.1912841796875,-132.2799530029297,1000.5884399414062,-91.9536361694336,-261.7065734863281,534.8878173828125,-162.74339294433594,-144.75294494628906,854.6358032226562
142.3595428466797,-43.540672302246094,132.6767120361328,204.84613037109372,-161.79275512695312,994.1564331054688,168.81527709960938,-106.07732391357422,491.8031005859375,279.4654235839844,-305.6242370605469,887.2139282226562,-88.80363464355469,-141.47781372070312,201.21490478515625,-101.04077911376952,-131.42593383789062,1001.0882568359376,-90.60836791992188,-263.4101257324219,535.9571533203125,-162.72317504882812,-141.226318359375,854.3978271484375
142.09710693359375,-33.86217498779297,132.7462158203125,205.36497497558597,-158.98654174804688,993.0552368164062,168.60543823242188,-98.77659606933594,491.3338928222656,277.871337890625,-310.6228332519531,890.7890014648438,-89.79078674316406,-159.2259979248047,194.06573486328125,-100.96509552001952,-130.59397888183594,1001.4100952148438,-89.16947937011719,-264.5752258300781,536.6854248046875,-162.57308959960938,-137.84120178222656,854.0646362304688
141.8134307861328,-24.21246337890625,132.81431579589844,205.81304931640625,-156.1778564453125,991.841796875,168.39511108398438,-91.6436004638672,490.8377990722656,276.1320495605469,-315.44451904296875,894.3685302734375,-90.7906494140625,-177.45448303222656,186.8399810791016,-100.9645538330078,-129.78384399414062,1001.5529174804688,-87.63951110839844,-265.2001037597656,537.0704345703125,-162.29286193847656,-134.59767150878906,853.6356811523438
141.50827026367188,-14.591700553894045,132.8807830810547,206.19017028808597,-153.366943359375,990.5162353515624,168.18399047851562,-84.67996215820312,490.3148498535156,274.24755859375,-320.08917236328125,897.9522094726562,-91.80207824707033,-196.16275024414065,179.5426025390625,-101.03923797607422,-128.99542236328125,1001.5162353515624,-86.01950073242188,-265.2839660644531,537.1114501953125,-161.8824462890625,-131.49575805664062,853.1109008789062
